
	1234.2226254 15 100000.0
	1213.3125656 16 100000.0
	1192.8360881 17 100000.0
	1170.79636005 18 100000.0
	1146.30289772 19 100000.0
	1118.98644232 20 100000.0
	363.770450061 21 100000.0
	374.745015857 22 100000.0
	385.131663774 23 100000.0
	395.038894788 24 100000.0
	404.548135289 25 100000.0
	413.720670075 26 100000.0
	422.603039652 27 100000.0
	431.231059777 28 100000.0
	439.632731823 29 100000.0
	447.830317103 30 100000.0
	455.841805129 31 100000.0
	463.681952191 32 100000.0
	1237.55101093 15 200000.0
	1217.02487291 16 200000.0
	1196.90371641 17 200000.0
	1175.22988369 18 200000.0
	1151.14106343 19 200000.0
	1124.29311605 20 200000.0
	1094.51017108 21 200000.0
	1061.58248207 22 200000.0
	369.60212719 23 200000.0
	381.742453602 24 200000.0
	392.981274898 25 200000.0
	403.53131128 26 200000.0
	413.537593445 27 200000.0
	423.101960639 28 200000.0
	432.29778197 29 200000.0
	441.17920146 30 200000.0
	449.787100085 31 200000.0
	458.153014864 32 200000.0
	1240.85849443 15 300000.0
	1220.70651924 16 300000.0
	1200.9305351 17 300000.0
	1179.61092368 18 300000.0
	1155.91238356 19 300000.0
	1129.51436204 20 300000.0
	1100.266933 21 300000.0
	1067.99481056 22 300000.0
	1032.37822699 23 300000.0
	992.849277717 24 300000.0
	378.87907772 25 300000.0
	391.605283421 26 300000.0
	403.253864528 27 300000.0
	414.103323499 28 300000.0
	424.334652134 29 300000.0
	434.070895445 30 300000.0
	443.398754592 31 300000.0
	452.381218365 32 300000.0
	1244.14582382 15 400000.0
	1224.35862049 16 400000.0
	1204.91809944 17 400000.0
	1183.94161257 18 400000.0
	1160.61979531 19 400000.0
	1134.65429337 20 400000.0
	1105.91905726 21 400000.0
	1074.26989388 22 400000.0
	1039.43295932 23 400000.0
	1000.9144132 24 400000.0
	957.875809255 25 400000.0
	376.758944475 26 400000.0
	391.095406292 27 400000.0
	403.854707112 28 400000.0
	415.517353656 29 400000.0
	426.36984618 30 400000.0
	436.59590138 31 400000.0
	446.319536115 32 400000.0
	1247.41370385 15 500000.0
	1227.98222843 16 500000.0
	1208.86787258 17 500000.0
	1188.22395003 18 500000.0
	1165.26604027 19 500000.0
	1139.71672595 20 500000.0
	1111.47198628 21 500000.0
	1080.41576094 22 500000.0
	1046.31502948 23 500000.0
	1008.74052783 24 500000.0
	966.964268766 25 500000.0
	919.767351213 26 500000.0
	865.007175084 27 500000.0
	391.649540304 28 500000.0
	405.465679916 29 500000.0
	417.8635799 30 500000.0
	429.258154236 31 500000.0
	439.900432141 32 500000.0
	1250.66279879 15 600000.0
	1231.57833505 16 600000.0
	1212.78123217 17 600000.0
	1192.45981302 18 600000.0
	1169.85368063 19 600000.0
	1144.70520551 20 600000.0
	1116.93073941 21 600000.0
	1086.43974434 22 600000.0
	1053.03560672 23 600000.0
	1016.34560737 24 600000.0
	975.736289115 25 600000.0
	930.160900311 26 600000.0
	877.829543782 27 600000.0
	815.37494654 28 600000.0
	393.457932013 29 600000.0
	408.193223195 30 600000.0
	421.197713828 31 600000.0
	433.024204637 32 600000.0
	1253.89373512 15 700000.0
	1235.14787651 16 700000.0
	1216.65947633 17 700000.0
	1196.6509651 18 700000.0
	1174.3851138 19 700000.0
	1149.62303169 20 700000.0
	1122.2999546 21 700000.0
	1092.3485573 22 700000.0
	1059.60479297 23 700000.0
	1023.74565201 24 700000.0
	984.219024747 25 700000.0
	940.122087502 26 700000.0
	889.947633895 27 700000.0
	830.977848686 28 700000.0
	757.496859873 29 700000.0
	396.672768231 30 700000.0
	412.099812783 31 700000.0
	425.537469794 32 700000.0
	1257.10710385 15 800000.0
	1238.69173684 16 800000.0
	1220.50382922 17 800000.0
	1200.79906478 18 800000.0
	1178.86258565 19 800000.0
	1154.47327951 20 800000.0
	1127.58392514 21 800000.0
	1098.14836028 22 800000.0
	1066.03175326 23 800000.0
	1030.95495717 24 800000.0
	992.436223728 25 800000.0
	949.693961352 26 800000.0
	901.450222384 27 800000.0
	845.483518159 28 800000.0
	777.419666769 29 800000.0
	381.639566501 30 800000.0
	401.37059927 31 800000.0
	417.188821546 32 800000.0
	1260.3034628 15 900000.0
	1242.21075135 16 900000.0
	1224.31544615 17 900000.0
	1204.90567328 18 900000.0
	1183.28820241 19 900000.0
	1159.25881865 20 900000.0
	1132.78663212 21 900000.0
	1103.84481902 22 900000.0
	1072.32482681 23 900000.0
	1037.98634636 24 900000.0
	1000.40877563 25 900000.0
	958.913331055 26 900000.0
	912.40993718 27 900000.0
	859.06325681 28 900000.0
	795.453412241 29 900000.0
	713.851858379 30 900000.0
	387.608772079 31 900000.0
	407.521460542 32 900000.0
	1263.48333862 15 1000000.0
	1245.70570973 16 1000000.0
	1228.09541818 17 1000000.0
	1208.97226152 18 1000000.0
	1187.66394152 19 1000000.0
	1163.98233067 20 1000000.0
	1137.91177321 21 1000000.0
	1109.44315515 22 1000000.0
	1078.4916223 23 1000000.0
	1044.85136548 24 1000000.0
	1008.15515297 25 1000000.0
	967.811924634 26 1000000.0
	922.886997979 27 1000000.0
	871.850114305 28 1000000.0
	811.980725113 29 1000000.0
	737.647734448 30 1000000.0
	632.764920267 31 1000000.0
	395.534233532 32 1000000.0
	1266.64722877 15 1100000.0
	1249.17735902 16 1100000.0
	1231.8447765 17 1100000.0
	1213.00021654 18 1100000.0
	1191.99166144 19 1100000.0
	1168.64632459 20 1100000.0
	1142.96278827 21 1100000.0
	1114.94819057 22 1100000.0
	1084.53909967 23 1100000.0
	1051.56044606 24 1100000.0
	1015.69177018 25 1100000.0
	976.41728821 26 1100000.0
	932.93192178 27 1100000.0
	883.949670795 28 1100000.0
	827.275076333 29 1100000.0
	758.675997687 30 1100000.0
	667.854461601 31 1100000.0
	377.760611958 32 1100000.0
	1269.79560324 15 1200000.0
	1252.62640624 16 1200000.0
	1235.56449635 17 1200000.0
	1216.9908474 18 1200000.0
	1196.2731106 19 1200000.0
	1173.25315081 20 1200000.0
	1147.94288212 21 1200000.0
	1120.36438651 22 1200000.0
	1090.47364101 23 1200000.0
	1058.1230433 24 1200000.0
	1023.03327816 25 1200000.0
	984.753493359 26 1200000.0
	942.587521775 27 1200000.0
	895.44722493 28 1200000.0
	841.539473425 29 1200000.0
	777.60622877 30 1200000.0
	696.59540961 31 1200000.0
	575.767031705 32 1200000.0
