
	7284.89524711 15 100000.0
	7641.89570148 16 100000.0
	8044.44418243 17 100000.0
	8496.73833961 18 100000.0
	9002.10332789 19 100000.0
	9565.63512037 20 100000.0
	11741.0533153 21 100000.0
	11489.3267779 22 100000.0
	11308.9898171 23 100000.0
	11175.332187 24 100000.0
	11073.0225666 25 100000.0
	10992.3205554 26 100000.0
	10926.9109047 27 100000.0
	10872.6211751 28 100000.0
	10826.6435532 29 100000.0
	10787.0537234 30 100000.0
	10752.508832 31 100000.0
	10722.0553294 32 100000.0
	7268.87216074 15 200000.0
	7620.96503643 16 200000.0
	8018.69047008 17 200000.0
	8465.45005856 18 200000.0
	8963.86359983 19 200000.0
	9518.21409131 20 200000.0
	10137.2109713 21 200000.0
	10836.9053335 22 200000.0
	13264.8626453 23 200000.0
	12694.6659801 24 200000.0
	12299.6060232 25 200000.0
	12012.9102276 26 200000.0
	11796.6486704 27 200000.0
	11628.0448923 28 200000.0
	11492.8342052 29 200000.0
	11381.7731756 30 200000.0
	11288.6953853 31 200000.0
	11209.3798292 32 200000.0
	7253.13367579 15 300000.0
	7600.43781141 16 300000.0
	7993.49053251 17 300000.0
	8434.9216642 18 300000.0
	8926.68142624 19 300000.0
	9472.29846489 20 300000.0
	10079.4294762 21 300000.0
	10762.4493823 22 300000.0
	11546.1587086 23 300000.0
	12472.7176348 24 300000.0
	14488.5107283 25 300000.0
	13662.6528295 26 300000.0
	13098.6650111 27 300000.0
	12691.9060134 28 300000.0
	12385.7957257 29 300000.0
	12147.3592682 30 300000.0
	11956.2924375 31 300000.0
	11799.5449923 32 300000.0
	7237.67045017 15 400000.0
	7580.29975909 16 400000.0
	7968.82277022 17 400000.0
	8405.12012831 18 400000.0
	8890.50519036 19 400000.0
	9427.80503035 20 400000.0
	10023.7159209 21 400000.0
	10691.1100304 22 400000.0
	11452.2179727 23 400000.0
	12344.426314 24 400000.0
	13432.4755675 25 400000.0
	16726.8328506 26 400000.0
	15237.580327 27 400000.0
	14292.3374709 28 400000.0
	13642.5877723 29 400000.0
	13170.1763998 30 400000.0
	12811.7887984 31 400000.0
	12530.6266601 32 400000.0
	7222.47359209 15 500000.0
	7560.53734748 16 500000.0
	7944.66679705 17 500000.0
	8376.01446901 18 500000.0
	8855.28683767 19 500000.0
	9384.65703808 20 500000.0
	9969.94296342 21 500000.0
	10622.6654315 22 500000.0
	11362.7858594 23 500000.0
	12223.5705106 24 500000.0
	13261.5588208 25 500000.0
	14579.4062763 26 500000.0
	16386.7194261 27 500000.0
	16974.1235692 28 500000.0
	15543.1212868 29 500000.0
	14607.5514932 30 500000.0
	13949.4537546 31 500000.0
	13461.8994768 32 500000.0
	7207.53463217 15 600000.0
	7541.13773098 16 600000.0
	7921.00335216 17 600000.0
	8347.5755875 18 600000.0
	8820.98156036 19 600000.0
	9342.78355819 20 600000.0
	9917.99421721 21 600000.0
	10556.9156732 22 600000.0
	11277.4981947 23 600000.0
	12109.4333353 24 600000.0
	13102.3443417 25 600000.0
	14343.9241889 26 600000.0
	16005.7813431 27 600000.0
	18485.6503487 28 600000.0
	18780.8728039 29 600000.0
	16784.2688274 30 600000.0
	15540.6194307 31 600000.0
	14691.3650336 32 600000.0
	7192.84549765 15 700000.0
	7522.08870532 16 700000.0
	7897.81421981 17 700000.0
	8319.7761206 18 700000.0
	8787.54751567 19 700000.0
	9302.11891615 20 700000.0
	9867.76305063 21 700000.0
	10493.6800306 22 700000.0
	11196.0314296 23 700000.0
	12001.3926169 24 700000.0
	12953.5142751 25 700000.0
	14127.8412805 26 700000.0
	15666.5338007 27 700000.0
	17879.2970216 28 700000.0
	21632.9162271 29 700000.0
	20518.0887116 30 700000.0
	17937.3158724 31 700000.0
	16394.6945291 32 700000.0
	7178.39848849 15 800000.0
	7503.37866623 16 800000.0
	7875.08215609 17 800000.0
	8292.59030739 18 800000.0
	8754.94557397 19 800000.0
	9262.60219456 20 800000.0
	9819.15154537 21 800000.0
	10432.7946306 22 800000.0
	11118.0969284 23 800000.0
	11898.9052455 24 800000.0
	12813.9524821 25 800000.0
	13928.5629938 26 800000.0
	15361.7246562 27 800000.0
	17359.1025852 28 800000.0
	20544.9224267 29 800000.0
	28810.5261619 30 800000.0
	22016.6599159 31 800000.0
	18924.9207149 32 800000.0
	7164.18625528 15 900000.0
	7484.99657125 16 900000.0
	7852.79082194 17 900000.0
	8265.9938683 18 900000.0
	8723.13909278 19 900000.0
	9224.17679214 20 900000.0
	9772.0695889 21 900000.0
	10374.110459 22 900000.0
	11043.4362156 23 900000.0
	11801.4945845 24 900000.0
	12682.706195 25 900000.0
	13743.9616445 26 900000.0
	15085.7691991 27 900000.0
	16906.0856611 28 900000.0
	19669.1401186 29 900000.0
	24866.807173 30 900000.0
	30907.9343629 31 900000.0
	23127.334794 32 900000.0
	7150.20177864 15 1000000.0
	7466.93190457 16 1000000.0
	7830.92472179 17 1000000.0
	8239.96389531 18 1000000.0
	8692.09371365 19 1000000.0
	9186.79003225 20 1000000.0
	9726.43408089 21 1000000.0
	10317.4916495 22 1000000.0
	10971.8169957 23 1000000.0
	11708.7402621 24 1000000.0
	12558.9562596 25 1000000.0
	13572.273011 26 1000000.0
	14834.2853955 27 1000000.0
	16506.6836464 28 1000000.0
	18943.7414636 29 1000000.0
	23143.8849164 30 1000000.0
	33968.2933548 31 1000000.0
	31761.3633243 32 1000000.0
	7136.43835019 15 1100000.0
	7449.17464449 16 1100000.0
	7809.46914726 17 1100000.0
	8214.47875211 18 1100000.0
	8661.77717923 19 1100000.0
	9150.39281439 20 1100000.0
	9682.16823705 21 1100000.0
	10262.8140102 22 1100000.0
	10903.029802 23 1100000.0
	11620.2698279 24 1100000.0
	12441.993776 25 1100000.0
	13412.0197037 26 1100000.0
	14603.7786095 27 1100000.0
	16150.9077348 28 1100000.0
	18329.5852324 29 1100000.0
	21840.8744913 30 1100000.0
	29322.8589261 31 1100000.0
	64860.0750746 32 1100000.0
	7122.88955474 15 1200000.0
	7431.71523342 16 1200000.0
	7788.41012548 17 1200000.0
	8189.51798303 18 1200000.0
	8632.15916815 19 1200000.0
	9114.93930319 20 1200000.0
	9639.20097645 21 1200000.0
	10209.9637484 22 1200000.0
	10836.885158 23 1200000.0
	11535.7518816 24 1200000.0
	12331.2015682 25 1200000.0
	13261.9534695 26 1200000.0
	14391.4220395 27 1200000.0
	15831.2129365 28 1200000.0
	17800.5109798 29 1200000.0
	20809.9335264 30 1200000.0
	26464.0821232 31 1200000.0
	45246.1434874 32 1200000.0
