
	2021.77844398 15 100000.0
	2307.60948588 16 100000.0
	2644.53202021 17 100000.0
	3025.13535577 18 100000.0
	3450.64429624 19 100000.0
	3928.56651525 20 100000.0
	5359.7905707 21 100000.0
	5174.31654958 22 100000.0
	5035.21914307 23 100000.0
	4926.91676872 24 100000.0
	4839.97269579 25 100000.0
	4768.42152118 26 100000.0
	4708.34658396 27 100000.0
	4657.08584208 28 100000.0
	4612.77113693 29 100000.0
	4574.05201868 30 100000.0
	4539.92535666 31 100000.0
	4509.62739811 32 100000.0
	2004.10666316 15 200000.0
	2286.78990023 16 200000.0
	2619.47438802 17 200000.0
	2994.5771894 18 200000.0
	3412.94657315 19 200000.0
	3881.44627425 20 200000.0
	4412.49946229 21 200000.0
	5025.41917897 22 200000.0
	6705.57048502 23 200000.0
	6253.03739403 24 200000.0
	5931.38417331 25 200000.0
	5690.86897455 26 200000.0
	5503.86628521 27 200000.0
	5353.94350048 28 200000.0
	5230.78165806 29 200000.0
	5127.60390158 30 200000.0
	5039.78602171 31 200000.0
	4964.06576479 32 200000.0
	1986.82318725 15 300000.0
	2266.44638893 16 300000.0
	2595.02451303 17 300000.0
	2964.82022919 18 300000.0
	3376.33655183 19 300000.0
	3835.84815788 20 300000.0
	4354.81505514 21 300000.0
	4950.9395905 22 300000.0
	5651.26986246 23 300000.0
	6498.90722204 24 300000.0
	7838.13386053 25 300000.0
	7147.41181732 26 300000.0
	6668.4908254 27 300000.0
	6316.36514444 28 300000.0
	6045.9793574 29 300000.0
	5831.33551856 30 300000.0
	5656.43758235 31 300000.0
	5510.92833347 32 300000.0
	1969.91569278 15 400000.0
	2246.56260407 16 400000.0
	2571.15951627 17 400000.0
	2935.83100177 18 400000.0
	3340.76321117 19 400000.0
	3791.69106048 20 400000.0
	4299.19986699 21 400000.0
	4879.54885799 22 400000.0
	5557.28603311 23 400000.0
	6370.86025083 24 400000.0
	7384.64590219 25 400000.0
	9855.90228452 26 400000.0
	8570.41681694 27 400000.0
	7751.56027238 28 400000.0
	7182.85126263 29 400000.0
	6763.78862894 30 400000.0
	6441.36304289 31 400000.0
	6185.01217868 32 400000.0
	1953.37237507 15 500000.0
	2227.12296066 16 500000.0
	2547.85771152 17 500000.0
	2907.57799494 18 500000.0
	3306.17890943 19 500000.0
	3748.89999201 20 500000.0
	4245.53046489 21 500000.0
	4811.03277479 22 500000.0
	5467.7463571 23 500000.0
	6250.10198632 24 500000.0
	7214.47846563 25 500000.0
	8461.6609491 26 500000.0
	10196.4365147 27 500000.0
	10166.5139431 28 500000.0
	8900.90747192 29 500000.0
	8070.56278715 30 500000.0
	7481.77045559 31 500000.0
	7041.18492473 32 500000.0
	1937.18191917 15 600000.0
	2208.11258931 16 600000.0
	2525.09852294 17 600000.0
	2880.03150625 18 600000.0
	3272.53909113 19 600000.0
	3707.40547884 20 600000.0
	4193.6938137 21 600000.0
	4745.19802482 22 600000.0
	5382.29923875 23 600000.0
	6135.94006929 24 600000.0
	7055.75365553 25 600000.0
	8227.93187368 26 600000.0
	9820.15825774 27 600000.0
	12220.9455315 28 600000.0
	11856.1210651 29 600000.0
	10057.4278471 30 600000.0
	8938.51508367 31 600000.0
	8171.32817558 32 600000.0
	1921.33347303 15 700000.0
	2189.51729274 16 700000.0
	2502.86240984 17 700000.0
	2853.16350604 18 700000.0
	3239.80202532 19 700000.0
	3667.14303608 20 700000.0
	4143.58614609 21 700000.0
	4681.86957597 22 700000.0
	5300.63195697 23 700000.0
	6027.77320951 24 700000.0
	6907.19607852 25 700000.0
	8013.14473718 26 700000.0
	9484.55397922 27 700000.0
	11623.8115602 28 700000.0
	15279.1449536 29 700000.0
	13507.1321855 30 700000.0
	11146.8620955 31 700000.0
	9742.21267817 32 700000.0
	1905.81662242 15 800000.0
	2171.32350547 16 800000.0
	2481.13079785 17 800000.0
	2826.94751346 18 800000.0
	3207.92857111 19 800000.0
	3628.05270175 20 800000.0
	4095.11198154 21 800000.0
	4620.8884653 22 800000.0
	5222.46520799 23 800000.0
	5925.0761251 24 800000.0
	6767.72519814 25 800000.0
	7814.78218327 26 800000.0
	9182.56313221 27 800000.0
	11110.8372011 28 800000.0
	14209.8716768 29 800000.0
	21339.3250209 30 800000.0
	14953.640823 31 800000.0
	12093.0177561 32 800000.0
	1890.62136771 15 900000.0
	2153.51825676 16 900000.0
	2459.88601583 17 900000.0
	2801.3584838 18 900000.0
	3176.88196726 19 900000.0
	3590.07862408 20 900000.0
	4048.18327147 21 900000.0
	4562.10990773 22 900000.0
	5147.54856525 23 900000.0
	5827.38744008 24 900000.0
	6636.41824174 25 900000.0
	7630.77985412 26 900000.0
	8908.7512945 27 900000.0
	10663.4740422 28 900000.0
	13348.4117282 29 900000.0
	18426.0225117 30 900000.0
	23419.7040479 31 900000.0
	16045.0564089 32 900000.0
	1875.73810208 15 1000000.0
	2136.08913612 16 1000000.0
	2439.11123791 17 1000000.0
	2776.37270611 18 1000000.0
	3146.62764282 19 1000000.0
	3553.16869492 20 1000000.0
	4002.71865152 21 1000000.0
	4505.40167347 22 1000000.0
	5075.65667874 23 1000000.0
	5734.29987441 24 1000000.0
	6512.48143375 25 1000000.0
	7459.42585918 26 1000000.0
	8658.85589371 27 1000000.0
	10268.4809693 28 1000000.0
	12634.0955769 29 1000000.0
	16733.065408 30 1000000.0
	27350.9896656 31 1000000.0
	24307.7497402 32 1000000.0
	1861.15759133 15 1100000.0
	2119.02426152 16 1100000.0
	2418.79043025 17 1100000.0
	2751.96770981 18 1100000.0
	3117.13304636 19 1100000.0
	3517.27422321 20 1100000.0
	3958.64278542 21 1100000.0
	4450.64268994 22 1100000.0
	5006.58607473 23 1100000.0
	5645.4522283 24 1100000.0
	6395.22742663 25 1100000.0
	7299.28633535 26 1100000.0
	8429.47833921 27 1100000.0
	9916.11316918 28 1100000.0
	12028.5686544 29 1100000.0
	15452.2794903 30 1100000.0
	22778.2987833 31 1100000.0
	56752.47904 32 1100000.0
	1846.87095493 15 1200000.0
	2102.31224975 16 1200000.0
	2398.908302 17 1200000.0
	2728.12217955 18 1200000.0
	3088.36749165 19 1200000.0
	3482.34964339 20 1200000.0
	3915.88578723 21 1200000.0
	4397.72183186 22 1200000.0
	4940.15244633 23 1200000.0
	5560.52278381 24 1200000.0
	6284.05740612 25 1200000.0
	7149.14944033 26 1200000.0
	8217.86981423 27 1200000.0
	9599.0142292 28 1200000.0
	11506.2262653 29 1200000.0
	14438.1885938 30 1200000.0
	19967.9211773 31 1200000.0
	38443.3171359 32 1200000.0
