
	-45532.5129803 15 100000.0
	-38087.8358489 16 100000.0
	-30265.1101474 17 100000.0
	-22016.7807208 18 100000.0
	-13291.6899604 19 100000.0
	-4034.77783003 20 100000.0
	375714.376758 21 100000.0
	382645.687365 22 100000.0
	389440.340365 23 100000.0
	396138.498689 24 100000.0
	402766.381626 25 100000.0
	409341.444465 26 100000.0
	415875.54681 27 100000.0
	422376.927238 28 100000.0
	428851.451837 29 100000.0
	435303.413529 30 100000.0
	441736.050009 31 100000.0
	448151.883646 32 100000.0
	-45747.3396574 15 200000.0
	-38336.0178703 16 200000.0
	-30552.7045023 17 200000.0
	-22350.3729744 18 200000.0
	-13679.1403877 19 200000.0
	-4486.00835297 20 200000.0
	5288.13008079 21 200000.0
	15714.2392651 22 200000.0
	378431.836515 23 200000.0
	386168.849096 24 200000.0
	393603.944067 25 200000.0
	400829.896772 26 200000.0
	407904.830842 27 200000.0
	414866.668183 28 200000.0
	421741.011311 29 200000.0
	428545.689173 30 200000.0
	435293.487919 31 200000.0
	441993.844288 32 200000.0
	-45958.5974136 15 300000.0
	-38580.0016175 16 300000.0
	-30835.2895969 17 300000.0
	-22677.9062473 18 300000.0
	-14059.1526897 19 300000.0
	-4927.94851186 20 300000.0
	4771.94873683 21 300000.0
	15107.2160365 22 300000.0
	26163.2022016 23 300000.0
	38057.1147744 24 300000.0
	382485.77875 25 300000.0
	390877.601566 26 300000.0
	398837.854954 27 300000.0
	406500.922522 28 300000.0
	413949.216352 29 300000.0
	421236.076408 30 300000.0
	428397.531642 31 300000.0
	435458.815028 32 300000.0
	-46166.3614703 15 400000.0
	-38819.8836552 16 400000.0
	-31112.9919458 17 400000.0
	-22999.5498702 18 400000.0
	-14431.9589632 19 400000.0
	-5360.92538281 20 400000.0
	4267.14033416 21 400000.0
	14514.9830292 22 400000.0
	25461.933051 23 400000.0
	37215.4866743 24 400000.0
	49931.1138311 25 400000.0
	378555.180421 26 400000.0
	388122.024787 27 400000.0
	396930.100549 28 400000.0
	405244.711258 29 400000.0
	413216.087946 30 400000.0
	420936.595127 31 400000.0
	428466.459853 32 400000.0
	-46370.7045359 15 500000.0
	-39055.7569957 16 500000.0
	-31385.9329228 17 500000.0
	-23315.4655332 18 500000.0
	-14797.7795924 19 500000.0
	-5785.24741757 20 500000.0
	3773.25926607 21 500000.0
	13936.8709438 22 500000.0
	24779.4554517 23 500000.0
	36399.8423309 24 500000.0
	48938.790432 25 500000.0
	62610.6503775 26 500000.0
	77771.5336781 27 500000.0
	385506.942901 28 500000.0
	395243.184749 29 500000.0
	404242.824919 30 500000.0
	412750.012598 31 500000.0
	420906.747196 32 500000.0
	-46571.6969254 15 600000.0
	-39287.711284 16 600000.0
	-31654.2290551 17 600000.0
	-23625.8077684 18 600000.0
	-15156.8240732 19 600000.0
	-6201.20591569 20 600000.0
	3289.88810626 21 600000.0
	13372.2592412 22 600000.0
	24114.8034422 23 600000.0
	35608.5855665 24 600000.0
	47981.4627411 25 600000.0
	61424.4516412 26 600000.0
	76246.0082066 27 600000.0
	93005.1113693 28 600000.0
	383215.767036 29 600000.0
	393910.126414 30 600000.0
	403592.121493 31 600000.0
	412622.381485 32 600000.0
	-46769.4066712 15 700000.0
	-39515.8329695 16 700000.0
	-31917.9922951 17 700000.0
	-23930.7243943 18 700000.0
	-15509.2917634 19 700000.0
	-6609.07634878 20 700000.0
	2816.63514704 21 700000.0
	12820.5712635 22 700000.0
	23467.090656 23 700000.0
	34840.2764611 24 700000.0
	47056.6123864 25 700000.0
	60287.1041569 26 700000.0
	74800.9776525 27 700000.0
	91066.6024659 28 700000.0
	110045.871639 29 700000.0
	381439.758791 30 700000.0
	393053.755867 31 700000.0
	403375.309655 32 700000.0
	-46963.8996284 15 800000.0
	-39740.2054668 16 800000.0
	-32177.330273 17 800000.0
	-24230.3569237 18 800000.0
	-15855.372567 19 800000.0
	-7009.11955452 20 800000.0
	2353.13220987 21 800000.0
	12281.2699704 22 800000.0
	22835.5013672 23 800000.0
	34093.6106294 24 800000.0
	46162.0076151 25 800000.0
	59194.4154811 26 800000.0
	73427.3981487 27 800000.0
	89258.1514699 28 800000.0
	107452.535283 29 800000.0
	364917.512287 30 800000.0
	380356.886073 31 800000.0
	392775.284174 32 800000.0
	-47155.2395733 15 900000.0
	-39960.9093054 16 900000.0
	-32432.3465306 17 900000.0
	-24524.8409403 18 900000.0
	-16195.2475591 19 900000.0
	-7401.58281604 20 900000.0
	1899.03269199 21 900000.0
	11753.8541961 22 900000.0
	22219.2827964 23 900000.0
	33367.4019157 24 900000.0
	45295.659456 25 900000.0
	58142.7566192 26 900000.0
	72117.7903893 27 900000.0
	87561.0654148 28 900000.0
	105095.069568 29 900000.0
	126120.456023 30 900000.0
	363622.784143 31 900000.0
	380100.314198 32 900000.0
	-47343.4882954 15 1000000.0
	-40178.0222707 16 1000000.0
	-32683.14074 17 1000000.0
	-24814.306446 18 1000000.0
	-16529.0895578 19 1000000.0
	-7786.70083982 20 1000000.0
	1454.0098187 21 1000000.0
	11237.8553539 22 1000000.0
	21617.7384689 23 1000000.0
	32660.56784 24 1000000.0
	44455.7861611 25 1000000.0
	57128.9612372 26 1000000.0
	70865.8851484 27 1000000.0
	85960.7034332 28 1000000.0
	102927.911166 29 1000000.0
	122830.791293 30 1000000.0
	148783.900519 31 1000000.0
	363704.789661 32 1000000.0
	-47528.7056852 15 1100000.0
	-40391.6195347 16 1100000.0
	-32929.8089055 17 1100000.0
	-25098.8781822 18 1100000.0
	-16857.0636494 19 1100000.0
	-8164.69664366 20 1100000.0
	1017.75507519 21 1100000.0
	10732.8345218 22 1100000.0
	21030.2224509 23 1100000.0
	31972.1172785 24 1100000.0
	43640.7840924 25 1100000.0
	56150.2469556 26 1100000.0
	69666.3658181 27 1100000.0
	84445.346521 28 1100000.0
	100918.367527 29 1100000.0
	119917.537901 30 1100000.0
	143520.66901 31 1100000.0
	337450.907963 32 1100000.0
	-47710.9498161 15 1200000.0
	-40601.7737799 16 1200000.0
	-33172.4435533 17 1200000.0
	-25378.6759274 18 1200000.0
	-17179.3276696 19 1200000.0
	-8535.78236463 20 1200000.0
	589.976795861 21 1200000.0
	10238.3798574 22 1200000.0
	20456.1343279 23 1200000.0
	31301.1399716 24 1200000.0
	42849.2036758 25 1200000.0
	55204.153083 26 1200000.0
	68514.6773638 27 1200000.0
	83005.4425792 28 1200000.0
	99042.0536894 29 1200000.0
	117291.253686 30 1200000.0
	139236.297018 31 1200000.0
	170095.877919 32 1200000.0
