
	-44218.01646 15 100000.0
	-36758.2098311 16 100000.0
	-28919.0361258 17 100000.0
	-20652.7255013 18 100000.0
	-11907.8891283 19 100000.0
	-2629.18274754 20 100000.0
	454997.095182 21 100000.0
	466604.949992 22 100000.0
	477999.371616 23 100000.0
	489238.389053 24 100000.0
	500360.425206 25 100000.0
	511391.59977 26 100000.0
	522350.140596 27 100000.0
	533249.113433 28 100000.0
	544098.14406 29 100000.0
	554904.523483 30 100000.0
	565673.928915 31 100000.0
	576410.902048 32 100000.0
	-43121.4705907 15 200000.0
	-35680.1871112 16 200000.0
	-27864.3265879 17 200000.0
	-19626.4483808 18 200000.0
	-10916.2272883 19 200000.0
	-1680.12470797 20 200000.0
	8141.66978346 21 200000.0
	18621.0714123 22 200000.0
	459598.790509 23 200000.0
	472559.965832 24 200000.0
	485045.886401 25 200000.0
	497194.9988 26 200000.0
	509095.02479 27 200000.0
	520804.091278 28 200000.0
	532362.191706 29 200000.0
	543797.776393 30 200000.0
	555131.711418 31 200000.0
	566379.740862 32 200000.0
	-42024.4321407 15 300000.0
	-34601.3295803 16 300000.0
	-26808.3071495 17 300000.0
	-18598.2104284 18 300000.0
	-9921.70549621 19 300000.0
	-726.941142637 20 300000.0
	9043.32276403 21 300000.0
	19457.1020951 22 300000.0
	30601.6010656 23 300000.0
	42596.70051 24 300000.0
	466782.906087 25 300000.0
	480830.177231 26 300000.0
	494194.399479 27 300000.0
	507079.424291 28 300000.0
	519611.514111 29 300000.0
	531873.439395 30 300000.0
	543921.944971 31 300000.0
	555797.417137 32 300000.0
	-40926.930089 15 400000.0
	-33521.6778697 16 400000.0
	-25751.036119 17 400000.0
	-17568.0968257 18 400000.0
	-8924.45047464 19 400000.0
	230.175259843 20 400000.0
	9950.62901815 21 400000.0
	20301.3339854 22 400000.0
	31363.9260586 23 400000.0
	43249.1847881 24 400000.0
	56117.4867729 25 400000.0
	460903.39796 26 400000.0
	476823.423436 27 400000.0
	491556.376241 28 400000.0
	505505.316395 29 400000.0
	518900.104855 30 400000.0
	531883.40038 31 400000.0
	544549.275018 32 400000.0
	-39828.9922305 15 500000.0
	-32441.2708454 16 500000.0
	-24692.5690861 17 500000.0
	-16536.1884455 18 500000.0
	-7924.58191118 19 500000.0
	1191.04369597 20 500000.0
	10863.3081783 21 500000.0
	21153.3172484 22 500000.0
	32137.6298548 23 500000.0
	43918.8662873 24 500000.0
	56643.3664085 25 500000.0
	70534.2172156 26 500000.0
	85962.4837206 27 500000.0
	473274.175751 28 500000.0
	489477.038945 29 500000.0
	504522.668218 30 500000.0
	518783.531683 31 500000.0
	532477.927807 32 500000.0
	-38730.6452355 15 600000.0
	-31360.1457053 16 600000.0
	-23632.9590859 17 600000.0
	-15502.5621371 18 600000.0
	-6922.2129736 19 600000.0
	2155.49427496 20 600000.0
	11781.0988715 21 600000.0
	22012.6367679 22 600000.0
	32922.0249711 23 600000.0
	44604.5406019 24 600000.0
	57194.1571804 25 600000.0
	70891.2807342 26 600000.0
	86019.9738845 27 600000.0
	103168.518877 28 600000.0
	470452.713328 29 600000.0
	488147.323475 30 600000.0
	504266.566794 31 600000.0
	519358.134131 32 600000.0
	-37631.9147055 15 700000.0
	-30278.3380691 16 700000.0
	-22572.2567494 17 700000.0
	-14467.2909871 18 700000.0
	-5917.45077763 19 700000.0
	3123.36714594 20 700000.0
	12703.7570085 21 700000.0
	22878.90858 22 700000.0
	33716.4834582 23 700000.0
	45305.1261778 24 700000.0
	57767.8592873 25 700000.0
	71285.5487215 26 700000.0
	86143.3853905 27 700000.0
	102838.480569 28 700000.0
	122394.406349 29 700000.0
	468637.868801 30 700000.0
	487740.401867 31 700000.0
	504849.073003 32 700000.0
	-36532.8252254 15 800000.0
	-29195.8820629 16 800000.0
	-21510.5104436 17 800000.0
	-13430.4445599 18 800000.0
	-4910.39681273 19 800000.0
	4094.51171252 20 800000.0
	13631.0542649 21 800000.0
	23751.7767623 22 800000.0
	34520.4300458 23 800000.0
	46019.6477012 24 800000.0
	58362.7086257 25 800000.0
	71713.5256354 26 800000.0
	86324.7761125 27 800000.0
	102621.62099 28 800000.0
	121426.172791 29 800000.0
	443208.273512 30 800000.0
	468081.758059 31 800000.0
	488392.953166 32 800000.0
	-35433.4004131 15 900000.0
	-28112.8103974 16 900000.0
	-20447.7664012 17 900000.0
	-12392.0891177 18 900000.0
	-3901.1473302 19 900000.0
	5068.78592434 20 900000.0
	14562.7767298 21 900000.0
	24630.9107106 22 900000.0
	35333.3362675 23 900000.0
	46747.2222566 24 900000.0
	58977.1401312 25 900000.0
	72172.1997846 26 900000.0
	86557.6099051 27 900000.0
	102500.749561 28 900000.0
	120675.69803 29 900000.0
	142605.558631 30 900000.0
	442589.680298 31 900000.0
	468961.294548 32 900000.0
	-34333.6629651 15 1000000.0
	-27029.1544414 16 1000000.0
	-19384.0688408 17 1000000.0
	-11352.2878244 18 1000000.0
	-2889.79369774 19 1000000.0
	6046.05563652 20 1000000.0
	15498.7236987 21 1000000.0
	25516.0027447 22 1000000.0
	36154.7153971 23 1000000.0
	47487.0477125 24 1000000.0
	59609.7581122 25 1000000.0
	72658.955529 26 1000000.0
	86836.4344284 27 1000000.0
	102462.471822 28 1000000.0
	120099.114459 29 1000000.0
	140913.089176 30 1000000.0
	168344.07829 31 1000000.0
	444222.878618 32 1000000.0
	-33233.6347001 15 1100000.0
	-25944.9442901 16 1100000.0
	-18319.4600786 17 1100000.0
	-10311.100933 18 1100000.0
	-1876.42272393 19 1100000.0
	7026.19402919 20 1100000.0
	16438.7065925 21 1100000.0
	26406.7659961 22 1100000.0
	36984.1180669 23 1100000.0
	48238.3929104 24 1100000.0
	60259.3120139 25 1100000.0
	73171.5048799 26 1100000.0
	87156.6477452 27 1100000.0
	102496.120793 28 1100000.0
	119665.125235 29 1100000.0
	139585.041645 30 1100000.0
	164571.812624 31 1100000.0
	405563.631724 32 1100000.0
	-32133.3365999 15 1200000.0
	-24860.2088296 16 1200000.0
	-17253.9806326 17 1200000.0
	-9268.58595885 18 1200000.0
	-861.116955649 19 1200000.0
	8009.08108049 20 1200000.0
	17382.5479878 21 1200000.0
	27302.9325386 22 1200000.0
	37821.1284568 23 1200000.0
	49000.5893289 24 1200000.0
	60924.6764485 25 1200000.0
	73707.8335153 26 1200000.0
	87514.3255647 27 1200000.0
	102593.045129 28 1200000.0
	119350.515079 29 1200000.0
	138531.769965 30 1200000.0
	161805.554224 31 1200000.0
	195106.6981 32 1200000.0
