
	0.091206981488 15 100000.0
	0.0939482308924 16 100000.0
	0.0962480061897 17 100000.0
	0.0981012430863 18 100000.0
	0.0995054063576 19 100000.0
	0.100459413459 20 100000.0
	0.0172403115635 21 100000.0
	0.0180135677837 22 100000.0
	0.0187929227089 23 100000.0
	0.0195745920097 24 100000.0
	0.020355670702 25 100000.0
	0.0211338362178 26 100000.0
	0.0219072001993 27 100000.0
	0.022674230507 28 100000.0
	0.0234337073627 29 100000.0
	0.0241846959036 30 100000.0
	0.0249265260189 31 100000.0
	0.0256587746742 32 100000.0
	0.0912797372356 15 200000.0
	0.0940476378747 16 200000.0
	0.0963752107065 17 200000.0
	0.098257661287 18 200000.0
	0.0996928316034 19 200000.0
	0.100680182144 20 200000.0
	0.101219334888 21 200000.0
	0.101308271657 22 200000.0
	0.0199892887038 23 200000.0
	0.0206640112322 24 200000.0
	0.0213615822808 25 200000.0
	0.0220717012585 26 200000.0
	0.0227879223964 27 200000.0
	0.023505894105 28 200000.0
	0.0242225398199 29 200000.0
	0.0249356394003 30 200000.0
	0.0256435965721 31 200000.0
	0.0263452986736 32 200000.0
	0.0913520418993 15 300000.0
	0.0941464342079 16 300000.0
	0.0965015953493 17 300000.0
	0.0984129831835 18 300000.0
	0.099878790032 19 300000.0
	0.100898977211 20 300000.0
	0.101473904669 21 300000.0
	0.101602679175 22 300000.0
	0.101280931332 23 300000.0
	0.100596040109 24 300000.0
	0.0226498345082 25 300000.0
	0.023217664613 26 300000.0
	0.0238291203041 27 300000.0
	0.0244653941652 28 300000.0
	0.0251157180305 29 300000.0
	0.0257733798637 30 300000.0
	0.026433965577 31 300000.0
	0.0270944921185 32 300000.0
	0.0914239073891 15 400000.0
	0.094244637317 16 400000.0
	0.096627185507 17 400000.0
	0.0985672458494 18 400000.0
	0.100063336254 19 400000.0
	0.101115880369 20 400000.0
	0.101725914076 21 400000.0
	0.10189356433 22 400000.0
	0.101616063836 23 400000.0
	0.100965702514 24 400000.0
	0.0998744673814 25 400000.0
	0.0247774368322 26 400000.0
	0.025147338068 27 400000.0
	0.0256249215753 28 400000.0
	0.0261608939838 29 400000.0
	0.0267309116013 30 400000.0
	0.0273213475846 31 400000.0
	0.0279239195633 32 400000.0
	0.091495345168 15 500000.0
	0.0943422639078 16 500000.0
	0.0967520054182 17 500000.0
	0.0987204845103 18 500000.0
	0.100246521864 19 500000.0
	0.101330968284 20 500000.0
	0.101975479534 21 500000.0
	0.102181109436 22 500000.0
	0.101946528445 23 500000.0
	0.101326221698 24 500000.0
	0.100300278431 25 500000.0
	0.0987796196544 26 500000.0
	0.0967328091112 27 500000.0
	0.0271450027419 28 500000.0
	0.027449039277 29 500000.0
	0.0278645536718 30 500000.0
	0.0283429026339 31 500000.0
	0.0288593115987 32 500000.0
	0.0915663662744 15 600000.0
	0.0944393300068 16 600000.0
	0.0968760782423 17 600000.0
	0.0988727326685 18 600000.0
	0.100428395668 19 600000.0
	0.101544313002 20 600000.0
	0.102222709561 21 600000.0
	0.102465482661 22 600000.0
	0.102272596154 23 600000.0
	0.101673209867 24 600000.0
	0.100717346418 25 600000.0
	0.0992666995054 26 600000.0
	0.0973132449148 27 600000.0
	0.0947719879695 28 600000.0
	0.029188857968 29 600000.0
	0.0292828635778 30 600000.0
	0.0295619792855 31 600000.0
	0.0299407016362 32 600000.0
	0.0916369813442 15 700000.0
	0.0945358509989 16 700000.0
	0.0969994261247 17 700000.0
	0.0990240222174 18 700000.0
	0.100609003884 19 700000.0
	0.10175598232 20 700000.0
	0.102467705485 21 700000.0
	0.102746839495 22 700000.0
	0.102594514346 23 700000.0
	0.102008299287 24 700000.0
	0.101126233401 25 700000.0
	0.0997418508555 26 700000.0
	0.0978743202037 27 700000.0
	0.0954580853133 28 700000.0
	0.0923362040455 29 700000.0
	0.0312374514834 30 700000.0
	0.0310999491817 31 700000.0
	0.0312354627465 32 700000.0
	0.0917072006307 15 800000.0
	0.094631841663 16 800000.0
	0.0971220702568 17 800000.0
	0.0991743835455 18 800000.0
	0.10078839033 19 800000.0
	0.101966040127 20 800000.0
	0.102710562086 21 800000.0
	0.10302532403 22 800000.0
	0.10291250954 23 800000.0
	0.102371330684 24 800000.0
	0.101527398932 25 800000.0
	0.100206100746 26 800000.0
	0.0984181879704 27 800000.0
	0.0961139110919 28 800000.0
	0.0931727865034 29 800000.0
	0.034539319213 30 800000.0
	0.0332339444199 31 800000.0
	0.0328697876455 32 800000.0
	0.0917770340235 15 900000.0
	0.0947273162038 16 900000.0
	0.0972440309325 17 900000.0
	0.0993238456335 18 900000.0
	0.100966596591 19 900000.0
	0.102174546705 20 900000.0
	0.102951368162 21 900000.0
	0.103301070083 22 900000.0
	0.103226789737 23 900000.0
	0.102729207602 24 900000.0
	0.101921191471 25 900000.0
	0.100660335037 26 900000.0
	0.0989466428783 27 900000.0
	0.0967436208251 28 900000.0
	0.093958351089 29 900000.0
	0.090372984626 30 900000.0
	0.0368253423176 31 900000.0
	0.0351201359574 32 900000.0
	0.0918464910666 15 1000000.0
	0.0948222882828 16 1000000.0
	0.097365327599 17 1000000.0
	0.0994724361417 18 1000000.0
	0.101143662172 19 1000000.0
	0.102381559005 20 1000000.0
	0.10319020704 21 1000000.0
	0.103574202173 22 1000000.0
	0.103537546445 23 1000000.0
	0.103082236165 24 1000000.0
	0.102307818149 25 1000000.0
	0.101105321368 26 1000000.0
	0.0994611978415 27 1000000.0
	0.0973505363206 28 1000000.0
	0.0947017024507 29 1000000.0
	0.0913508341035 30 1000000.0
	0.0869174910165 31 1000000.0
	0.0387738700788 32 1000000.0
	0.0919155809744 15 1100000.0
	0.0949167710466 16 1100000.0
	0.0974859789057 17 1100000.0
	0.0996201814923 18 1100000.0
	0.10131962464 19 1100000.0
	0.102587130895 20 1100000.0
	0.103427157028 21 1100000.0
	0.103844836394 22 1100000.0
	0.103844956426 23 1100000.0
	0.103430695281 24 1100000.0
	0.102687262206 25 1100000.0
	0.101541726647 26 1100000.0
	0.0999631408151 27 1100000.0
	0.0979373579369 28 1100000.0
	0.0954095015492 29 1100000.0
	0.092255254016 30 1100000.0
	0.0881873086692 31 1100000.0
	0.0480239034436 32 1100000.0
	0.0919843126479 15 1200000.0
	0.095010777153 16 1200000.0
	0.097606002748 17 1200000.0
	0.099767106944 18 1200000.0
	0.101494519753 19 1200000.0
	0.102791313384 20 1200000.0
	0.103662291822 21 1200000.0
	0.104113081175 22 1200000.0
	0.104149183214 23 1200000.0
	0.103774839866 24 1200000.0
	0.103059034955 25 1200000.0
	0.101970130075 26 1200000.0
	0.100453577626 27 1200000.0
	0.0985063129912 28 1200000.0
	0.0960869060067 29 1200000.0
	0.0931005726343 30 1200000.0
	0.0893339410948 31 1200000.0
	0.084438433787 32 1200000.0
