	2.24426549583e-05 15 100000.0
	2.0120322823e-05 16 100000.0
	1.81749805462e-05 17 100000.0
	1.65137919543e-05 18 100000.0
	1.50744018715e-05 19 100000.0
	1.38115542877e-05 20 100000.0
	1.03616925192e-06 21 100000.0
	1.09654038799e-06 22 100000.0
	1.15474592355e-06 23 100000.0
	1.21118816517e-06 24 100000.0
	1.26615348522e-06 25 100000.0
	1.31985133548e-06 26 100000.0
	1.37243881522e-06 27 100000.0
	1.42403659242e-06 28 100000.0
	1.47473946597e-06 29 100000.0
	1.52462351462e-06 30 100000.0
	1.57375102281e-06 31 100000.0
	1.62217393085e-06 32 100000.0
	2.26029069674e-05 15 200000.0
	2.02646627979e-05 16 200000.0
	1.83069578148e-05 17 200000.0
	1.66361766642e-05 18 200000.0
	1.51894418678e-05 19 200000.0
	1.39211614075e-05 20 200000.0
	1.27963218931e-05 21 200000.0
	1.17867742193e-05 22 200000.0
	1.14839169284e-06 23 200000.0
	1.20916284924e-06 24 200000.0
	1.26740878413e-06 25 200000.0
	1.32363211631e-06 26 200000.0
	1.37818588701e-06 27 200000.0
	1.43132669775e-06 28 200000.0
	1.48324642241e-06 29 200000.0
	1.53409212082e-06 30 200000.0
	1.58397902313e-06 31 200000.0
	1.63299924905e-06 32 200000.0
	2.27630653193e-05 15 300000.0
	2.04088184781e-05 16 300000.0
	1.84386650579e-05 17 300000.0
	1.6758202774e-05 18 300000.0
	1.53040242062e-05 19 300000.0
	1.40301922448e-05 20 300000.0
	1.29014945228e-05 21 300000.0
	1.18897164761e-05 22 300000.0
	1.09712971155e-05 23 300000.0
	1.01255734758e-05 24 300000.0
	1.27272000357e-06 25 300000.0
	1.33121213975e-06 26 300000.0
	1.38745065015e-06 27 300000.0
	1.44185683106e-06 28 300000.0
	1.49473156022e-06 29 300000.0
	1.54629727074e-06 30 300000.0
	1.5967230436e-06 31 300000.0
	1.64614047484e-06 32 300000.0
	2.29231384721e-05 15 400000.0
	2.05528002176e-05 16 400000.0
	1.85701150141e-05 17 400000.0
	1.68798861801e-05 18 400000.0
	1.54181691463e-05 19 400000.0
	1.4138673336e-05 20 400000.0
	1.30059759775e-05 21 400000.0
	1.19917794339e-05 22 400000.0
	1.10725768145e-05 23 400000.0
	1.02279443468e-05 24 400000.0
	9.438976783e-06 25 400000.0
	1.34501344388e-06 26 400000.0
	1.40199359664e-06 27 400000.0
	1.45694936949e-06 28 400000.0
	1.51021228511e-06 29 400000.0
	1.56203646956e-06 30 400000.0
	1.61261773255e-06 31 400000.0
	1.66210905408e-06 32 400000.0
	2.30831345322e-05 15 500000.0
	2.06966179184e-05 16 500000.0
	1.87013198288e-05 17 500000.0
	1.70012419779e-05 18 500000.0
	1.55318958287e-05 19 500000.0
	1.42466295893e-05 20 500000.0
	1.31097997373e-05 21 500000.0
	1.2093009938e-05 22 500000.0
	1.11727813931e-05 23 500000.0
	1.03288821065e-05 24 500000.0
	9.54286089815e-06 25 500000.0
	8.79634103794e-06 26 500000.0
	8.06822053021e-06 27 500000.0
	1.47908404779e-06 28 500000.0
	1.53139933529e-06 29 500000.0
	1.58254661695e-06 30 500000.0
	1.63258778954e-06 31 500000.0
	1.68161396231e-06 32 500000.0
	2.32430612729e-05 15 600000.0
	2.08402810571e-05 16 600000.0
	1.88322910917e-05 17 600000.0
	1.71222845166e-05 18 600000.0
	1.56452223584e-05 19 600000.0
	1.43540844202e-05 20 600000.0
	1.32129970304e-05 21 600000.0
	1.2193451244e-05 22 600000.0
	1.12719736721e-05 23 600000.0
	1.04284837181e-05 24 600000.0
	9.64490511707e-06 25 600000.0
	8.90365152204e-06 26 600000.0
	8.1853453549e-06 27 600000.0
	7.46396687227e-06 28 600000.0
	1.56159752549e-06 29 600000.0
	1.60993159635e-06 30 600000.0
	1.65807020717e-06 31 600000.0
	1.70568474192e-06 32 600000.0
	2.34029261533e-05 15 700000.0
	2.098379871e-05 16 700000.0
	1.89630398715e-05 17 700000.0
	1.72430274495e-05 18 700000.0
	1.57581658815e-05 19 700000.0
	1.44610598734e-05 20 700000.0
	1.33155970381e-05 21 700000.0
	1.22931433886e-05 22 700000.0
	1.13702110771e-05 23 700000.0
	1.05268363354e-05 24 700000.0
	9.74525195976e-06 25 700000.0
	9.00852168904e-06 26 700000.0
	8.29864350567e-06 27 700000.0
	7.59287935849e-06 28 700000.0
	6.85367577863e-06 29 700000.0
	1.64832021289e-06 30 700000.0
	1.69151129838e-06 31 700000.0
	1.735911736e-06 32 700000.0
	2.35627363346e-05 15 800000.0
	2.11271795752e-05 16 800000.0
	1.90935767476e-05 17 800000.0
	1.73634837799e-05 18 800000.0
	1.58707426544e-05 19 800000.0
	1.45675767315e-05 20 800000.0
	1.34176270773e-05 21 800000.0
	1.23921235144e-05 22 800000.0
	1.14675462625e-05 23 800000.0
	1.06240186303e-05 24 800000.0
	9.84402730199e-06 25 800000.0
	9.11117272419e-06 26 800000.0
	8.40856098772e-06 27 800000.0
	7.7159609356e-06 28 800000.0
	7.00281673395e-06 29 800000.0
	1.70821879189e-06 30 800000.0
	1.73770169751e-06 31 800000.0
	1.77497254481e-06 32 800000.0
	2.37224986966e-05 15 900000.0
	2.1270431995e-05 16 900000.0
	1.92239118397e-05 17 900000.0
	1.74836659035e-05 18 900000.0
	1.59829681065e-05 19 900000.0
	1.46736546142e-05 20 900000.0
	1.35191127618e-05 21 900000.0
	1.24904261522e-05 22 900000.0
	1.15640276458e-05 23 900000.0
	1.07201018996e-05 24 900000.0
	9.9413429614e-06 25 900000.0
	9.21179550264e-06 26 900000.0
	8.51546563646e-06 27 900000.0
	7.83406941605e-06 28 900000.0
	7.14203526039e-06 29 900000.0
	6.39060362504e-06 30 900000.0
	1.80869124019e-06 31 900000.0
	1.82799773745e-06 32 900000.0
	2.38822198519e-05 15 1000000.0
	2.14135639748e-05 16 1000000.0
	1.93540548354e-05 17 1000000.0
	1.76035856474e-05 18 1000000.0
	1.60948568984e-05 19 1000000.0
	1.47793120662e-05 20 1000000.0
	1.36200781473e-05 21 1000000.0
	1.25880834709e-05 22 1000000.0
	1.16596998676e-05 23 1000000.0
	1.08151509929e-05 24 1000000.0
	1.00372987904e-05 25 1000000.0
	9.31055607367e-06 26 1000000.0
	8.61966495548e-06 27 1000000.0
	7.94787522288e-06 28 1000000.0
	7.2732704256e-06 29 1000000.0
	6.55852184555e-06 30 1000000.0
	5.70440651227e-06 31 1000000.0
	1.90725321116e-06 32 1000000.0
	2.40419061604e-05 15 1100000.0
	2.1556583202e-05 16 1100000.0
	1.94840150148e-05 17 1100000.0
	1.77232543056e-05 18 1100000.0
	1.62064229736e-05 19 1100000.0
	1.48845666385e-05 20 1100000.0
	1.37205458599e-05 21 1100000.0
	1.26851254957e-05 22 1100000.0
	1.17546041896e-05 23 1100000.0
	1.09092250964e-05 24 1100000.0
	1.01319843861e-05 25 1100000.0
	9.40759993502e-06 26 1100000.0
	8.72141905189e-06 27 1100000.0
	8.05791385932e-06 28 1100000.0
	7.39791199958e-06 29 1100000.0
	6.71171469433e-06 30 1100000.0
	5.93388187897e-06 31 1100000.0
	2.0620766796e-06 32 1100000.0
	2.42015637419e-05 15 1200000.0
	2.16994970634e-05 16 1200000.0
	1.96138012748e-05 17 1200000.0
	1.78426826722e-05 18 1200000.0
	1.63176796072e-05 19 1200000.0
	1.49894349606e-05 20 1200000.0
	1.38205372126e-05 21 1200000.0
	1.2781580303e-05 22 1200000.0
	1.18487788406e-05 23 1200000.0
	1.10023783984e-05 24 1200000.0
	1.02254804991e-05 25 1200000.0
	9.50305540783e-06 26 1200000.0
	8.82095021943e-06 27 1200000.0
	8.16462091982e-06 28 1200000.0
	7.51699538471e-06 29 1200000.0
	6.85369049885e-06 30 1200000.0
	6.12814475606e-06 31 1200000.0
	5.18862721932e-06 32 1200000.0
