
	76.0747544414 15 100000.0
	75.2091179447 16 100000.0
	74.2901195589 17 100000.0
	73.3108151126 18 100000.0
	72.2647346935 19 100000.0
	71.1442443459 20 100000.0
	1.26130892063 21 100000.0
	1.19105381432 22 100000.0
	1.12919031054 23 100000.0
	1.07411512096 24 100000.0
	1.02465269736 25 100000.0
	0.979910316666 26 100000.0
	0.939191185838 27 100000.0
	0.90193946229 28 100000.0
	0.867703862655 29 100000.0
	0.836112641754 30 100000.0
	0.806855828766 31 100000.0
	0.7796722698 32 100000.0
	76.1652599275 15 200000.0
	75.3060033354 16 200000.0
	74.3943025752 17 200000.0
	73.4234715865 18 200000.0
	72.3873653651 19 200000.0
	71.2787931733 20 200000.0
	70.088388752 21 200000.0
	68.8034223748 22 200000.0
	2.46405698573 23 200000.0
	2.31505283827 24 200000.0
	2.18718013742 25 200000.0
	2.07544013123 26 200000.0
	1.97647610107 27 200000.0
	1.88790697523 28 200000.0
	1.80797202927 29 200000.0
	1.73532649017 30 200000.0
	1.66891659572 31 200000.0
	1.6078993319 32 200000.0
	76.2550577279 15 300000.0
	75.4020429915 16 300000.0
	74.4974689905 17 300000.0
	73.5348940999 18 300000.0
	72.5084782887 19 300000.0
	71.4114434072 20 300000.0
	70.2350105819 21 300000.0
	68.9673237324 22 300000.0
	67.5919423181 23 300000.0
	66.0853252852 24 300000.0
	3.5588401346 25 300000.0
	3.33509071621 26 300000.0
	3.14608715629 27 300000.0
	2.98274476874 28 300000.0
	2.83923411059 29 300000.0
	2.71156137403 30 300000.0
	2.59685369832 31 300000.0
	2.49296563815 32 300000.0
	76.3441623506 15 400000.0
	75.4972562778 16 400000.0
	74.5996447788 17 400000.0
	73.6451179308 18 400000.0
	72.628122286 19 400000.0
	71.542264317 20 400000.0
	70.3793078935 21 400000.0
	69.1281954778 22 400000.0
	67.7737163501 23 400000.0
	66.2943343291 24 400000.0
	64.6582421985 25 400000.0
	4.85742147135 26 400000.0
	4.50951175619 27 400000.0
	4.22715569301 28 400000.0
	3.98960288992 29 400000.0
	3.78486749177 30 400000.0
	3.60533139363 31 400000.0
	3.44581581203 32 400000.0
	76.4325877772 15 500000.0
	75.5916617921 16 500000.0
	74.7008547869 17 500000.0
	73.7541766675 18 500000.0
	72.7463435781 19 500000.0
	71.6713210304 20 500000.0
	70.5213752667 21 500000.0
	69.2861803298 22 500000.0
	67.9516375407 23 500000.0
	66.497992678 24 500000.0
	64.8964980716 25 500000.0
	63.1028942159 26 500000.0
	61.042980046 27 500000.0
	5.69688691054 28 500000.0
	5.30594874072 29 500000.0
	4.9860468819 30 500000.0
	4.71549001027 31 500000.0
	4.48144401864 32 500000.0
	76.5203474903 15 600000.0
	75.6852774087 16 600000.0
	74.8011228026 17 600000.0
	73.8621023211 18 600000.0
	72.8631859772 19 600000.0
	71.798674873 20 600000.0
	70.6613010306 21 600000.0
	69.4414101862 22 600000.0
	68.1259121313 23 600000.0
	66.6966428404 24 600000.0
	65.1275263661 25 600000.0
	63.3791942485 26 600000.0
	61.3875697715 27 600000.0
	59.0353185738 28 600000.0
	6.87781984015 29 600000.0
	6.36691262801 30 600000.0
	5.95980437942 31 600000.0
	5.62135915213 32 600000.0
	76.6074544992 15 700000.0
	75.778120318 16 700000.0
	74.9004716185 17 700000.0
	73.9689254291 18 700000.0
	72.9786910603 19 700000.0
	71.924383674 20 700000.0
	70.7991678277 21 700000.0
	69.5940072379 22 700000.0
	68.2967287443 23 700000.0
	66.8905926938 24 700000.0
	65.351868599 25 700000.0
	63.6453632957 26 700000.0
	61.7152915122 27 700000.0
	59.4637485917 28 700000.0
	56.6868876709 29 700000.0
	8.0276969297 30 700000.0
	7.3928059507 31 700000.0
	6.8983348691 32 700000.0
	76.6939213634 15 800000.0
	75.870207064 16 800000.0
	74.9989230901 17 800000.0
	74.0746751498 18 800000.0
	73.0928983272 19 800000.0
	72.0485020405 20 800000.0
	70.9350531152 21 800000.0
	69.7440849401 22 800000.0
	68.464260416 23 800000.0
	67.0801201762 24 800000.0
	65.5700028474 25 800000.0
	63.9023053664 26 800000.0
	62.0281116242 27 800000.0
	59.8646929818 28 800000.0
	57.2506621521 29 800000.0
	10.2183193456 30 800000.0
	9.11942054618 31 800000.0
	8.36665449423 32 800000.0
	76.7797602154 15 900000.0
	75.9615535782 16 900000.0
	75.0964981902 17 900000.0
	74.1793793491 18 900000.0
	73.2058453442 19 900000.0
	72.1710816045 20 900000.0
	71.0690296102 21 900000.0
	69.8917488623 22 900000.0
	68.6286663379 23 900000.0
	67.2654771936 24 900000.0
	65.7823536329 25 900000.0
	64.1507998133 26 900000.0
	62.3276488334 27 900000.0
	60.2422374668 28 900000.0
	57.7640370689 29 900000.0
	54.5947466265 30 900000.0
	11.3971808925 31 900000.0
	10.1281799554 32 900000.0
	76.8649827813 15 1000000.0
	76.0521752127 16 1000000.0
	75.1932170591 17 1000000.0
	74.2830646807 18 1000000.0
	73.3175678758 19 1000000.0
	72.2921712466 20 1000000.0
	71.2011656872 21 1000000.0
	70.037097435 22 1000000.0
	68.790093356 23 1000000.0
	67.446892897 24 1000000.0
	65.9892999163 25 1000000.0
	64.3915239898 26 1000000.0
	62.6152540197 27 1000000.0
	60.5995658432 28 1000000.0
	58.2370369114 29 1000000.0
	55.3027058018 30 1000000.0
	51.1242797338 31 1000000.0
	12.4195694775 32 1000000.0
	76.9496004005 15 1100000.0
	76.1420867694 16 1100000.0
	75.2890990513 17 1100000.0
	74.3857566598 18 1100000.0
	73.428100004 19 1100000.0
	72.4118172983 20 1100000.0
	71.3315257338 21 1100000.0
	70.1802226076 22 1100000.0
	68.9486772681 23 1100000.0
	67.6245764486 24 1100000.0
	66.1911816252 25 1100000.0
	64.6250708904 26 1100000.0
	62.8920679827 27 1100000.0
	60.9392142074 28 1100000.0
	58.676813193 29 1100000.0
	55.9298228367 30 1100000.0
	52.2536932038 31 1100000.0
	16.1496991938 32 1100000.0
	77.0336240441 15 1200000.0
	76.2313025285 16 1200000.0
	75.3841627783 17 1200000.0
	74.487479731 18 1200000.0
	73.5374742388 19 1200000.0
	72.5300637252 20 1200000.0
	71.4601704698 21 1200000.0
	70.3212104311 22 1200000.0
	69.1045439516 23 1200000.0
	67.7987193712 24 1200000.0
	66.3883050304 25 1200000.0
	64.8519630671 26 1200000.0
	63.1590641737 27 1200000.0
	61.2632402021 28 1200000.0
	59.0886713174 29 1200000.0
	56.4958019028 30 1200000.0
	53.1696718683 31 1200000.0
	47.9792342393 32 1200000.0
