
	-2506.95492651 15 100000.0
	-2025.63388708 16 100000.0
	-1550.51017908 17 100000.0
	-1078.14406883 18 100000.0
	-605.458125758 19 100000.0
	-129.646198811 20 100000.0
	22487.1680181 21 100000.0
	23027.210906 22 100000.0
	23533.7426725 23 100000.0
	24012.0910657 24 100000.0
	24466.1289546 25 100000.0
	24898.7898226 26 100000.0
	25312.376505 27 100000.0
	25708.7524507 28 100000.0
	26089.4639696 29 100000.0
	26455.8207903 30 100000.0
	26808.9507804 31 100000.0
	27149.8382586 32 100000.0
	-2521.43281448 15 200000.0
	-2041.30553413 16 200000.0
	-1567.59370604 17 200000.0
	-1096.85124458 18 200000.0
	-626.035164197 19 200000.0
	-152.406518722 20 200000.0
	326.677733879 21 200000.0
	814.053587852 22 200000.0
	20159.9775922 23 200000.0
	20711.6860279 24 200000.0
	21221.440947 25 200000.0
	21697.9744858 26 200000.0
	22147.1110028 27 200000.0
	22572.9607288 28 200000.0
	22978.5635898 29 200000.0
	23366.2582844 30 200000.0
	23737.9043405 31 200000.0
	24095.0212932 32 200000.0
	-2535.7742625 15 300000.0
	-2056.81869532 16 300000.0
	-1584.48999091 17 300000.0
	-1115.33402796 18 300000.0
	-646.339269561 19 300000.0
	-174.829087868 20 300000.0
	301.743326251 21 300000.0
	786.069426863 22 300000.0
	1281.3331456 23 300000.0
	1791.70031483 24 300000.0
	19060.1926586 25 300000.0
	19611.2421449 26 300000.0
	20115.67905 27 300000.0
	20584.3217951 28 300000.0
	21024.1207334 29 300000.0
	21439.8418376 30 300000.0
	21834.9273045 31 300000.0
	22211.9712446 32 300000.0
	-2549.98224938 15 400000.0
	-2072.17709977 16 400000.0
	-1601.20383223 17 400000.0
	-1133.59875044 18 400000.0
	-666.379014839 19 400000.0
	-196.925855971 20 400000.0
	277.218532585 21 400000.0
	758.61322179 22 400000.0
	1250.23974154 23 400000.0
	1755.93729102 24 400000.0
	2281.09626073 25 400000.0
	17888.1452877 26 400000.0
	18489.1480545 27 400000.0
	19025.0546518 28 400000.0
	19514.6078817 29 400000.0
	19968.757158 30 400000.0
	20394.5091839 31 400000.0
	20796.6578082 32 400000.0
	-2564.05965219 15 500000.0
	-2087.38433746 16 500000.0
	-1617.7398318 17 500000.0
	-1151.65145607 18 500000.0
	-686.162538546 19 500000.0
	-218.708090133 20 500000.0
	253.087237993 21 500000.0
	731.660991008 22 500000.0
	1219.81129359 23 500000.0
	1721.08641514 24 500000.0
	2240.38201423 25 500000.0
	2785.02263227 26 500000.0
	3367.07695368 27 500000.0
	17643.5602696 28 500000.0
	18212.2862483 29 500000.0
	18722.4457473 30 500000.0
	19190.115766 31 500000.0
	19624.9359034 32 500000.0
	-2578.00925109 15 600000.0
	-2102.44386649 16 600000.0
	-1634.10240584 17 600000.0
	-1169.49791962 18 600000.0
	-705.697575283 19 600000.0
	-240.186428773 20 600000.0
	229.334349575 21 600000.0
	705.19050441 22 600000.0
	1190.01349119 23 600000.0
	1687.09142912 24 600000.0
	2200.8870369 25 600000.0
	2737.93923177 26 600000.0
	3308.70460706 27 600000.0
	3932.08546246 28 600000.0
	16984.5113191 29 600000.0
	17584.5760472 30 600000.0
	18113.2341724 31 600000.0
	18592.4429396 32 600000.0
	-2591.83373383 15 700000.0
	-2117.35901972 16 700000.0
	-1650.29579547 17 700000.0
	-1187.14366324 18 700000.0
	-724.991483543 19 700000.0
	-261.37093015 20 700000.0
	205.94570713 21 700000.0
	679.181108076 22 700000.0
	1160.81485813 23 700000.0
	1653.90159601 24 700000.0
	2162.52320205 25 700000.0
	2692.54642146 26 700000.0
	3253.10404564 27 700000.0
	3860.02290173 28 700000.0
	4545.88589257 29 700000.0
	16467.1117714 30 700000.0
	17093.7098183 31 700000.0
	17637.0168428 32 700000.0
	-2605.53569995 15 800000.0
	-2132.13301112 16 800000.0
	-1666.32407626 17 800000.0
	-1204.59397179 18 800000.0
	-744.051271076 19 800000.0
	-282.271116121 20 800000.0
	182.908003739 21 800000.0
	653.613571025 22 800000.0
	1132.18643338 23 800000.0
	1621.470967 24 800000.0
	2125.21243926 25 800000.0
	2648.69840813 26 800000.0
	3199.96219603 27 800000.0
	3792.42100382 28 800000.0
	4451.97382641 29 800000.0
	15249.7242283 30 800000.0
	16065.9161254 31 800000.0
	16711.0274326 32 800000.0
	-2619.11766478 15 900000.0
	-2146.76894158 16 900000.0
	-1682.19116727 17 900000.0
	-1221.85390706 18 900000.0
	-762.883618066 19 900000.0
	-302.896011705 20 900000.0
	160.208714899 21 900000.0
	628.469950723 22 900000.0
	1104.10149692 23 900000.0
	1589.75776945 24 900000.0
	2088.88519439 25 900000.0
	2606.2690476 26 900000.0
	3149.0202989 27 900000.0
	3728.63494364 28 900000.0
	4366.13652433 29 900000.0
	5109.10416548 30 900000.0
	14925.7885681 31 900000.0
	15763.6901093 32 900000.0
	-2632.58206318 15 1000000.0
	-2161.26980446 16 1000000.0
	-1697.90083934 17 1000000.0
	-1238.92832075 18 1000000.0
	-781.494898356 19 1000000.0
	-323.254180931 20 1000000.0
	137.836035117 21 1000000.0
	603.733474612 22 1000000.0
	1076.53533305 23 1000000.0
	1558.7238922 24 1000000.0
	2053.47918061 25 1000000.0
	2565.1483248 26 1000000.0
	3100.06158431 27 1000000.0
	3668.16008862 28 1000000.0
	4286.80462934 29 1000000.0
	4992.03370227 30 1000000.0
	5890.56462226 31 1000000.0
	14710.9322387 32 1000000.0
	-2645.93125309 15 1100000.0
	-2175.63849068 16 1100000.0
	-1713.45672286 17 1100000.0
	-1255.82186661 18 1100000.0
	-799.891198911 19 1100000.0
	-343.353759401 20 1100000.0
	115.778821014 21 1100000.0
	579.388435376 22 1100000.0
	1049.465025 23 1100000.0
	1528.33444994 24 1100000.0
	2018.93835596 25 1100000.0
	2525.23960584 26 1100000.0
	3052.90232333 27 1100000.0
	3610.59283091 28 1100000.0
	4212.85343228 29 1100000.0
	4887.83654073 30 1100000.0
	5706.49580044 31 1100000.0
	13279.4092465 32 1100000.0
	-2659.1675188 15 1200000.0
	-2189.8777936 16 1200000.0
	-1728.86231503 17 1200000.0
	-1272.53901163 18 1200000.0
	-818.078337696 19 1200000.0
	-363.202483912 20 1200000.0
	94.0265401335 21 1200000.0
	555.420098029 22 1200000.0
	1022.86927599 23 1200000.0
	1498.55741225 24 1200000.0
	1985.21207906 25 1200000.0
	2486.4574644 26 1200000.0
	3007.38519046 27 1200000.0
	3555.60443843 28 1200000.0
	4143.44495713 29 1200000.0
	4793.43324648 30 1200000.0
	5556.0788162 31 1200000.0
	6611.88638781 32 1200000.0
