
	1069.05292102 24 1371367.0
	1035.19765123 25 1371367.0
	998.472790198 26 1371367.0
	958.331556604 27 1371367.0
	913.945732598 28 1371367.0
	864.018501922 29 1371367.0
	806.378308328 30 1371367.0
	736.956677257 31 1371367.0
	646.430609719 32 1371367.0
	499.696381128 33 1371367.0
	399.016479753 34 1371367.0
	422.371412361 35 1371367.0
	439.677657994 36 1371367.0
	454.156152014 37 1371367.0
	466.9316361 38 1371367.0
	478.547245021 39 1371367.0
	489.31001551 40 1371367.0
	499.410838291 41 1371367.0
	508.976380745 42 1371367.0
	518.094852666 43 1371367.0
	526.830043722 44 1371367.0
	535.229512995 45 1371367.0
	543.329626958 46 1371367.0
	551.158794814 47 1371367.0
	558.739622762 48 1371367.0
	566.090394176 49 1371367.0
	573.22611535 50 1371367.0
	580.159273073 51 1371367.0
	586.900396045 52 1371367.0
	593.45847955 53 1371367.0
	599.841312624 54 1371367.0
	606.055734189 55 1371367.0
	612.107836295 56 1371367.0
	618.003127179 57 1371367.0
	623.746663111 58 1371367.0
	629.343155546 59 1371367.0
	634.797058313 60 1371367.0
	640.112638414 61 1371367.0
	645.294033131 62 1371367.0
	650.345295559 63 1371367.0
	655.270430235 64 1371367.0
	660.073420269 65 1371367.0
	664.758247118 66 1371367.0
	669.328904036 67 1371367.0
	673.78940407 68 1371367.0
	678.143783413 69 1371367.0
	682.396100845 70 1371367.0
	686.550433922 71 1371367.0
	690.610872545 72 1371367.0
	694.581510457 73 1371367.0
	698.466435204 74 1371367.0
	702.26971702 75 1371367.0
	705.995397054 76 1371367.0
	709.647475326 77 1371367.0
	713.229898728 78 1371367.0
	716.746549353 79 1371367.0
	720.201233372 80 1371367.0
