
	11399.2699336 24 1371367.0
	12154.1656994 25 1371367.0
	13025.4943214 26 1371367.0
	14063.2576249 27 1371367.0
	15351.1477262 28 1371367.0
	17041.8237895 29 1371367.0
	19451.6439339 30 1371367.0
	23382.5413965 31 1371367.0
	31782.0197792 32 1371367.0
	76994.9116603 33 1371367.0
	67957.9341689 34 1371367.0
	34837.69453 35 1371367.0
	26204.6028692 36 1371367.0
	22113.5913367 37 1371367.0
	19703.7676604 38 1371367.0
	18109.4144527 39 1371367.0
	16974.5431997 40 1371367.0
	16124.8168555 41 1371367.0
	15464.525444 42 1371367.0
	14936.6957934 43 1371367.0
	14505.2973504 44 1371367.0
	14146.4446936 45 1371367.0
	13843.6934473 46 1371367.0
	13585.364582 47 1371367.0
	13362.9443136 48 1371367.0
	13170.0867162 49 1371367.0
	13001.9699072 50 1371367.0
	12854.8678343 51 1371367.0
	12725.8579653 52 1371367.0
	12612.6171445 53 1371367.0
	12513.27611 54 1371367.0
	12426.313922 55 1371367.0
	12350.4800987 56 1371367.0
	12284.7363337 57 1371367.0
	12228.212287 58 1371367.0
	12180.171639 59 1371367.0
	12139.9857382 60 1371367.0
	12107.1129367 61 1371367.0
	12081.0822397 62 1371367.0
	12061.480262 63 1371367.0
	12047.9407479 64 1371367.0
	12040.1360976 65 1371367.0
	12037.770477 66 1371367.0
	12040.5741908 67 1371367.0
	12048.2990702 68 1371367.0
	12060.7146806 69 1371367.0
	12077.6052002 70 1371367.0
	12098.7668472 71 1371367.0
	12124.0057607 72 1371367.0
	12153.1362586 73 1371367.0
	12185.9794087 74 1371367.0
	12222.3618642 75 1371367.0
	12262.1149182 76 1371367.0
	12305.073746 77 1371367.0
	12351.0768034 78 1371367.0
	12399.9653582 79 1371367.0
	12451.5831328 80 1371367.0
