
	5423.27935443 24 1371367.0
	6106.21743944 25 1371367.0
	6912.22597641 26 1371367.0
	7890.27900041 27 1371367.0
	9121.91902721 28 1371367.0
	10755.7755375 29 1371367.0
	13100.277497 30 1371367.0
	16939.467817 31 1371367.0
	25168.5303983 32 1371367.0
	69831.3734331 33 1371367.0
	60005.4306064 34 1371367.0
	27467.835967 35 1371367.0
	19140.8156343 36 1371367.0
	15237.5545767 37 1371367.0
	12951.7069637 38 1371367.0
	11443.0118653 39 1371367.0
	10369.1996559 40 1371367.0
	9563.96274479 41 1371367.0
	8936.54404366 42 1371367.0
	8433.13539496 43 1371367.0
	8019.7783351 44 1371367.0
	7673.96604152 45 1371367.0
	7380.18002445 46 1371367.0
	7127.36502465 47 1371367.0
	6907.42593173 48 1371367.0
	6714.29444615 49 1371367.0
	6543.3284322 50 1371367.0
	6390.91332934 51 1371367.0
	6254.19050131 52 1371367.0
	6130.86771025 53 1371367.0
	6019.08411438 54 1371367.0
	5917.31230429 55 1371367.0
	5824.28602055 56 1371367.0
	5738.94600997 57 1371367.0
	5660.39890865 58 1371367.0
	5587.88562423 59 1371367.0
	5520.75674191 60 1371367.0
	5458.45319084 61 1371367.0
	5400.49089694 62 1371367.0
	5346.44848966 63 1371367.0
	5295.95737239 64 1371367.0
	5248.69363929 65 1371367.0
	5204.37144741 66 1371367.0
	5162.73754509 67 1371367.0
	5123.56672641 68 1371367.0
	5086.6580323 69 1371367.0
	5051.83155805 70 1371367.0
	5018.92575644 71 1371367.0
	4987.79514811 72 1371367.0
	4958.30836878 73 1371367.0
	4930.34649647 74 1371367.0
	4903.80161254 75 1371367.0
	4878.575559 76 1371367.0
	4854.57886153 77 1371367.0
	4831.7297925 78 1371367.0
	4809.95355338 79 1371367.0
	4789.18155885 80 1371367.0
