
	392665.690532 24 137136.7
	399536.473624 25 137136.7
	406313.846381 26 137136.7
	413020.573502 27 137136.7
	419672.182766 28 137136.7
	426279.544771 29 137136.7
	432850.477253 30 137136.7
	439390.762946 31 137136.7
	445904.80695 32 137136.7
	452396.068568 33 137136.7
	458867.349933 34 137136.7
	465320.992476 35 137136.7
	471759.013326 36 137136.7
	478183.20204 37 137136.7
	484595.190769 38 137136.7
	490996.506333 39 137136.7
	497388.609756 40 137136.7
	503772.926876 41 137136.7
	510150.872467 42 137136.7
	516523.869472 43 137136.7
	522893.364433 44 137136.7
	529260.83988 45 137136.7
	535627.824194 46 137136.7
	541995.899316 47 137136.7
	548366.706591 48 137136.7
	554741.950964 49 137136.7
	561123.403697 50 137136.7
	567512.903751 51 137136.7
	573912.357979 52 137136.7
	580323.740228 53 137136.7
	586749.089466 54 137136.7
	593190.507035 55 137136.7
	599650.153115 56 137136.7
	606130.242505 57 137136.7
	612633.039791 58 137136.7
	619160.853988 59 137136.7
	625716.032737 60 137136.7
	632300.956126 61 137136.7
	638918.030206 62 137136.7
	645569.680267 63 137136.7
	652258.343944 64 137136.7
	658986.464199 65 137136.7
	665756.482242 66 137136.7
	672570.830452 67 137136.7
	679431.925323 68 137136.7
	686342.160503 69 137136.7
	693303.899955 70 137136.7
	700319.471283 71 137136.7
	707391.159253 72 137136.7
	714521.199548 73 137136.7
	721711.772777 74 137136.7
	728964.99877 75 137136.7
	736282.931174 76 137136.7
	743667.552378 77 137136.7
	751120.76877 78 137136.7
	758644.406355 79 137136.7
	766240.206728 80 137136.7
