
	50330.2344712 24 1371367.0
	62098.7759654 25 1371367.0
	74677.1818071 26 1371367.0
	88204.8909184 27 1371367.0
	102886.368876 28 1371367.0
	119039.842106 29 1371367.0
	137205.309922 30 1371367.0
	158433.80377 31 1371367.0
	185354.883952 32 1371367.0
	230906.943595 33 1371367.0
	397673.819495 34 1371367.0
	444202.515587 35 1371367.0
	474084.311821 36 1371367.0
	498038.660391 37 1371367.0
	518855.713927 38 1371367.0
	537713.273789 39 1371367.0
	555225.903425 40 1371367.0
	571756.602463 41 1371367.0
	587538.276758 42 1371367.0
	602729.585155 43 1371367.0
	617443.682068 44 1371367.0
	631764.281594 45 1371367.0
	645755.220313 46 1371367.0
	659466.441535 47 1371367.0
	672937.895369 48 1371367.0
	686202.167726 49 1371367.0
	699286.303729 50 1371367.0
	712213.103638 51 1371367.0
	725002.063548 52 1371367.0
	737670.070926 53 1371367.0
	750231.927265 54 1371367.0
	762700.746449 55 1371367.0
	775088.262224 56 1371367.0
	787405.068146 57 1371367.0
	799660.806652 58 1371367.0
	811864.319331 59 1371367.0
	824023.767218 60 1371367.0
	836146.727726 61 1371367.0
	848240.273156 62 1371367.0
	860311.034591 63 1371367.0
	872365.254074 64 1371367.0
	884408.827357 65 1371367.0
	896447.33899 66 1371367.0
	908486.091184 67 1371367.0
	920530.127564 68 1371367.0
	932584.25274 69 1371367.0
	944653.048428 70 1371367.0
	956740.886739 71 1371367.0
	968851.941121 72 1371367.0
	980990.195381 73 1371367.0
	993159.451127 74 1371367.0
	1005363.33392 75 1371367.0
	1017605.29835 76 1371367.0
	1029888.63231 77 1371367.0
	1042216.46055 78 1371367.0
	1054591.74772 79 1371367.0
	1067017.30098 80 1371367.0
