
	0.104355220947 24 1371367.0
	0.10366726172 25 1371367.0
	0.102687069468 26 1371367.0
	0.101269959479 27 1371367.0
	0.0994449763253 28 1371367.0
	0.0971884004182 29 1371367.0
	0.0944408165118 30 1371367.0
	0.0910726160251 31 1371367.0
	0.0868038483768 32 1371367.0
	0.0823475869732 33 1371367.0
	0.0544005435807 34 1371367.0
	0.045614254184 35 1371367.0
	0.0428923995065 36 1371367.0
	0.0416619198076 37 1371367.0
	0.0410562183078 38 1371367.0
	0.0407798884153 39 1371367.0
	0.0407021137606 40 1371367.0
	0.0407552348881 41 1371367.0
	0.04090044045 42 1371367.0
	0.0411137655522 43 1371367.0
	0.0413795772354 44 1371367.0
	0.0416872261098 45 1371367.0
	0.042029171837 46 1371367.0
	0.0423998174165 47 1371367.0
	0.0427945543661 48 1371367.0
	0.0432074776823 49 1371367.0
	0.0436406442887 50 1371367.0
	0.0441116230433 51 1371367.0
	0.0445991663647 52 1371367.0
	0.0451025711237 53 1371367.0
	0.0456212954046 54 1371367.0
	0.0461549192451 55 1371367.0
	0.0467031148943 56 1371367.0
	0.0472656241091 57 1371367.0
	0.0478422407143 58 1371367.0
	0.0484327971369 59 1371367.0
	0.0490371539638 60 1371367.0
	0.0496551918116 61 1371367.0
	0.0502868049771 62 1371367.0
	0.0509318964588 63 1371367.0
	0.0515903740408 64 1371367.0
	0.0522621471982 65 1371367.0
	0.0529471246409 66 1371367.0
	0.0536452123513 67 1371367.0
	0.0543563120053 68 1371367.0
	0.055080319691 69 1371367.0
	0.0558171248575 70 1371367.0
	0.0565666094426 71 1371367.0
	0.0573286471398 72 1371367.0
	0.0581031027736 73 1371367.0
	0.0588898317607 74 1371367.0
	0.0596886796396 75 1371367.0
	0.0604994816561 76 1371367.0
	0.0613220623948 77 1371367.0
	0.0621562354514 78 1371367.0
	0.0630018031411 79 1371367.0
	0.0638585562409 80 1371367.0
