	1.11600125859e-05 24 1371367.0
	1.03831431027e-05 25 1371367.0
	9.66326261425e-06 26 1371367.0
	8.98688393883e-06 27 1371367.0
	8.34074039415e-06 28 1371367.0
	7.71034214392e-06 29 1371367.0
	7.07723497561e-06 30 1371367.0
	6.412172515e-06 31 1371367.0
	5.65091235323e-06 32 1371367.0
	4.50890585224e-06 33 1371367.0
	2.38482763069e-06 34 1371367.0
	2.25473253683e-06 35 1371367.0
	2.227022828e-06 36 1371367.0
	2.22812836447e-06 37 1371367.0
	2.24220484496e-06 38 1371367.0
	2.26334012046e-06 39 1371367.0
	2.28873953834e-06 40 1371367.0
	2.31688784776e-06 41 1371367.0
	2.3468856232e-06 42 1371367.0
	2.37816343978e-06 43 1371367.0
	2.41034298709e-06 44 1371367.0
	2.44316335825e-06 45 1371367.0
	2.47643919165e-06 46 1371367.0
	2.51003559116e-06 47 1371367.0
	2.54385242901e-06 48 1371367.0
	2.5778141589e-06 49 1371367.0
	2.61186299991e-06 50 1371367.0
	2.645954255e-06 51 1371367.0
	2.6800530223e-06 52 1371367.0
	2.71413183859e-06 53 1371367.0
	2.74816896141e-06 54 1371367.0
	2.78214709707e-06 55 1371367.0
	2.81605244598e-06 56 1371367.0
	2.84987397718e-06 57 1371367.0
	2.88360287087e-06 58 1371367.0
	2.91723208578e-06 59 1371367.0
	2.95075602027e-06 60 1371367.0
	2.98417024466e-06 61 1371367.0
	3.0174712882e-06 62 1371367.0
	3.05065646833e-06 63 1371367.0
	3.08372375293e-06 64 1371367.0
	3.11667164854e-06 65 1371367.0
	3.14949910916e-06 66 1371367.0
	3.18220546144e-06 67 1371367.0
	3.21479034299e-06 68 1371367.0
	3.24725365143e-06 69 1371367.0
	3.27959550187e-06 70 1371367.0
	3.31181619164e-06 71 1371367.0
	3.34391617056e-06 72 1371367.0
	3.37589601613e-06 73 1371367.0
	3.40775641251e-06 74 1371367.0
	3.43949813284e-06 75 1371367.0
	3.47112202421e-06 76 1371367.0
	3.50262899491e-06 77 1371367.0
	3.5340200036e-06 78 1371367.0
	3.56529605005e-06 79 1371367.0
	3.59645816723e-06 80 1371367.0
