
	1.51155749987 24 137136.7
	1.43753384714 25 137136.7
	1.37127875724 26 137136.7
	1.3114970481 27 137136.7
	1.25719379529 28 137136.7
	1.20758548047 29 137136.7
	1.16204260795 30 137136.7
	1.12005108038 31 137136.7
	1.08118528095 32 137136.7
	1.0450887546 33 137136.7
	1.01145999348 34 137136.7
	0.98004175352 35 137136.7
	0.950612877806 36 137136.7
	0.922981939382 37 137136.7
	0.89698223075 38 137136.7
	0.872467767171 39 137136.7
	0.849310064692 40 137136.7
	0.827395518056 41 137136.7
	0.806623248631 42 137136.7
	0.786903324456 43 137136.7
	0.768155277738 44 137136.7
	0.750306862136 45 137136.7
	0.733293004879 46 137136.7
	0.717054918309 47 137136.7
	0.701539342778 48 137136.7
	0.686697898387 49 137136.7
	0.672486527456 50 137136.7
	0.65886501303 51 137136.7
	0.645796561403 52 137136.7
	0.633247438807 53 137136.7
	0.62118665414 54 137136.7
	0.609585680957 55 137136.7
	0.598418213111 56 137136.7
	0.587659949328 57 137136.7
	0.577288402731 58 137136.7
	0.567282731983 59 137136.7
	0.557623591196 60 137136.7
	0.548292996188 61 137136.7
	0.539274205034 62 137136.7
	0.530551611124 63 137136.7
	0.522110647225 64 137136.7
	0.513937699227 65 137136.7
	0.506020028435 66 137136.7
	0.498345701439 67 137136.7
	0.490903526687 68 137136.7
	0.48368299703 69 137136.7
	0.476674237589 70 137136.7
	0.469867958354 71 137136.7
	0.463255411042 72 137136.7
	0.456828349746 73 137136.7
	0.450578995011 74 137136.7
	0.444500000965 75 137136.7
	0.438584425231 76 137136.7
	0.432825701324 77 137136.7
	0.427217613312 78 137136.7
	0.421754272507 79 137136.7
	0.416430096019 80 137136.7
