
	22558.0544365 24 137136.7
	23029.2691673 25 137136.7
	23475.8776283 26 137136.7
	23901.0465526 27 137136.7
	24307.2170295 28 137136.7
	24696.3344838 29 137136.7
	25069.992847 30 137136.7
	25429.5280513 31 137136.7
	25776.0806451 32 137136.7
	26110.6390519 33 137136.7
	26434.0703613 34 137136.7
	26747.1428772 35 137136.7
	27050.5430707 36 137136.7
	27344.8886362 37 137136.7
	27630.7387654 38 137136.7
	27908.6023829 39 137136.7
	28178.9448549 40 137136.7
	28442.1935296 41 137136.7
	28698.7423625 42 137136.7
	28948.9558166 43 137136.7
	29193.1721748 44 137136.7
	29431.7063724 45 137136.7
	29664.8524315 46 137136.7
	29892.8855631 47 137136.7
	30116.0639885 48 137136.7
	30334.6305232 49 137136.7
	30548.8139583 50 137136.7
	30758.8302674 51 137136.7
	30964.8836653 52 137136.7
	31167.167537 53 137136.7
	31365.8652559 54 137136.7
	31561.1509059 55 137136.7
	31753.1899196 56 137136.7
	31942.1396445 57 137136.7
	32128.1498461 58 137136.7
	32311.363156 59 137136.7
	32491.9154732 60 137136.7
	32669.9363238 61 137136.7
	32845.5491842 62 137136.7
	33018.8717742 63 137136.7
	33190.016322 64 137136.7
	33359.0898065 65 137136.7
	33526.1941786 66 137136.7
	33691.4265653 67 137136.7
	33854.879458 68 137136.7
	34016.6408884 69 137136.7
	34176.7945921 70 137136.7
	34335.420163 71 137136.7
	34492.5931988 72 137136.7
	34648.38544 73 137136.7
	34802.8649015 74 137136.7
	34956.0959996 75 137136.7
	35108.1396742 76 137136.7
	35259.053507 77 137136.7
	35408.8918362 78 137136.7
	35557.7058678 79 137136.7
	35705.5437852 80 137136.7
