10639.4581718 15 12867.7284758
10774.7845587 16 20698.9193257
10956.5869722 17 31663.709088
11184.3244652 18 46450.936128
11465.2393108 19 65784.323602
11813.2535199 20 90414.6506159
12247.5517372 21 121113.272465
12792.315787 22 158667.076237
13478.249882 23 203875.077192
14346.4319334 24 257546.934887
15455.61493 25 320503.722941
16895.6848419 26 393581.374377
18813.8350313 27 477637.428951
21470.4146448 28 573562.203092
25373.9841838 29 682296.711833
31669.4262636 30 804862.818887
43587.1235475 31 942420.365175
75153.7427674 32 1096400.13909
