656416.289377 15 12867.7284758
664092.654138 16 20698.9193257
672163.766255 17 31663.709088
680673.218364 18 46450.936128
689665.474584 19 65784.323602
699189.089728 20 90414.6506159
709297.871657 21 121113.272465
720052.223187 22 158667.076237
731521.468159 23 203875.077192
743787.657424 24 257546.934887
756951.57868 25 320503.722941
771142.364818 26 393581.374377
786533.549167 27 477637.428951
803371.779953 28 573562.203092
822033.180096 29 682296.711833
843149.171266 30 804862.818887
867946.754477 31 942420.365175
899529.42174 32 1096400.13909
