1112911.61619 15 12867.7284758
1121752.56356 16 20698.9193257
1130099.82875 17 31663.709088
1137864.70568 18 46450.936128
1144951.42161 19 65784.323602
1151261.89531 20 90414.6506159
1156698.36301 21 121113.272465
1161162.89922 22 158667.076237
1164553.85857 23 203875.077192
1166759.38819 24 257546.934887
1167647.68144 25 320503.722941
1167052.60427 26 393581.374377
1164751.31471 27 477637.428951
1160426.11298 28 573562.203092
1153591.65524 29 682296.711833
1143435.32346 30 804862.818887
1128392.85928 31 942420.365175
1104593.34291 32 1096400.13909
