27885.8636618 15 12867.7284758
26545.2147931 16 20698.9193257
25359.1937988 17 31663.709088
24296.1387548 18 46450.936128
23330.7638859 19 65784.323602
22442.787124 20 90414.6506159
22442.787124 20 121113.272465
21615.8539013 21 158667.076237
20836.6147278 22 203875.077192
20093.9104736 23 257546.934887
19378.040321 24 320503.722941
18680.0762126 25 393581.374377
17991.1587833 26 477637.428951
17301.654709 27 573562.203092
16599.9336021 28 682296.711833
15870.2072763 29 804862.818887
14207.4694357 31 942420.365175
13117.0337641 32 1096400.13909
