0.101837481724 15 12867.7284758
0.102703547973 16 20698.9193257
0.10341049965 17 31663.709088
0.103956649974 18 46450.936128
0.104340232905 19 65784.323602
0.104558707176 20 90414.6506159
0.104608134366 21 121113.272465
0.104482485274 22 158667.076237
0.104172752029 23 203875.077192
0.103800796213 24 257546.934887
0.103253191863 25 320503.722941
0.102457681953 26 393581.374377
0.10141140014 27 477637.428951
0.100080349987 28 573562.203092
0.0984128213207 29 682296.711833
0.0963462306618 30 804862.818887
0.0938720181791 31 942420.365175
0.0916366513911 32 1096400.13909
