0.0116911988788 15 12867.7284758
0.012699209478 16 20698.9193257
0.0137445225001 17 31663.709088
0.0148362162422 18 46450.936128
0.0159837765323 19 65784.323602
0.0171973031416 20 90414.6506159
0.0184878801687 21 121113.272465
0.0198681983031 22 158667.076237
0.0213535853738 23 203875.077192
0.0229637241293 24 257546.934887
0.0247255702905 25 320503.722941
0.026678459995 26 393581.374377
0.0288834335152 27 477637.428951
0.0314412704204 28 573562.203092
0.0345303384473 29 682296.711833
0.0384963123743 30 804862.818887
0.0441117796813 31 942420.365175
0.0536635844021 32 1096400.13909
