7.02646064132e-07 15 12867.7284758
7.57257185774e-07 16 20698.9193257
8.1164952861e-07 17 31663.709088
8.66032994579e-07 18 46450.936128
9.20649975233e-07 19 65784.323602
9.7578682462e-07 20 90414.6506159
1.03178810866e-06 21 121113.272465
1.08907509616e-06 22 158667.076237
1.14817151556e-06 23 203875.077192
1.20974166144e-06 24 257546.934887
1.27464955823e-06 25 320503.722941
1.34405515175e-06 26 393581.374377
1.4195793193e-06 27 477637.428951
1.50360723738e-06 28 573562.203092
1.59990108743e-06 29 682296.711833
1.71501409535e-06 30 804862.818887
1.8622907947e-06 31 942420.365175
2.07810386975e-06 32 1096400.13909
