0.212446859203 15 12867.7284758
0.323267078311 16 20698.9193257
0.47061917221 17 31663.709088
0.660826710273 18 46450.936128
0.900694508762 19 65784.323602
1.19767833366 20 90414.6506159
1.56011340871 21 121113.272465
1.99752966593 22 158667.076237
2.52110021631 23 203875.077192
3.14429835801 24 257546.934887
3.88389124692 25 320503.722941
4.76150400391 26 393581.374377
5.80621579722 27 477637.428951
7.05918552439 28 573562.203092
8.58271832357 29 682296.711833
10.4805335538 30 804862.818887
12.9527599944 31 942420.365175
16.5034818566 32 1096400.13909
