
	1244.36139287 15 12867.7284758
	1224.91675573 16 12867.7284758
	1205.36979385 17 12867.7284758
	1184.61723359 18 12867.7284758
	1161.98449792 19 12867.7284758
	1137.11794306 20 12867.7284758
	1109.83493662 21 12867.7284758
	1080.01649651 22 12867.7284758
	1047.54238085 23 12867.7284758
	1012.25253273 24 12867.7284758
	973.920067717 25 12867.7284758
	932.22438423 26 12867.7284758
	886.713968044 27 12867.7284758
	836.74468383 28 12867.7284758
	781.3656803 29 12867.7284758
	719.083597104 30 12867.7284758
	647.290594422 31 12867.7284758
	560.436702096 32 12867.7284758
	1244.36139287 15 27654.9555158
	1224.91675573 16 27654.9555158
	1205.36979385 17 27654.9555158
	1184.61723359 18 27654.9555158
	1161.98449792 19 27654.9555158
	1137.11794306 20 27654.9555158
	1109.83493662 21 27654.9555158
	1080.01649651 22 27654.9555158
	1047.54238085 23 27654.9555158
	1012.25253273 24 27654.9555158
	973.920067717 25 27654.9555158
	932.22438423 26 27654.9555158
	886.713968044 27 27654.9555158
	836.74468383 28 27654.9555158
	781.3656803 29 27654.9555158
	719.083597104 30 27654.9555158
	647.290594422 31 27654.9555158
	560.436702096 32 27654.9555158
	1244.36139287 15 46988.3429898
	1224.91675573 16 46988.3429898
	1205.36979385 17 46988.3429898
	1184.61723359 18 46988.3429898
	1161.98449792 19 46988.3429898
	1137.11794306 20 46988.3429898
	1109.83493662 21 46988.3429898
	1080.01649651 22 46988.3429898
	1047.54238085 23 46988.3429898
	1012.25253273 24 46988.3429898
	973.920067717 25 46988.3429898
	932.22438423 26 46988.3429898
	886.713968044 27 46988.3429898
	836.74468383 28 46988.3429898
	781.3656803 29 46988.3429898
	719.083597104 30 46988.3429898
	647.290594422 31 46988.3429898
	560.436702096 32 46988.3429898
	1244.36139287 15 71618.6700037
	1224.91675573 16 71618.6700037
	1205.36979385 17 71618.6700037
	1184.61723359 18 71618.6700037
	1161.98449792 19 71618.6700037
	1137.11794306 20 71618.6700037
	1109.83493662 21 71618.6700037
	1080.01649651 22 71618.6700037
	1047.54238085 23 71618.6700037
	1012.25253273 24 71618.6700037
	973.920067717 25 71618.6700037
	932.22438423 26 71618.6700037
	886.713968044 27 71618.6700037
	836.74468383 28 71618.6700037
	781.3656803 29 71618.6700037
	719.083597104 30 71618.6700037
	647.290594422 31 71618.6700037
	560.436702096 32 71618.6700037
	1244.36139287 15 102317.291853
	1224.91675573 16 102317.291853
	1205.36979385 17 102317.291853
	1184.61723359 18 102317.291853
	1161.98449792 19 102317.291853
	1137.11794306 20 102317.291853
	1109.83493662 21 102317.291853
	1080.01649651 22 102317.291853
	1047.54238085 23 102317.291853
	1012.25253273 24 102317.291853
	973.920067717 25 102317.291853
	932.22438423 26 102317.291853
	886.713968044 27 102317.291853
	836.74468383 28 102317.291853
	781.3656803 29 102317.291853
	719.083597104 30 102317.291853
	647.290594422 31 102317.291853
	560.436702096 32 102317.291853
	1244.36139287 15 139871.095625
	1224.91675573 16 139871.095625
	1205.36979385 17 139871.095625
	1184.61723359 18 139871.095625
	1161.98449792 19 139871.095625
	1137.11794306 20 139871.095625
	1109.83493662 21 139871.095625
	1080.01649651 22 139871.095625
	1047.54238085 23 139871.095625
	1012.25253273 24 139871.095625
	973.920067717 25 139871.095625
	932.22438423 26 139871.095625
	886.713968044 27 139871.095625
	836.74468383 28 139871.095625
	781.3656803 29 139871.095625
	719.083597104 30 139871.095625
	647.290594422 31 139871.095625
	560.436702096 32 139871.095625
	1244.36139287 15 185079.09658
	1224.91675573 16 185079.09658
	1205.36979385 17 185079.09658
	1184.61723359 18 185079.09658
	1161.98449792 19 185079.09658
	1137.11794306 20 185079.09658
	1109.83493662 21 185079.09658
	1080.01649651 22 185079.09658
	1047.54238085 23 185079.09658
	1012.25253273 24 185079.09658
	973.920067717 25 185079.09658
	932.22438423 26 185079.09658
	886.713968044 27 185079.09658
	836.74468383 28 185079.09658
	781.3656803 29 185079.09658
	719.083597104 30 185079.09658
	647.290594422 31 185079.09658
	560.436702096 32 185079.09658
	1244.36139287 15 238750.954275
	1224.91675573 16 238750.954275
	1205.36979385 17 238750.954275
	1184.61723359 18 238750.954275
	1161.98449792 19 238750.954275
	1137.11794306 20 238750.954275
	1109.83493662 21 238750.954275
	1080.01649651 22 238750.954275
	1047.54238085 23 238750.954275
	1012.25253273 24 238750.954275
	973.920067717 25 238750.954275
	932.22438423 26 238750.954275
	886.713968044 27 238750.954275
	836.74468383 28 238750.954275
	781.3656803 29 238750.954275
	719.083597104 30 238750.954275
	647.290594422 31 238750.954275
	560.436702096 32 238750.954275
	1244.36139287 15 301707.742329
	1224.91675573 16 301707.742329
	1205.36979385 17 301707.742329
	1184.61723359 18 301707.742329
	1161.98449792 19 301707.742329
	1137.11794306 20 301707.742329
	1109.83493662 21 301707.742329
	1080.01649651 22 301707.742329
	1047.54238085 23 301707.742329
	1012.25253273 24 301707.742329
	973.920067717 25 301707.742329
	932.22438423 26 301707.742329
	886.713968044 27 301707.742329
	836.74468383 28 301707.742329
	781.3656803 29 301707.742329
	719.083597104 30 301707.742329
	647.290594422 31 301707.742329
	560.436702096 32 301707.742329
	1244.36139287 15 374785.393765
	1224.91675573 16 374785.393765
	1205.36979385 17 374785.393765
	1184.61723359 18 374785.393765
	1161.98449792 19 374785.393765
	1137.11794306 20 374785.393765
	1109.83493662 21 374785.393765
	1080.01649651 22 374785.393765
	1047.54238085 23 374785.393765
	1012.25253273 24 374785.393765
	973.920067717 25 374785.393765
	932.22438423 26 374785.393765
	886.713968044 27 374785.393765
	836.74468383 28 374785.393765
	781.3656803 29 374785.393765
	719.083597104 30 374785.393765
	647.290594422 31 374785.393765
	560.436702096 32 374785.393765
	1244.36139287 15 458841.448339
	1224.91675573 16 458841.448339
	1205.36979385 17 458841.448339
	1184.61723359 18 458841.448339
	1161.98449792 19 458841.448339
	1137.11794306 20 458841.448339
	1109.83493662 21 458841.448339
	1080.01649651 22 458841.448339
	1047.54238085 23 458841.448339
	1012.25253273 24 458841.448339
	973.920067717 25 458841.448339
	932.22438423 26 458841.448339
	886.713968044 27 458841.448339
	836.74468383 28 458841.448339
	781.3656803 29 458841.448339
	719.083597104 30 458841.448339
	647.290594422 31 458841.448339
	560.436702096 32 458841.448339
	1244.36139287 15 554766.22248
	1224.91675573 16 554766.22248
	1205.36979385 17 554766.22248
	1184.61723359 18 554766.22248
	1161.98449792 19 554766.22248
	1137.11794306 20 554766.22248
	1109.83493662 21 554766.22248
	1080.01649651 22 554766.22248
	1047.54238085 23 554766.22248
	1012.25253273 24 554766.22248
	973.920067717 25 554766.22248
	932.22438423 26 554766.22248
	886.713968044 27 554766.22248
	836.74468383 28 554766.22248
	781.3656803 29 554766.22248
	719.083597104 30 554766.22248
	647.290594422 31 554766.22248
	560.436702096 32 554766.22248
	1244.36139287 15 663500.731221
	1224.91675573 16 663500.731221
	1205.36979385 17 663500.731221
	1184.61723359 18 663500.731221
	1161.98449792 19 663500.731221
	1137.11794306 20 663500.731221
	1109.83493662 21 663500.731221
	1080.01649651 22 663500.731221
	1047.54238085 23 663500.731221
	1012.25253273 24 663500.731221
	973.920067717 25 663500.731221
	932.22438423 26 663500.731221
	886.713968044 27 663500.731221
	836.74468383 28 663500.731221
	781.3656803 29 663500.731221
	719.083597104 30 663500.731221
	647.290594422 31 663500.731221
	560.436702096 32 663500.731221
	1244.36139287 15 786066.838275
	1224.91675573 16 786066.838275
	1205.36979385 17 786066.838275
	1184.61723359 18 786066.838275
	1161.98449792 19 786066.838275
	1137.11794306 20 786066.838275
	1109.83493662 21 786066.838275
	1080.01649651 22 786066.838275
	1047.54238085 23 786066.838275
	1012.25253273 24 786066.838275
	973.920067717 25 786066.838275
	932.22438423 26 786066.838275
	886.713968044 27 786066.838275
	836.74468383 28 786066.838275
	781.3656803 29 786066.838275
	719.083597104 30 786066.838275
	647.290594422 31 786066.838275
	560.436702096 32 786066.838275
	1244.36139287 15 923624.384563
	1224.91675573 16 923624.384563
	1205.36979385 17 923624.384563
	1184.61723359 18 923624.384563
	1161.98449792 19 923624.384563
	1137.11794306 20 923624.384563
	1109.83493662 21 923624.384563
	1080.01649651 22 923624.384563
	1047.54238085 23 923624.384563
	1012.25253273 24 923624.384563
	973.920067717 25 923624.384563
	932.22438423 26 923624.384563
	886.713968044 27 923624.384563
	836.74468383 28 923624.384563
	781.3656803 29 923624.384563
	719.083597104 30 923624.384563
	647.290594422 31 923624.384563
	560.436702096 32 923624.384563
	1244.36139287 15 1077604.15848
	1224.91675573 16 1077604.15848
	1205.36979385 17 1077604.15848
	1184.61723359 18 1077604.15848
	1161.98449792 19 1077604.15848
	1137.11794306 20 1077604.15848
	1109.83493662 21 1077604.15848
	1080.01649651 22 1077604.15848
	1047.54238085 23 1077604.15848
	1012.25253273 24 1077604.15848
	973.920067717 25 1077604.15848
	932.22438423 26 1077604.15848
	886.713968044 27 1077604.15848
	836.74468383 28 1077604.15848
	781.3656803 29 1077604.15848
	719.083597104 30 1077604.15848
	647.290594422 31 1077604.15848
	560.436702096 32 1077604.15848
