	2.25518475118e-05 15 12867.7284758
	2.02017455507e-05 16 12867.7284758
	1.82441027667e-05 17 12867.7284758
	1.6583105595e-05 18 12867.7284758
	1.51538393311e-05 19 12867.7284758
	1.3909597414e-05 20 12867.7284758
	1.28151716063e-05 21 12867.7284758
	1.18430575448e-05 22 12867.7284758
	1.09711438035e-05 23 12867.7284758
	1.01811891514e-05 24 12867.7284758
	9.45772822523e-06 25 12867.7284758
	8.78719571406e-06 26 12867.7284758
	8.15711158704e-06 27 12867.7284758
	7.55514543727e-06 28 12867.7284758
	6.9677265395e-06 29 12867.7284758
	6.3773420357e-06 30 12867.7284758
	5.75558136232e-06 31 12867.7284758
	5.03688136761e-06 32 12867.7284758
	2.25518475118e-05 15 27654.9555158
	2.02017455507e-05 16 27654.9555158
	1.82441027667e-05 17 27654.9555158
	1.6583105595e-05 18 27654.9555158
	1.51538393311e-05 19 27654.9555158
	1.3909597414e-05 20 27654.9555158
	1.28151716063e-05 21 27654.9555158
	1.18430575448e-05 22 27654.9555158
	1.09711438035e-05 23 27654.9555158
	1.01811891514e-05 24 27654.9555158
	9.45772822523e-06 25 27654.9555158
	8.78719571406e-06 26 27654.9555158
	8.15711158704e-06 27 27654.9555158
	7.55514543727e-06 28 27654.9555158
	6.9677265395e-06 29 27654.9555158
	6.3773420357e-06 30 27654.9555158
	5.75558136232e-06 31 27654.9555158
	5.03688136761e-06 32 27654.9555158
	2.25518475118e-05 15 46988.3429898
	2.02017455507e-05 16 46988.3429898
	1.82441027667e-05 17 46988.3429898
	1.6583105595e-05 18 46988.3429898
	1.51538393311e-05 19 46988.3429898
	1.3909597414e-05 20 46988.3429898
	1.28151716063e-05 21 46988.3429898
	1.18430575448e-05 22 46988.3429898
	1.09711438035e-05 23 46988.3429898
	1.01811891514e-05 24 46988.3429898
	9.45772822523e-06 25 46988.3429898
	8.78719571406e-06 26 46988.3429898
	8.15711158704e-06 27 46988.3429898
	7.55514543727e-06 28 46988.3429898
	6.9677265395e-06 29 46988.3429898
	6.3773420357e-06 30 46988.3429898
	5.75558136232e-06 31 46988.3429898
	5.03688136761e-06 32 46988.3429898
	2.25518475118e-05 15 71618.6700037
	2.02017455507e-05 16 71618.6700037
	1.82441027667e-05 17 71618.6700037
	1.6583105595e-05 18 71618.6700037
	1.51538393311e-05 19 71618.6700037
	1.3909597414e-05 20 71618.6700037
	1.28151716063e-05 21 71618.6700037
	1.18430575448e-05 22 71618.6700037
	1.09711438035e-05 23 71618.6700037
	1.01811891514e-05 24 71618.6700037
	9.45772822523e-06 25 71618.6700037
	8.78719571406e-06 26 71618.6700037
	8.15711158704e-06 27 71618.6700037
	7.55514543727e-06 28 71618.6700037
	6.9677265395e-06 29 71618.6700037
	6.3773420357e-06 30 71618.6700037
	5.75558136232e-06 31 71618.6700037
	5.03688136761e-06 32 71618.6700037
	2.25518475118e-05 15 102317.291853
	2.02017455507e-05 16 102317.291853
	1.82441027667e-05 17 102317.291853
	1.6583105595e-05 18 102317.291853
	1.51538393311e-05 19 102317.291853
	1.3909597414e-05 20 102317.291853
	1.28151716063e-05 21 102317.291853
	1.18430575448e-05 22 102317.291853
	1.09711438035e-05 23 102317.291853
	1.01811891514e-05 24 102317.291853
	9.45772822523e-06 25 102317.291853
	8.78719571406e-06 26 102317.291853
	8.15711158704e-06 27 102317.291853
	7.55514543727e-06 28 102317.291853
	6.9677265395e-06 29 102317.291853
	6.3773420357e-06 30 102317.291853
	5.75558136232e-06 31 102317.291853
	5.03688136761e-06 32 102317.291853
	2.25518475118e-05 15 139871.095625
	2.02017455507e-05 16 139871.095625
	1.82441027667e-05 17 139871.095625
	1.6583105595e-05 18 139871.095625
	1.51538393311e-05 19 139871.095625
	1.3909597414e-05 20 139871.095625
	1.28151716063e-05 21 139871.095625
	1.18430575448e-05 22 139871.095625
	1.09711438035e-05 23 139871.095625
	1.01811891514e-05 24 139871.095625
	9.45772822523e-06 25 139871.095625
	8.78719571406e-06 26 139871.095625
	8.15711158704e-06 27 139871.095625
	7.55514543727e-06 28 139871.095625
	6.9677265395e-06 29 139871.095625
	6.3773420357e-06 30 139871.095625
	5.75558136232e-06 31 139871.095625
	5.03688136761e-06 32 139871.095625
	2.25518475118e-05 15 185079.09658
	2.02017455507e-05 16 185079.09658
	1.82441027667e-05 17 185079.09658
	1.6583105595e-05 18 185079.09658
	1.51538393311e-05 19 185079.09658
	1.3909597414e-05 20 185079.09658
	1.28151716063e-05 21 185079.09658
	1.18430575448e-05 22 185079.09658
	1.09711438035e-05 23 185079.09658
	1.01811891514e-05 24 185079.09658
	9.45772822523e-06 25 185079.09658
	8.78719571406e-06 26 185079.09658
	8.15711158704e-06 27 185079.09658
	7.55514543727e-06 28 185079.09658
	6.9677265395e-06 29 185079.09658
	6.3773420357e-06 30 185079.09658
	5.75558136232e-06 31 185079.09658
	5.03688136761e-06 32 185079.09658
	2.25518475118e-05 15 238750.954275
	2.02017455507e-05 16 238750.954275
	1.82441027667e-05 17 238750.954275
	1.6583105595e-05 18 238750.954275
	1.51538393311e-05 19 238750.954275
	1.3909597414e-05 20 238750.954275
	1.28151716063e-05 21 238750.954275
	1.18430575448e-05 22 238750.954275
	1.09711438035e-05 23 238750.954275
	1.01811891514e-05 24 238750.954275
	9.45772822523e-06 25 238750.954275
	8.78719571406e-06 26 238750.954275
	8.15711158704e-06 27 238750.954275
	7.55514543727e-06 28 238750.954275
	6.9677265395e-06 29 238750.954275
	6.3773420357e-06 30 238750.954275
	5.75558136232e-06 31 238750.954275
	5.03688136761e-06 32 238750.954275
	2.25518475118e-05 15 301707.742329
	2.02017455507e-05 16 301707.742329
	1.82441027667e-05 17 301707.742329
	1.6583105595e-05 18 301707.742329
	1.51538393311e-05 19 301707.742329
	1.3909597414e-05 20 301707.742329
	1.28151716063e-05 21 301707.742329
	1.18430575448e-05 22 301707.742329
	1.09711438035e-05 23 301707.742329
	1.01811891514e-05 24 301707.742329
	9.45772822523e-06 25 301707.742329
	8.78719571406e-06 26 301707.742329
	8.15711158704e-06 27 301707.742329
	7.55514543727e-06 28 301707.742329
	6.9677265395e-06 29 301707.742329
	6.3773420357e-06 30 301707.742329
	5.75558136232e-06 31 301707.742329
	5.03688136761e-06 32 301707.742329
	2.25518475118e-05 15 374785.393765
	2.02017455507e-05 16 374785.393765
	1.82441027667e-05 17 374785.393765
	1.6583105595e-05 18 374785.393765
	1.51538393311e-05 19 374785.393765
	1.3909597414e-05 20 374785.393765
	1.28151716063e-05 21 374785.393765
	1.18430575448e-05 22 374785.393765
	1.09711438035e-05 23 374785.393765
	1.01811891514e-05 24 374785.393765
	9.45772822523e-06 25 374785.393765
	8.78719571406e-06 26 374785.393765
	8.15711158704e-06 27 374785.393765
	7.55514543727e-06 28 374785.393765
	6.9677265395e-06 29 374785.393765
	6.3773420357e-06 30 374785.393765
	5.75558136232e-06 31 374785.393765
	5.03688136761e-06 32 374785.393765
	2.25518475118e-05 15 458841.448339
	2.02017455507e-05 16 458841.448339
	1.82441027667e-05 17 458841.448339
	1.6583105595e-05 18 458841.448339
	1.51538393311e-05 19 458841.448339
	1.3909597414e-05 20 458841.448339
	1.28151716063e-05 21 458841.448339
	1.18430575448e-05 22 458841.448339
	1.09711438035e-05 23 458841.448339
	1.01811891514e-05 24 458841.448339
	9.45772822523e-06 25 458841.448339
	8.78719571406e-06 26 458841.448339
	8.15711158704e-06 27 458841.448339
	7.55514543727e-06 28 458841.448339
	6.9677265395e-06 29 458841.448339
	6.3773420357e-06 30 458841.448339
	5.75558136232e-06 31 458841.448339
	5.03688136761e-06 32 458841.448339
	2.25518475118e-05 15 554766.22248
	2.02017455507e-05 16 554766.22248
	1.82441027667e-05 17 554766.22248
	1.6583105595e-05 18 554766.22248
	1.51538393311e-05 19 554766.22248
	1.3909597414e-05 20 554766.22248
	1.28151716063e-05 21 554766.22248
	1.18430575448e-05 22 554766.22248
	1.09711438035e-05 23 554766.22248
	1.01811891514e-05 24 554766.22248
	9.45772822523e-06 25 554766.22248
	8.78719571406e-06 26 554766.22248
	8.15711158704e-06 27 554766.22248
	7.55514543727e-06 28 554766.22248
	6.9677265395e-06 29 554766.22248
	6.3773420357e-06 30 554766.22248
	5.75558136232e-06 31 554766.22248
	5.03688136761e-06 32 554766.22248
	2.25518475118e-05 15 663500.731221
	2.02017455507e-05 16 663500.731221
	1.82441027667e-05 17 663500.731221
	1.6583105595e-05 18 663500.731221
	1.51538393311e-05 19 663500.731221
	1.3909597414e-05 20 663500.731221
	1.28151716063e-05 21 663500.731221
	1.18430575448e-05 22 663500.731221
	1.09711438035e-05 23 663500.731221
	1.01811891514e-05 24 663500.731221
	9.45772822523e-06 25 663500.731221
	8.78719571406e-06 26 663500.731221
	8.15711158704e-06 27 663500.731221
	7.55514543727e-06 28 663500.731221
	6.9677265395e-06 29 663500.731221
	6.3773420357e-06 30 663500.731221
	5.75558136232e-06 31 663500.731221
	5.03688136761e-06 32 663500.731221
	2.25518475118e-05 15 786066.838275
	2.02017455507e-05 16 786066.838275
	1.82441027667e-05 17 786066.838275
	1.6583105595e-05 18 786066.838275
	1.51538393311e-05 19 786066.838275
	1.3909597414e-05 20 786066.838275
	1.28151716063e-05 21 786066.838275
	1.18430575448e-05 22 786066.838275
	1.09711438035e-05 23 786066.838275
	1.01811891514e-05 24 786066.838275
	9.45772822523e-06 25 786066.838275
	8.78719571406e-06 26 786066.838275
	8.15711158704e-06 27 786066.838275
	7.55514543727e-06 28 786066.838275
	6.9677265395e-06 29 786066.838275
	6.3773420357e-06 30 786066.838275
	5.75558136232e-06 31 786066.838275
	5.03688136761e-06 32 786066.838275
	2.25518475118e-05 15 923624.384563
	2.02017455507e-05 16 923624.384563
	1.82441027667e-05 17 923624.384563
	1.6583105595e-05 18 923624.384563
	1.51538393311e-05 19 923624.384563
	1.3909597414e-05 20 923624.384563
	1.28151716063e-05 21 923624.384563
	1.18430575448e-05 22 923624.384563
	1.09711438035e-05 23 923624.384563
	1.01811891514e-05 24 923624.384563
	9.45772822523e-06 25 923624.384563
	8.78719571406e-06 26 923624.384563
	8.15711158704e-06 27 923624.384563
	7.55514543727e-06 28 923624.384563
	6.9677265395e-06 29 923624.384563
	6.3773420357e-06 30 923624.384563
	5.75558136232e-06 31 923624.384563
	5.03688136761e-06 32 923624.384563
	2.25518475118e-05 15 1077604.15848
	2.02017455507e-05 16 1077604.15848
	1.82441027667e-05 17 1077604.15848
	1.6583105595e-05 18 1077604.15848
	1.51538393311e-05 19 1077604.15848
	1.3909597414e-05 20 1077604.15848
	1.28151716063e-05 21 1077604.15848
	1.18430575448e-05 22 1077604.15848
	1.09711438035e-05 23 1077604.15848
	1.01811891514e-05 24 1077604.15848
	9.45772822523e-06 25 1077604.15848
	8.78719571406e-06 26 1077604.15848
	8.15711158704e-06 27 1077604.15848
	7.55514543727e-06 28 1077604.15848
	6.9677265395e-06 29 1077604.15848
	6.3773420357e-06 30 1077604.15848
	5.75558136232e-06 31 1077604.15848
	5.03688136761e-06 32 1077604.15848
