
	317.915960602 15 10000.0
	328.877122239 16 10000.0
	339.443894475 17 10000.0
	349.682725278 18 10000.0
	359.614596351 19 10000.0
	369.254617773 20 10000.0
	378.620697323 21 10000.0
	387.733029091 22 10000.0
	396.612054004 23 10000.0
	405.27697439 24 10000.0
	413.745047566 25 10000.0
	422.031422405 26 10000.0
	430.149265883 27 10000.0
	438.110008544 28 10000.0
	445.923614116 29 10000.0
	453.598828786 30 10000.0
	461.143393993 31 10000.0
	468.564220631 32 10000.0
	1246.19324127 15 60000.0
	1226.4716974 16 60000.0
	1206.52115247 17 60000.0
	1185.1902706 18 60000.0
	349.448149684 19 60000.0
	360.646898952 20 60000.0
	371.303917292 21 60000.0
	381.45987766 22 60000.0
	391.173081804 23 60000.0
	400.504207725 24 60000.0
	409.508209433 25 60000.0
	418.231347927 26 60000.0
	426.711064016 27 60000.0
	434.977092689 28 60000.0
	443.052923493 29 60000.0
	450.957188123 30 60000.0
	458.704822554 31 60000.0
	466.307979452 32 60000.0
	1248.13071563 15 110000.0
	1228.44377497 16 110000.0
	1208.54644924 17 110000.0
	1187.298834 18 110000.0
	1163.95667225 19 110000.0
	1138.05645987 20 110000.0
	362.406221612 21 110000.0
	374.038556097 22 110000.0
	384.899201227 23 110000.0
	395.120193349 24 110000.0
	404.818670954 25 110000.0
	414.090989988 26 110000.0
	423.012827946 27 110000.0
	431.642110668 28 110000.0
	440.022686408 29 110000.0
	448.187734289 30 110000.0
	456.16255219 31 110000.0
	463.966691763 32 110000.0
	1250.06222562 15 160000.0
	1230.409006 16 160000.0
	1210.56378047 17 160000.0
	1189.39788126 18 160000.0
	1166.1757937 19 160000.0
	1140.44205277 20 160000.0
	1111.86164811 21 160000.0
	1080.09348198 22 160000.0
	377.507412514 23 160000.0
	388.94424995 24 160000.0
	399.561310789 25 160000.0
	409.537299688 26 160000.0
	419.008485749 27 160000.0
	428.076292011 28 160000.0
	436.815247969 29 160000.0
	445.279972316 30 160000.0
	453.510710624 31 160000.0
	461.537472082 32 160000.0
	1251.98781074 15 210000.0
	1232.36745126 16 210000.0
	1212.57323477 17 210000.0
	1191.48754066 18 210000.0
	1168.38336338 19 210000.0
	1142.81296259 20 210000.0
	1114.45048267 21 210000.0
	1082.96808354 22 210000.0
	1047.93851843 23 210000.0
	381.72625665 24 210000.0
	393.581983747 25 210000.0
	404.474790567 26 210000.0
	414.638915745 27 210000.0
	424.243228093 28 210000.0
	433.408466641 29 210000.0
	442.220768972 30 210000.0
	450.741877596 31 210000.0
	459.016532945 32 210000.0
	1253.90750994 15 260000.0
	1234.3191704 16 260000.0
	1214.57489887 17 260000.0
	1193.56793734 18 260000.0
	1170.57956434 19 260000.0
	1145.16946343 20 260000.0
	1117.02048948 21 260000.0
	1085.81734076 22 260000.0
	1051.15274583 23 260000.0
	1012.43283568 24 260000.0
	386.667462117 25 260000.0
	398.776297572 26 260000.0
	409.827435867 27 260000.0
	420.096593595 28 260000.0
	429.774541036 29 260000.0
	438.993743491 30 260000.0
	447.846768646 31 260000.0
	456.399022619 32 260000.0
	1255.82136163 15 310000.0
	1236.26422201 16 310000.0
	1216.56885766 17 310000.0
	1195.63919336 18 310000.0
	1172.76457457 19 310000.0
	1147.51182081 20 310000.0
	1119.5720757 21 310000.0
	1088.64189865 22 310000.0
	1054.33281462 23 310000.0
	1016.08247414 24 310000.0
	378.505058588 25 310000.0
	392.266836692 26 310000.0
	404.472697448 27 310000.0
	415.576816754 28 310000.0
	425.878388759 29 310000.0
	435.578461022 30 310000.0
	444.813830367 31 310000.0
	453.678822821 32 310000.0
	1257.72940371 15 360000.0
	1238.20266362 16 360000.0
	1218.55519423 17 360000.0
	1197.70142787 18 360000.0
	1174.93856718 19 360000.0
	1149.84029201 20 360000.0
	1122.1056341 21 360000.0
	1091.44237597 22 360000.0
	1057.47973852 23 360000.0
	1019.6848368 24 360000.0
	977.24676348 25 360000.0
	384.692386321 26 360000.0
	398.436644317 27 360000.0
	410.605956834 28 360000.0
	421.675324501 29 360000.0
	431.949338344 30 360000.0
	441.628713881 31 360000.0
	450.848294187 32 360000.0
	1259.63167354 15 410000.0
	1240.13455175 16 410000.0
	1220.53398994 17 410000.0
	1199.75475715 18 410000.0
	1177.1017106 19 410000.0
	1152.1551264 20 410000.0
	1124.62154372 21 410000.0
	1094.21936664 22 410000.0
	1060.5944839 23 410000.0
	1023.24157675 24 410000.0
	981.397800747 25 410000.0
	933.850956141 26 410000.0
	391.522273017 27 410000.0
	405.079331248 28 410000.0
	417.107590016 29 410000.0
	428.074114774 30 410000.0
	438.2735762 31 410000.0
	447.897952034 32 410000.0
	1261.52820802 15 460000.0
	1242.05994196 16 460000.0
	1222.50532447 17 460000.0
	1201.79929474 18 460000.0
	1179.25416873 19 460000.0
	1154.45656579 20 460000.0
	1127.12017054 21 460000.0
	1096.97344112 22 460000.0
	1063.6779727 23 460000.0
	1026.75425709 24 460000.0
	985.484012435 25 460000.0
	938.737856871 26 460000.0
	383.427887804 27 460000.0
	398.850803989 28 460000.0
	412.098901571 29 460000.0
	423.911639789 30 460000.0
	434.726130979 31 460000.0
	444.816047056 32 460000.0
	1263.41904355 15 510000.0
	1243.97888881 16 510000.0
	1224.46927588 17 510000.0
	1203.83515152 18 510000.0
	1181.39610115 19 510000.0
	1156.74484474 20 510000.0
	1129.60186805 21 510000.0
	1099.70514759 22 510000.0
	1066.73108515 23 510000.0
	1030.22435747 24 510000.0
	989.5080497 25 510000.0
	943.528576616 26 510000.0
	890.530973657 27 510000.0
	391.704509097 28 510000.0
	406.545354667 29 510000.0
	419.408538066 30 510000.0
	430.958322185 31 510000.0
	441.588013057 32 510000.0
