
	10554.6204784 15 10000.0
	10460.1903896 17 10000.0
	10405.8925945 19 10000.0
	10377.2812461 21 10000.0
	10363.9818138 23 10000.0
	10357.7683158 25 10000.0
	10354.1777344 27 10000.0
	10351.3037225 29 10000.0
	10348.5078714 31 10000.0
	10345.6700994 33 10000.0
	7418.34149556 15 60000.0
	8142.325357 17 60000.0
	11302.2495764 19 60000.0
	10911.0067044 21 60000.0
	10730.8170755 23 60000.0
	10646.2065606 25 60000.0
	10601.3215275 27 60000.0
	10571.9271074 29 60000.0
	10548.4518005 31 60000.0
	10527.5143061 33 60000.0
	7411.88126637 15 110000.0
	8130.58509506 17 110000.0
	9016.44533415 19 110000.0
	11925.6276329 21 110000.0
	11318.7793213 23 110000.0
	11046.0926729 25 110000.0
	10909.3171411 27 110000.0
	10828.2524077 29 110000.0
	10770.705598 31 110000.0
	10724.0682724 33 110000.0
	7405.49940979 15 160000.0
	8118.98995714 17 160000.0
	8998.25614685 19 160000.0
	10092.3312595 21 160000.0
	12238.2506393 23 160000.0
	11597.2770609 25 160000.0
	11294.7149378 27 160000.0
	11127.8835258 29 160000.0
	11019.0444493 31 160000.0
	10937.3238364 33 160000.0
	7399.19464038 15 210000.0
	8107.53718207 17 210000.0
	8980.32703801 19 210000.0
	10064.0015995 21 210000.0
	11473.1850595 23 210000.0
	12361.6471867 25 210000.0
	11780.4629571 27 210000.0
	11480.614851 29 210000.0
	11298.0854813 31 210000.0
	11169.6248096 33 210000.0
	7392.96570027 15 260000.0
	8096.22408141 17 260000.0
	8962.65182639 19 260000.0
	10036.1841542 21 260000.0
	11425.9718911 23 260000.0
	13442.2546362 25 260000.0
	12399.5125339 27 260000.0
	11899.3060921 29 260000.0
	11613.538739 31 260000.0
	11423.7478994 33 260000.0
	7386.81135849 15 310000.0
	8085.04803695 17 310000.0
	8945.22453606 19 310000.0
	10008.8631758 21 310000.0
	11379.9192113 23 310000.0
	15027.8941669 25 310000.0
	13201.2911923 27 310000.0
	12401.2281144 29 310000.0
	11972.5557968 31 310000.0
	11703.0072714 33 310000.0
	7380.73041016 15 360000.0
	8074.00649832 17 360000.0
	8928.03938766 19 360000.0
	9982.02359149 21 360000.0
	11334.978726 23 360000.0
	13232.2815623 25 360000.0
	14264.203865 27 360000.0
	13010.2128485 29 360000.0
	12384.2243476 31 360000.0
	12011.3913327 33 360000.0
	7374.72167585 15 410000.0
	8063.09698074 17 410000.0
	8911.09079007 19 410000.0
	9955.65096697 21 410000.0
	11291.1049304 23 410000.0
	13148.8406619 25 410000.0
	15722.1756387 27 410000.0
	13760.245317 29 410000.0
	12860.2869732 31 410000.0
	12353.744113 33 410000.0
	7368.78400082 15 460000.0
	8052.3170628 17 460000.0
	8894.37333253 19 460000.0
	9929.73147155 21 460000.0
	11248.2549042 23 460000.0
	13068.2998289 25 460000.0
	17828.7427512 27 460000.0
	14701.8012608 29 460000.0
	13416.2149214 31 460000.0
	12736.0094309 33 460000.0
	7362.9162544 15 510000.0
	8041.66438439 17 510000.0
	8877.88177716 19 510000.0
	9904.25184601 21 510000.0
	11206.3881251 23 510000.0
	12990.4908021 25 510000.0
	15880.1299338 27 510000.0
	15913.8129013 29 510000.0
	14072.8643187 31 510000.0
	13165.5651284 33 510000.0
