
	4304.59294875 15 10000.0
	4249.32727419 17 10000.0
	4219.2050054 19 10000.0
	4201.78625622 21 10000.0
	4190.32190914 23 10000.0
	4181.66911138 25 10000.0
	4174.54335265 27 10000.0
	4168.44557594 29 10000.0
	4163.16603219 31 10000.0
	4158.58968307 33 10000.0
	2152.36648255 15 60000.0
	2713.17927926 17 60000.0
	4955.13383361 19 60000.0
	4712.50863969 21 60000.0
	4584.59565692 23 60000.0
	4505.05600808 25 60000.0
	4448.22281125 27 60000.0
	4403.84265497 29 60000.0
	4367.52491082 31 60000.0
	4337.13154988 33 60000.0
	2145.73564642 15 110000.0
	2701.65163853 17 110000.0
	3466.78032473 19 110000.0
	5541.09221729 21 110000.0
	5126.26182515 23 110000.0
	4906.3196358 25 110000.0
	4767.4029109 27 110000.0
	4667.96661188 29 110000.0
	4591.11969169 31 110000.0
	4529.14036868 33 110000.0
	2139.16736233 15 160000.0
	2690.26019403 17 160000.0
	3448.16850726 19 160000.0
	4430.41412015 21 160000.0
	5903.50911782 23 160000.0
	5417.27155925 25 160000.0
	5145.4671661 27 160000.0
	4967.09187066 29 160000.0
	4837.13767109 31 160000.0
	4736.33647678 33 160000.0
	2132.66046003 15 210000.0
	2679.00217057 17 210000.0
	3429.82509365 19 210000.0
	4400.84243619 21 210000.0
	5697.80131502 23 210000.0
	6088.98443215 25 210000.0
	5601.42382347 27 210000.0
	5309.43820011 29 210000.0
	5109.52220584 31 210000.0
	4960.75954931 33 210000.0
	2126.21379747 15 260000.0
	2667.87486877 17 260000.0
	3411.74361114 19 260000.0
	4371.80924972 21 260000.0
	5648.63677309 23 260000.0
	7009.25186236 25 260000.0
	6163.21287972 27 260000.0
	5705.98057749 29 260000.0
	5413.20746087 31 260000.0
	5204.84499803 33 260000.0
	2119.82625991 15 310000.0
	2656.87566247 17 310000.0
	3393.91780156 19 310000.0
	4343.29817316 21 310000.0
	5600.67351537 23 310000.0
	8343.87359782 25 310000.0
	6873.70321719 27 310000.0
	6171.70450067 29 310000.0
	5754.44646403 31 310000.0
	5471.52321317 33 310000.0
	2113.49675923 15 360000.0
	2646.00199625 17 360000.0
	3376.34161222 19 360000.0
	4315.29351327 21 360000.0
	5553.86230875 23 360000.0
	7338.04354489 25 360000.0
	7802.38933106 27 360000.0
	6727.62571229 29 360000.0
	6141.27918317 31 360000.0
	5764.35003112 33 360000.0
	2107.22423304 15 410000.0
	2635.251383 17 410000.0
	3359.00918735 19 410000.0
	4287.78023342 21 410000.0
	5508.15673563 23 410000.0
	7252.34386581 25 410000.0
	9070.46590489 27 410000.0
	7404.18790511 29 410000.0
	6584.21640526 31 410000.0
	6087.68053987 33 410000.0
	2101.00764408 15 460000.0
	2624.62140164 17 460000.0
	3341.91485985 19 460000.0
	4260.74391841 21 460000.0
	5463.51298835 23 460000.0
	7169.58408437 25 460000.0
	10911.9507805 27 460000.0
	8247.29704353 29 460000.0
	7097.26651481 31 460000.0
	6446.9040501 33 460000.0
	2094.84597939 15 510000.0
	2614.10969495 17 510000.0
	3325.05314356 19 510000.0
	4234.17074153 21 510000.0
	5419.88968172 23 510000.0
	7089.59555606 25 510000.0
	9861.88441488 27 510000.0
	9329.78699128 29 510000.0
	7699.52669516 31 510000.0
	6848.76701709 33 510000.0
