
	1052727.56839 15 10000.0
	1059046.68098 16 10000.0
	1065333.34303 17 10000.0
	1071594.94525 18 10000.0
	1077837.02105 19 10000.0
	1084064.74169 20 10000.0
	1090282.62159 21 10000.0
	1096494.22256 22 10000.0
	1102702.12045 23 10000.0
	1108908.04175 24 10000.0
	1115113.05907 25 10000.0
	1121317.77972 26 10000.0
	1127522.50032 27 10000.0
	1133727.32241 28 10000.0
	1139932.23359 29 10000.0
	1146137.16157 30 10000.0
	1152342.00863 31 10000.0
	1158546.67236 32 10000.0
	656141.546073 15 60000.0
	663717.319838 16 60000.0
	671655.015197 17 60000.0
	679994.651603 18 60000.0
	1072630.08014 19 60000.0
	1079310.14213 20 60000.0
	1085856.13844 21 60000.0
	1092313.07718 22 60000.0
	1098712.6115 23 60000.0
	1105076.11169 24 60000.0
	1111417.47536 25 60000.0
	1117745.40647 26 60000.0
	1124065.12907 27 60000.0
	1130379.61116 28 60000.0
	1136690.40641 29 60000.0
	1142998.21555 30 60000.0
	1149303.251 31 60000.0
	1155605.46714 32 60000.0
	656030.152887 15 110000.0
	663590.536011 16 110000.0
	671509.659498 17 110000.0
	679827.193243 18 110000.0
	688585.27232 19 110000.0
	697832.937926 20 110000.0
	1080443.5976 21 110000.0
	1087422.0401 22 110000.0
	1094200.32919 23 110000.0
	1100850.90096 24 110000.0
	1107419.99785 25 110000.0
	1113936.85538 26 110000.0
	1120419.7033 27 110000.0
	1126879.71268 28 110000.0
	1133323.58279 29 110000.0
	1139755.22368 30 110000.0
	1146176.83982 31 110000.0
	1152589.62006 32 110000.0
	655919.605647 15 160000.0
	663464.7578 16 160000.0
	671365.515332 17 160000.0
	679661.211617 18 160000.0
	688393.399787 19 160000.0
	697610.199971 20 160000.0
	707369.270332 21 160000.0
	717742.078855 22 160000.0
	1089004.69982 23 160000.0
	1096129.88282 24 160000.0
	1103052.9371 25 160000.0
	1109846.16177 26 160000.0
	1116554.24624 27 160000.0
	1123204.9073 28 160000.0
	1129815.31881 29 160000.0
	1136396.08887 30 160000.0
	1142953.7474 31 160000.0
	1149492.30885 32 160000.0
	655809.895939 15 210000.0
	663339.974207 16 210000.0
	671222.56804 17 210000.0
	679496.686823 18 210000.0
	688203.3226 19 210000.0
	697389.707999 20 210000.0
	707112.158562 21 210000.0
	717440.106115 22 210000.0
	728463.037921 23 210000.0
	1090763.62013 24 210000.0
	1098223.23839 25 210000.0
	1105412.93745 26 210000.0
	1112428.23965 27 210000.0
	1119327.24549 28 210000.0
	1126145.87808 29 210000.0
	1132906.59232 30 210000.0
	1139623.55172 31 210000.0
	1146305.77974 32 210000.0
	655701.015487 15 260000.0
	663216.174428 16 260000.0
	671080.803252 17 260000.0
	679333.599393 18 260000.0
	688015.013835 19 260000.0
	697171.42383 20 260000.0
	706857.854407 21 260000.0
	717141.789067 22 260000.0
	728109.684045 23 260000.0
	739878.462359 24 260000.0
	1092796.6386 25 260000.0
	1100555.1047 26 260000.0
	1107989.06633 27 260000.0
	1115211.71309 28 260000.0
	1122291.24456 29 260000.0
	1129269.84362 30 260000.0
	1136174.12113 31 260000.0
	1143021.16234 32 260000.0
	655592.956145 15 310000.0
	663093.347846 16 310000.0
	670940.206874 17 310000.0
	679171.930277 18 310000.0
	687828.447218 19 310000.0
	696955.310329 20 310000.0
	706606.303777 21 310000.0
	716847.045847 22 310000.0
	727761.10883 23 310000.0
	739460.730816 24 310000.0
	1086566.14365 25 310000.0
	1095156.07904 26 310000.0
	1103166.27511 27 310000.0
	1110813.47345 28 310000.0
	1118221.71958 29 310000.0
	1125465.5341 30 310000.0
	1132591.2023 31 310000.0
	1139628.23532 32 310000.0
	655485.709896 15 360000.0
	662971.48403 16 360000.0
	670800.76508 17 360000.0
	679011.660832 18 360000.0
	687643.597104 19 360000.0
	696741.331373 20 360000.0
	706357.454264 21 360000.0
	716555.797557 22 360000.0
	727417.187707 23 360000.0
	739049.438255 24 360000.0
	751605.511751 25 360000.0
	1089040.12018 26 360000.0
	1097861.77365 27 360000.0
	1106073.54456 28 360000.0
	1113899.86576 29 360000.0
	1121468.89978 30 360000.0
	1128857.87223 31 360000.0
	1136115.12594 32 360000.0
	655379.268848 15 410000.0
	662850.572728 16 410000.0
	670662.464312 17 410000.0
	678852.77281 18 410000.0
	687460.438458 19 410000.0
	696529.45181 20 410000.0
	706111.255075 21 410000.0
	716267.968116 22 410000.0
	727077.801357 23 410000.0
	738644.385874 24 410000.0
	751113.547361 25 410000.0
	764705.994823 26 410000.0
	1091931.7334 27 410000.0
	1100911.66467 28 410000.0
	1109277.38198 29 410000.0
	1117249.24203 30 410000.0
	1124953.7951 31 410000.0
	1132467.91893 32 410000.0
	655273.625234 15 460000.0
	662730.603862 16 460000.0
	670525.291263 17 460000.0
	678695.248345 18 460000.0
	687278.946835 19 460000.0
	696319.637422 20 460000.0
	705867.656961 21 460000.0
	715983.484125 22 460000.0
	726742.835406 23 460000.0
	738245.38477 24 460000.0
	750630.275335 25 460000.0
	764105.901705 26 460000.0
	1085149.6013 27 460000.0
	1095213.72395 28 460000.0
	1104290.1394 29 460000.0
	1112767.75103 30 460000.0
	1120854.19169 31 460000.0
	1128670.13905 32 460000.0
	655168.771406 15 510000.0
	662611.567528 16 510000.0
	670389.232879 17 510000.0
	678539.069943 18 510000.0
	687099.098356 19 510000.0
	696111.854892 20 510000.0
	705626.612154 21 510000.0
	715702.274729 22 510000.0
	726412.18014 23 510000.0
	737852.25526 24 510000.0
	750155.378266 25 510000.0
	763518.561128 26 510000.0
	778260.488529 27 510000.0
	1088807.64679 28 510000.0
	1098849.8532 29 510000.0
	1107974.18243 30 510000.0
	1116528.37215 31 510000.0
	1124702.05337 32 510000.0
