
	0.164282834367 15 10000.0
	0.153663834908 16 10000.0
	0.144363155089 17 10000.0
	0.136142972186 18 10000.0
	0.128820996955 19 10000.0
	0.12225485047 20 10000.0
	0.11633149217 21 10000.0
	0.110959853894 22 10000.0
	0.106065611273 23 10000.0
	0.101587408705 24 10000.0
	0.097474086412 25 10000.0
	0.0936826083258 26 10000.0
	0.09017648816 27 10000.0
	0.0869245757813 28 10000.0
	0.0839001086766 29 10000.0
	0.0810799616752 30 10000.0
	0.0784440471711 31 10000.0
	0.0759748311381 32 10000.0
	76.202712641 15 60000.0
	75.3159425316 16 60000.0
	74.3867395549 17 60000.0
	73.4051746783 18 60000.0
	0.815676406093 19 60000.0
	0.768666329354 20 60000.0
	0.727303095117 21 60000.0
	0.690501338568 22 60000.0
	0.657471628963 23 60000.0
	0.627617655096 24 60000.0
	0.60047497414 25 60000.0
	0.575672888373 26 60000.0
	0.552909712422 27 60000.0
	0.531936086802 28 60000.0
	0.512543305934 29 60000.0
	0.494554885786 30 60000.0
	0.477820298777 31 60000.0
	0.462210207008 32 60000.0
	76.2479769474 15 110000.0
	75.3640025546 16 110000.0
	74.4381300769 17 110000.0
	73.460544175 18 110000.0
	72.422449525 19 110000.0
	71.3147727296 20 110000.0
	1.39982929881 21 110000.0
	1.32001599093 22 110000.0
	1.25021145715 23 110000.0
	1.18832481249 24 110000.0
	1.13289392963 25 110000.0
	1.08284538482 26 110000.0
	1.03736051743 27 110000.0
	0.99579611391 28 110000.0
	0.957634921942 29 110000.0
	0.922453301555 30 110000.0
	0.889899181732 31 110000.0
	0.859676482042 32 110000.0
	76.2930605568 15 160000.0
	75.411855234 16 160000.0
	74.4892774972 17 160000.0
	73.5156226425 18 160000.0
	72.482233033 19 160000.0
	71.3802273753 20 160000.0
	70.1993310942 21 160000.0
	68.9265996467 22 160000.0
	1.89605020138 23 160000.0
	1.79185129406 24 160000.0
	1.70055107728 25 160000.0
	1.61946967174 26 160000.0
	1.54672831369 27 160000.0
	1.48094493213 28 160000.0
	1.42106422599 29 160000.0
	1.36625669534 30 160000.0
	1.31585534033 31 160000.0
	1.26931407756 32 160000.0
	76.3379651362 15 210000.0
	75.459502704 16 210000.0
	74.540184629 17 210000.0
	73.570413892 18 210000.0
	72.5416661524 19 210000.0
	71.4452453587 20 210000.0
	70.2711479058 21 210000.0
	69.0068397956 22 210000.0
	67.6356036791 23 210000.0
	2.45019535577 24 210000.0
	2.31150445698 25 210000.0
	2.19117525802 26 210000.0
	2.08506943231 27 210000.0
	1.99037879551 28 210000.0
	1.90508993517 29 210000.0
	1.82769693361 30 210000.0
	1.75703589015 31 210000.0
	1.69218382527 32 210000.0
	76.3826923273 15 260000.0
	75.5069470627 16 260000.0
	74.5908542312 17 260000.0
	73.6249216521 18 260000.0
	72.6007540613 19 260000.0
	71.5098340851 20 260000.0
	70.3424184563 21 260000.0
	69.0863656786 22 260000.0
	67.7255738004 23 260000.0
	66.2374979568 24 260000.0
	2.97748019414 25 260000.0
	2.80565507378 26 260000.0
	2.65766458116 27 260000.0
	2.52785104204 28 260000.0
	2.41245443766 29 260000.0
	2.30882311055 30 260000.0
	2.21500050283 31 260000.0
	2.12949148363 32 260000.0
	76.4272437475 15 310000.0
	75.5541903725 16 310000.0
	74.6412890104 17 310000.0
	73.6791495708 18 310000.0
	72.6595018109 19 310000.0
	71.5740007531 20 310000.0
	70.4131533471 21 310000.0
	69.1651935398 22 310000.0
	67.8146043336 23 310000.0
	66.3398000779 24 310000.0
	3.7167299257 25 310000.0
	3.47391237042 26 310000.0
	3.27161447115 27 310000.0
	3.09817622485 28 310000.0
	2.94654720968 29 310000.0
	2.81209293858 30 310000.0
	2.69157416886 31 310000.0
	2.58261898605 32 310000.0
	76.4716209898 15 360000.0
	75.6012346614 16 360000.0
	74.6914916218 17 360000.0
	73.7331012185 18 360000.0
	72.7179143304 19 360000.0
	71.6377523627 20 360000.0
	70.4833628433 21 360000.0
	69.2433390225 22 360000.0
	67.9027202974 23 360000.0
	66.4408259368 24 360000.0
	64.8274472088 25 360000.0
	4.21266945951 26 360000.0
	3.93686355865 27 360000.0
	3.70770956783 28 360000.0
	3.51164582248 29 360000.0
	3.34050056369 30 360000.0
	3.18891786152 31 360000.0
	3.05316480767 32 360000.0
	76.5158256241 15 410000.0
	75.6480819235 16 410000.0
	74.7414646709 17 410000.0
	73.7867800899 18 410000.0
	72.7759964309 19 410000.0
	71.7010957229 20 410000.0
	70.5530568879 21 410000.0
	69.3208171999 22 410000.0
	67.9899456342 23 410000.0
	66.5406159482 24 410000.0
	64.9440910705 25 410000.0
	63.1558942703 26 410000.0
	4.66809815014 27 410000.0
	4.36514258802 28 410000.0
	4.11328447212 29 410000.0
	3.89776008665 30 410000.0
	3.7096250459 31 410000.0
	3.54299689131 32 410000.0
	76.5598591969 15 460000.0
	75.69473412 16 460000.0
	74.7912107146 17 460000.0
	73.8401896064 18 460000.0
	72.8337528093 19 460000.0
	71.7640374587 20 460000.0
	70.6222451161 21 460000.0
	69.3976426034 22 460000.0
	68.0763032731 23 460000.0
	66.6392084726 24 460000.0
	65.0589974812 25 460000.0
	63.2937536189 26 460000.0
	5.48864482207 27 460000.0
	5.08291207747 28 460000.0
	4.75884280202 29 460000.0
	4.48857733257 30 460000.0
	4.25685646695 31 460000.0
	4.05432319983 32 460000.0
	76.6037232323 15 510000.0
	75.7411931797 16 510000.0
	74.8407322628 17 510000.0
	73.8933331182 18 510000.0
	72.8911880523 19 510000.0
	71.8265840187 20 510000.0
	70.6909368683 21 510000.0
	69.4738292499 22 510000.0
	68.1618151891 23 510000.0
	66.7366399589 24 510000.0
	65.1722316614 25 510000.0
	63.4290367963 26 510000.0
	61.4419530881 27 510000.0
	5.87991789024 28 510000.0
	5.45853942988 29 510000.0
	5.11906741027 30 510000.0
	4.83453333424 31 510000.0
	4.58978753867 32 510000.0
