
	28934.1826738 15 10000.0
	30248.8236395 17 10000.0
	31409.0198196 19 10000.0
	32448.8982042 21 10000.0
	33392.2627154 23 10000.0
	34256.1432323 25 10000.0
	35053.1428681 27 10000.0
	35792.938707 29 10000.0
	36483.1893748 31 10000.0
	37130.094155 33 10000.0
	-2572.4493076 15 60000.0
	-1601.33438651 17 60000.0
	23732.7444931 19 60000.0
	24842.1954375 21 60000.0
	25825.6603217 23 60000.0
	26716.5194054 25 60000.0
	27534.0049077 27 60000.0
	28290.4727744 29 60000.0
	28994.7352231 31 60000.0
	29653.5711124 33 60000.0
	-2579.91965407 15 110000.0
	-1609.93111248 17 110000.0
	-658.932296323 19 110000.0
	22066.4249996 21 110000.0
	23120.3305465 23 110000.0
	24051.4853408 25 110000.0
	24895.8761109 27 110000.0
	25672.378095 29 110000.0
	26392.5476439 31 110000.0
	27064.4532635 33 110000.0
	-2587.35920956 15 160000.0
	-1618.48341929 17 160000.0
	-669.111752009 19 160000.0
	283.155083927 21 160000.0
	21331.5668989 23 160000.0
	22322.0671963 25 160000.0
	23201.8151201 27 160000.0
	24002.533136 29 160000.0
	24740.8691144 31 160000.0
	25427.1572636 33 160000.0
	-2594.76827137 15 210000.0
	-1626.99184384 17 210000.0
	-679.225855399 19 210000.0
	270.783441078 21 210000.0
	1246.2760722 23 210000.0
	20992.5507599 25 210000.0
	21919.1051536 27 210000.0
	22749.3200734 29 210000.0
	23508.539616 31 210000.0
	24210.7323464 33 210000.0
	-2602.14713185 15 260000.0
	-1635.45691232 17 260000.0
	-689.275591135 19 260000.0
	258.512398676 21 260000.0
	1230.71222447 23 260000.0
	19872.54655 25 260000.0
	20862.0243334 27 260000.0
	21728.5317935 29 260000.0
	22511.9368067 31 260000.0
	23231.8098681 33 260000.0
	-2609.49607852 15 310000.0
	-1643.87914053 17 310000.0
	-699.261919757 19 310000.0
	246.340008823 21 310000.0
	1215.3166222 23 310000.0
	18865.4456767 25 310000.0
	19941.7827377 27 310000.0
	20853.539233 29 310000.0
	21665.1922495 31 310000.0
	22404.8321598 33 310000.0
	-2616.81539416 15 360000.0
	-1652.25903417 17 360000.0
	-709.185778516 19 360000.0
	234.264384704 21 360000.0
	1200.08485889 23 360000.0
	2217.90909612 25 360000.0
	19106.7354181 27 360000.0
	20075.9163807 29 360000.0
	20920.8907663 31 360000.0
	21682.7691898 33 360000.0
	-2624.10535696 15 410000.0
	-1660.5970891 17 410000.0
	-719.048082153 19 410000.0
	222.283697936 21 410000.0
	1185.01271435 23 410000.0
	2197.80394518 25 410000.0
	18321.196014 27 410000.0
	19365.049675 29 410000.0
	20249.797184 31 410000.0
	21036.8695172 33 410000.0
	-2631.36624056 15 460000.0
	-1668.89379158 17 460000.0
	-728.849723643 19 460000.0
	210.396176081 21 460000.0
	1170.09614393 23 460000.0
	2177.99994547 25 460000.0
	17555.0036106 27 460000.0
	18699.4079529 29 460000.0
	19632.3199456 31 460000.0
	20448.1585458 33 460000.0
	-2638.59831421 15 510000.0
	-1677.14961857 17 510000.0
	-738.59157491 19 510000.0
	198.600100277 21 510000.0
	1155.33126844 23 510000.0
	2158.48604779 25 510000.0
	3256.8601316 27 510000.0
	18062.0588366 29 510000.0
	19054.3651464 31 510000.0
	19903.3434579 33 510000.0
