
	497.215024936 40 1000000.0
	539.031570547 45 1000000.0
	574.867355669 50 1000000.0
	606.335657279 55 1000000.0
	634.157534446 60 1000000.0
	658.794408115 65 1000000.0
	680.666085581 70 1000000.0
	700.218332333 75 1000000.0
	717.917691096 80 1000000.0
	581.467388666 40 3000000.0
	560.586166281 45 3000000.0
	590.156963614 50 3000000.0
	621.413805811 55 3000000.0
	649.905849975 60 3000000.0
	675.215260033 65 3000000.0
	697.586729171 70 3000000.0
	717.462640866 75 3000000.0
	735.351074721 80 3000000.0
	839.514572764 40 5000000.0
	735.155597927 45 5000000.0
	691.564516378 50 5000000.0
	688.552247463 55 5000000.0
	700.833452772 60 5000000.0
	717.356856789 65 5000000.0
	734.307452913 70 5000000.0
	750.492537491 75 5000000.0
	765.689490833 80 5000000.0
	993.128995303 40 7000000.0
	898.634907984 45 7000000.0
	831.791420342 50 7000000.0
	795.927604061 55 7000000.0
	782.910029783 60 7000000.0
	782.759312676 65 7000000.0
	788.784516099 70 7000000.0
	797.509435449 75 7000000.0
	807.362200063 80 7000000.0
	1105.86203753 40 9000000.0
	1022.27065794 45 9000000.0
	954.305417871 50 9000000.0
	906.309719298 55 9000000.0
	876.872205678 60 9000000.0
	861.445810882 65 9000000.0
	855.258413159 70 9000000.0
	854.722502187 75 9000000.0
	857.598010001 80 9000000.0
	1197.37519303 40 11000000.0
	1122.25570622 45 11000000.0
	1057.08746977 50 11000000.0
	1005.5478401 55 11000000.0
	968.048181685 60 11000000.0
	942.665652002 65 11000000.0
	926.672584276 70 11000000.0
	917.523292761 75 11000000.0
	913.250312402 80 11000000.0
	1275.42297124 40 13000000.0
	1207.07234361 45 13000000.0
	1145.37901622 50 13000000.0
	1093.36031136 55 13000000.0
	1052.0348487 60 13000000.0
	1020.70875689 65 13000000.0
	997.870603468 70 13000000.0
	981.892027732 75 13000000.0
	971.350434649 80 13000000.0
	1343.93241931 40 15000000.0
	1281.18424785 45 15000000.0
	1222.96365689 50 15000000.0
	1171.72738729 55 15000000.0
	1128.68603514 60 15000000.0
	1093.81200128 65 15000000.0
	1066.34032817 70 15000000.0
	1045.27694615 75 15000000.0
	1029.66971289 80 15000000.0
	1405.22568041 40 17000000.0
	1347.23349293 45 17000000.0
	1292.30611969 50 17000000.0
	1242.43368516 55 17000000.0
	1198.83211694 60 17000000.0
	1161.85217366 65 17000000.0
	1131.22969193 70 17000000.0
	1106.42616696 75 17000000.0
	1086.85099041 80 17000000.0
	1460.82137049 40 19000000.0
	1406.93959804 45 19000000.0
	1355.07787712 50 19000000.0
	1306.84190896 55 19000000.0
	1263.36498584 60 19000000.0
	1225.20224545 65 19000000.0
	1192.4344391 70 19000000.0
	1164.86940415 75 19000000.0
	1142.20346707 80 19000000.0
	1511.78310741 40 21000000.0
	1461.50129743 45 21000000.0
	1412.47166603 50 21000000.0
	1365.98497445 55 21000000.0
	1323.05480521 60 21000000.0
	1284.33148885 65 21000000.0
	1250.12862302 70 21000000.0
	1220.52113873 75 21000000.0
	1195.44190109 80 21000000.0
	1558.89300837 40 23000000.0
	1511.79683202 45 23000000.0
	1465.37546013 50 23000000.0
	1420.66206639 55 23000000.0
	1378.54020489 60 23000000.0
	1339.6881202 65 23000000.0
	1304.56982908 70 23000000.0
	1273.46308729 75 23000000.0
	1246.49735172 80 23000000.0
	1602.74722662 40 25000000.0
	1558.49369985 45 25000000.0
	1514.47242084 50 25000000.0
	1471.50567701 55 25000000.0
	1430.35017971 60 25000000.0
	1391.67223309 65 25000000.0
	1356.02679074 70 25000000.0
	1323.84138365 75 25000000.0
	1295.40672141 80 25000000.0
	1643.81279046 40 27000000.0
	1602.11359494 45 27000000.0
	1560.3016542 50 27000000.0
	1519.02618393 55 27000000.0
	1478.92648933 60 27000000.0
	1440.63467019 65 27000000.0
	1404.75488257 70 27000000.0
	1371.82161865 75 27000000.0
	1342.25496959 80 27000000.0
	1682.46352875 40 29000000.0
	1643.07326781 45 29000000.0
	1603.29717506 50 29000000.0
	1563.64200195 55 29000000.0
	1524.64146193 60 29000000.0
	1486.88219965 65 29000000.0
	1450.98910916 70 29000000.0
	1417.57011969 75 29000000.0
	1387.14662952 80 29000000.0
	1719.00389867 40 31000000.0
	1681.71153386 45 31000000.0
	1643.81406583 50 31000000.0
	1605.70062572 55 31000000.0
	1567.81153398 60 31000000.0
	1530.68345771 65 31000000.0
	1494.9431677 70 31000000.0
	1461.24649397 75 31000000.0
	1430.19221302 80 31000000.0
	1753.6854176 40 33000000.0
	1718.3078509 45 33000000.0
	1682.14671471 50 33000000.0
	1645.49377939 55 33000000.0
	1608.70758776 60 33000000.0
	1572.27430342 65 33000000.0
	1536.81048847 70 33000000.0
	1503.00087069 75 33000000.0
	1471.50181679 80 33000000.0
	1786.71836355 40 35000000.0
	1753.09552031 45 35000000.0
	1718.54193235 50 35000000.0
	1683.26862191 55 35000000.0
	1647.56296802 60 35000000.0
	1611.8623873 65 35000000.0
	1576.76583708 70 35000000.0
	1542.97308591 75 35000000.0
	1511.18212958 80 35000000.0
	1818.28033149 40 37000000.0
	1786.27132448 45 37000000.0
	1753.20862955 50 37000000.0
	1719.23622335 55 37000000.0
	1684.57980161 60 37000000.0
	1649.63101202 65 37000000.0
	1614.96700558 70 37000000.0
	1581.29267999 75 37000000.0
	1549.33504095 80 37000000.0
	1848.52263317 40 39000000.0
	1818.00272391 45 39000000.0
	1786.32511206 50 39000000.0
	1753.57809699 55 39000000.0
	1719.93405021 60 39000000.0
	1685.74240214 65 39000000.0
	1651.55644014 70 39000000.0
	1618.07924618 75 39000000.0
	1586.05702115 80 39000000.0
	1877.57517653 40 41000000.0
	1848.43333657 45 41000000.0
	1818.04467944 50 41000000.0
	1786.45131191 55 41000000.0
	1753.7795974 60 41000000.0
	1720.34048565 65 41000000.0
	1686.66275873 70 41000000.0
	1653.44293738 75 41000000.0
	1621.43889089 80 41000000.0
