
	14121.6488343 40 1000000.0
	12803.4395138 45 1000000.0
	12169.5094881 50 1000000.0
	11841.0515043 55 1000000.0
	11698.4589266 60 1000000.0
	11691.7704291 65 1000000.0
	11794.0454313 70 1000000.0
	11986.1676253 75 1000000.0
	12251.2952573 80 1000000.0
	32320.9161192 40 3000000.0
	23663.7681703 45 3000000.0
	17843.4065692 50 3000000.0
	15428.6083955 55 3000000.0
	14244.661258 60 3000000.0
	13628.0420868 65 3000000.0
	13333.7169868 70 3000000.0
	13249.0473883 75 3000000.0
	13311.0510989 80 3000000.0
	18946.5677932 40 5000000.0
	21422.5149304 45 5000000.0
	20576.890022 50 5000000.0
	18289.5891064 55 5000000.0
	16490.3895999 60 5000000.0
	15362.0600386 65 5000000.0
	14707.1097968 70 5000000.0
	14367.8794929 75 5000000.0
	14244.5941016 80 5000000.0
	15545.672243 40 7000000.0
	17353.242202 45 7000000.0
	18213.219268 50 7000000.0
	17969.1401065 55 7000000.0
	17128.3373447 60 7000000.0
	16251.8995316 65 7000000.0
	15585.9096251 70 7000000.0
	15163.3476085 75 7000000.0
	14947.5766996 80 7000000.0
	13968.3851909 40 9000000.0
	15342.5915603 45 9000000.0
	16288.3623618 50 9000000.0
	16671.5377006 55 9000000.0
	16582.8585371 60 9000000.0
	16241.5014752 65 9000000.0
	15856.3949157 70 9000000.0
	15550.4505298 75 9000000.0
	15366.959116 80 9000000.0
	13026.9039648 40 11000000.0
	14158.1965436 45 11000000.0
	15034.8055369 50 11000000.0
	15577.8204288 55 11000000.0
	15807.454456 60 11000000.0
	15816.0418447 65 11000000.0
	15715.2279178 70 11000000.0
	15598.7435809 75 11000000.0
	15525.0964581 80 11000000.0
	12388.5411826 40 13000000.0
	13369.3415607 45 13000000.0
	14172.3027736 50 13000000.0
	14753.6902786 55 13000000.0
	15117.8322745 60 13000000.0
	15313.1598871 65 13000000.0
	15404.393214 70 13000000.0
	15451.6160826 75 13000000.0
	15499.9830468 80 13000000.0
	11920.8173717 40 15000000.0
	12801.0753476 45 15000000.0
	13542.9924787 50 15000000.0
	14125.5687304 55 15000000.0
	14550.7950366 60 15000000.0
	14847.6887962 65 15000000.0
	15058.2174035 70 15000000.0
	15222.8122824 75 15000000.0
	15373.2057432 80 15000000.0
	11559.6220169 40 17000000.0
	12369.0851641 45 17000000.0
	13062.4894531 50 17000000.0
	13633.9365306 55 17000000.0
	14087.4690619 60 17000000.0
	14442.6599698 65 17000000.0
	14728.5187629 70 17000000.0
	14973.8743567 75 17000000.0
	15201.4670881 80 17000000.0
	11269.8157624 40 19000000.0
	12027.5266384 45 19000000.0
	12682.5815507 50 19000000.0
	13239.3415864 55 19000000.0
	13705.1182303 60 19000000.0
	14095.0675877 65 19000000.0
	14430.2354324 70 19000000.0
	14731.7997875 75 19000000.0
	15016.459533 80 19000000.0
	11030.3908628 40 21000000.0
	11749.2198767 45 21000000.0
	12373.8388384 50 21000000.0
	12915.7306198 55 21000000.0
	13385.4910504 60 21000000.0
	13796.5122603 65 21000000.0
	14164.9283804 70 21000000.0
	14506.5604882 75 21000000.0
	14833.7176878 80 21000000.0
	10827.9546222 40 23000000.0
	11516.9752516 45 23000000.0
	12117.2907928 50 23000000.0
	12645.4343842 55 23000000.0
	13114.8959867 60 23000000.0
	13538.6709034 65 23000000.0
	13929.9476244 70 23000000.0
	14300.7646513 75 23000000.0
	14660.0820069 80 23000000.0
	10653.5352096 40 25000000.0
	11319.3633647 45 25000000.0
	11900.1585298 50 25000000.0
	12416.1101847 55 25000000.0
	12883.1274173 60 25000000.0
	13314.4749491 65 25000000.0
	13721.6548943 70 25000000.0
	14114.0736713 75 25000000.0
	14498.1103685 80 25000000.0
	10500.8805103 40 27000000.0
	11148.4750468 45 27000000.0
	11713.518368 50 27000000.0
	12218.9001585 55 27000000.0
	12682.5074764 60 27000000.0
	13118.1669351 65 27000000.0
	13536.4846193 70 27000000.0
	13945.0758176 75 27000000.0
	14348.3510497 80 27000000.0
	10365.4912223 40 29000000.0
	10998.6554707 45 29000000.0
	11550.9494489 50 29000000.0
	12047.2948463 55 29000000.0
	12507.1841647 60 29000000.0
	12945.1052119 65 29000000.0
	13371.2530537 70 29000000.0
	13792.0552268 75 29000000.0
	14210.4464679 80 29000000.0
	10244.0416617 40 31000000.0
	10865.7501034 45 31000000.0
	11407.7135586 50 31000000.0
	11896.4104328 55 31000000.0
	12352.6369634 60 31000000.0
	12791.5459972 65 31000000.0
	13223.2121194 70 31000000.0
	13653.299466 75 31000000.0
	14083.6568171 80 31000000.0
	10134.0174487 40 33000000.0
	10746.6355771 45 33000000.0
	11280.2377684 50 33000000.0
	11762.5155068 55 33000000.0
	12215.3290273 60 33000000.0
	12654.4564167 65 33000000.0
	13090.0206961 70 33000000.0
	13527.216019 75 33000000.0
	13967.1068828 80 33000000.0
	10033.4804595 40 35000000.0
	10638.9169419 45 35000000.0
	11165.776972 50 35000000.0
	11642.7129386 55 35000000.0
	12092.4600655 60 35000000.0
	12531.3650891 65 35000000.0
	12969.693447 70 35000000.0
	13412.3693751 75 35000000.0
	13859.9020418 80 35000000.0
	9940.9115306 40 37000000.0
	10540.7260927 45 37000000.0
	11062.1873157 50 37000000.0
	11534.720952 55 37000000.0
	11981.7884784 60 37000000.0
	12420.2453471 65 37000000.0
	12860.5478705 70 37000000.0
	13307.4851081 75 37000000.0
	13761.1819949 80 37000000.0
	9855.10233529 40 39000000.0
	10450.5838844 45 39000000.0
	10967.7702044 50 39000000.0
	11436.719276 55 39000000.0
	11881.5016216 60 39000000.0
	12319.4244788 65 39000000.0
	12761.1562869 70 39000000.0
	13211.4405594 75 39000000.0
	13670.1443499 80 39000000.0
	9775.07930065 40 41000000.0
	10367.3035638 45 41000000.0
	10881.1624945 50 41000000.0
	11347.238985 55 41000000.0
	11790.1199473 60 41000000.0
	12227.5131229 65 41000000.0
	12670.3044351 70 41000000.0
	13123.2506209 75 41000000.0
	13586.0533086 80 41000000.0
