
	7666.78812878 40 1000000.0
	6403.73305156 45 1000000.0
	5760.03967382 50 1000000.0
	5370.25081917 55 1000000.0
	5110.69597794 60 1000000.0
	4927.01301665 65 1000000.0
	4791.32006558 70 1000000.0
	4687.7907917 75 1000000.0
	4606.77289651 80 1000000.0
	25439.0069102 40 3000000.0
	16873.4944094 45 3000000.0
	11185.3656367 50 3000000.0
	8774.05764397 55 3000000.0
	7507.4751788 60 3000000.0
	6736.00447427 65 3000000.0
	6219.90385752 70 3000000.0
	5852.23825596 75 3000000.0
	5578.33942893 80 3000000.0
	12372.8337421 40 5000000.0
	14753.5442261 45 5000000.0
	13853.1155581 50 5000000.0
	11531.3029265 55 5000000.0
	9651.70651153 60 5000000.0
	8376.60393798 65 5000000.0
	7507.70564638 70 5000000.0
	6892.35658694 75 5000000.0
	6439.17641461 80 5000000.0
	8947.19675017 40 7000000.0
	10704.3688309 45 7000000.0
	11502.8453009 50 7000000.0
	11180.8502679 55 7000000.0
	10232.624571 60 7000000.0
	9199.94087188 65 7000000.0
	8318.75632315 70 7000000.0
	7621.94812617 75 7000000.0
	7079.21046841 80 7000000.0
	7324.9644885 40 9000000.0
	8652.31799236 45 9000000.0
	9546.39245483 50 9000000.0
	9850.73645536 55 9000000.0
	9644.63463263 60 9000000.0
	9137.97257134 65 9000000.0
	8533.01951351 70 9000000.0
	7951.65304958 75 9000000.0
	7441.98738936 80 9000000.0
	6342.82823388 40 11000000.0
	7420.52036811 45 11000000.0
	8245.88036983 50 11000000.0
	8712.43241196 55 11000000.0
	8824.17693668 60 11000000.0
	8664.58839045 65 11000000.0
	8341.10586658 70 11000000.0
	7947.71911857 75 11000000.0
	7547.80446525 80 11000000.0
	5669.78601727 40 13000000.0
	6587.88631656 45 13000000.0
	7335.58763193 50 13000000.0
	7840.16726761 55 13000000.0
	8086.95615214 60 13000000.0
	8113.90405544 65 13000000.0
	7981.66235994 70 13000000.0
	7751.30664757 75 13000000.0
	7473.3085886 80 13000000.0
	5172.45863372 40 15000000.0
	5980.60809637 45 15000000.0
	6661.53586142 50 15000000.0
	7164.91821058 55 15000000.0
	7472.37082228 60 15000000.0
	7601.01745191 65 15000000.0
	7588.11041805 70 15000000.0
	7475.10428166 75 15000000.0
	7299.28721439 80 15000000.0
	4785.75016718 40 17000000.0
	5513.94781822 45 17000000.0
	6140.04074965 50 17000000.0
	6628.77248292 55 17000000.0
	6963.11454755 60 17000000.0
	7149.77803247 65 17000000.0
	7212.33020935 70 17000000.0
	7180.32393254 75 17000000.0
	7082.04449977 80 17000000.0
	4473.76185329 40 19000000.0
	5141.43879471 45 19000000.0
	5722.72709291 50 19000000.0
	6192.66600519 55 19000000.0
	6537.11593397 60 19000000.0
	6757.72984361 65 19000000.0
	6869.49649121 70 19000000.0
	6893.92608317 75 19000000.0
	6853.1020036 80 19000000.0
	4214.93242517 40 21000000.0
	4835.3545456 45 21000000.0
	5379.80722601 50 21000000.0
	5830.48973433 55 21000000.0
	6176.31434173 60 21000000.0
	6416.73456224 65 21000000.0
	6561.34560377 70 21000000.0
	6625.9200205 75 21000000.0
	6627.92693285 80 21000000.0
	3995.46444283 40 23000000.0
	4578.06813113 45 23000000.0
	5091.94815918 50 23000000.0
	5524.37504333 55 23000000.0
	5866.99224386 60 23000000.0
	6118.54571218 65 23000000.0
	6285.31219165 70 23000000.0
	6378.94640156 75 23000000.0
	6413.33007883 80 23000000.0
	3806.08372597 40 25000000.0
	4357.8058446 45 25000000.0
	4846.05162914 50 25000000.0
	5261.74815846 55 25000000.0
	5598.82757139 60 25000000.0
	5856.06974691 65 25000000.0
	6037.77275609 70 25000000.0
	6152.6744626 75 25000000.0
	6211.84810266 80 25000000.0
	3640.30605225 40 27000000.0
	4166.38526455 45 27000000.0
	4632.92335684 50 27000000.0
	5033.5283003 55 27000000.0
	5363.99414329 60 27000000.0
	5623.47282141 65 27000000.0
	5815.13119246 70 27000000.0
	5945.67612988 75 27000000.0
	6024.00519961 80 27000000.0
	3493.44881836 40 29000000.0
	3997.93115054 45 29000000.0
	4445.91493632 50 29000000.0
	4833.00366661 55 29000000.0
	5156.48611186 60 29000000.0
	5416.01347775 65 29000000.0
	5614.14632805 70 29000000.0
	5756.20056866 75 29000000.0
	5849.41345773 80 29000000.0
	3362.03761642 40 31000000.0
	3848.10785878 45 31000000.0
	4280.09595663 50 31000000.0
	4655.11079252 55 31000000.0
	4971.63491312 60 31000000.0
	5229.83977977 65 31000000.0
	5431.99798604 70 31000000.0
	5582.48752724 75 31000000.0
	5687.29636472 80 31000000.0
	3243.43439537 40 33000000.0
	3713.64047732 45 33000000.0
	4131.72968802 50 33000000.0
	4495.95980657 55 33000000.0
	4805.76586648 60 33000000.0
	5061.8102969 65 33000000.0
	5266.26601001 70 33000000.0
	5422.88854535 75 33000000.0
	5536.73669881 80 33000000.0
	3135.59594654 40 35000000.0
	3592.00511783 45 35000000.0
	3997.92997809 50 35000000.0
	4352.51376294 55 35000000.0
	4655.95229178 60 35000000.0
	4909.34873682 65 35000000.0
	5114.88386636 70 35000000.0
	5275.90758513 75 35000000.0
	5396.79393254 80 35000000.0
	3036.91214622 40 37000000.0
	3481.22233441 45 37000000.0
	3876.43027514 50 37000000.0
	4222.36710319 55 37000000.0
	4519.83746978 60 37000000.0
	4770.32909585 65 37000000.0
	4976.088589 70 37000000.0
	5140.20765559 75 37000000.0
	5266.55933026 80 37000000.0
	2946.09469848 40 39000000.0
	3379.71559567 45 39000000.0
	3765.42423041 50 39000000.0
	4103.5894626 55 39000000.0
	4395.50414651 60 39000000.0
	4642.98567717 65 39000000.0
	4848.37446853 70 39000000.0
	5014.60327708 75 39000000.0
	5145.18071691 80 39000000.0
	2862.09881186 40 41000000.0
	3286.21202671 45 41000000.0
	3663.45326052 50 41000000.0
	3994.61350887 55 41000000.0
	4281.37771931 60 41000000.0
	4525.84264442 65 41000000.0
	4730.45260521 70 41000000.0
	4898.04747842 75 41000000.0
	5031.87213212 80 41000000.0
