
	453001.858664 40 1000000.0
	492995.36004 45 1000000.0
	530267.372352 50 1000000.0
	566290.720097 55 1000000.0
	601867.561168 60 1000000.0
	637575.593662 65 1000000.0
	673890.856569 70 1000000.0
	711222.11949 75 1000000.0
	749916.041412 80 1000000.0
	279492.36864 40 3000000.0
	381331.555458 45 3000000.0
	446745.605624 50 3000000.0
	498079.486564 55 3000000.0
	543610.862551 60 3000000.0
	586480.052904 65 3000000.0
	628275.309496 70 3000000.0
	669976.223158 75 3000000.0
	712258.21856 80 3000000.0
	206476.929374 40 5000000.0
	286709.030989 45 5000000.0
	363652.820555 50 5000000.0
	429392.402277 55 5000000.0
	485685.106207 60 5000000.0
	536310.32702 65 5000000.0
	583902.003296 70 5000000.0
	630113.862761 75 5000000.0
	676026.209538 80 5000000.0
	177171.572132 40 7000000.0
	243130.090469 45 7000000.0
	310852.021718 50 7000000.0
	375977.493729 55 7000000.0
	436152.886974 60 7000000.0
	491549.394963 65 7000000.0
	543506.373619 70 7000000.0
	593435.965183 75 7000000.0
	642475.568551 80 7000000.0
	159128.388446 40 9000000.0
	217822.32194 45 9000000.0
	278755.645712 50 9000000.0
	339625.057728 55 9000000.0
	398632.945742 60 9000000.0
	455025.974992 65 9000000.0
	508983.447195 70 9000000.0
	561186.877729 75 9000000.0
	612440.052491 80 9000000.0
	146342.166611 40 11000000.0
	200528.805083 45 11000000.0
	256926.600918 50 11000000.0
	314105.641343 55 11000000.0
	370837.145068 60 11000000.0
	426401.586216 65 11000000.0
	480628.865097 70 11000000.0
	533759.302183 75 11000000.0
	586251.409051 80 11000000.0
	136634.256268 40 13000000.0
	187679.286377 45 13000000.0
	240844.02486 50 13000000.0
	295135.337236 55 13000000.0
	349680.6551 60 13000000.0
	403906.086808 65 13000000.0
	457587.463224 70 13000000.0
	510791.445997 75 13000000.0
	563773.1154 80 13000000.0
	128960.908589 40 15000000.0
	177649.936259 45 15000000.0
	228373.999811 50 15000000.0
	280385.770983 55 15000000.0
	333038.971867 60 15000000.0
	385888.62531 65 15000000.0
	438731.658188 70 15000000.0
	491576.978697 75 15000000.0
	544580.219739 80 15000000.0
	122738.885323 40 17000000.0
	169570.208169 45 17000000.0
	218369.519465 50 17000000.0
	268539.443216 55 17000000.0
	319583.154964 60 17000000.0
	371156.88064 65 17000000.0
	423095.267093 70 17000000.0
	475393.24237 75 17000000.0
	528159.835795 80 17000000.0
	117608.264085 40 19000000.0
	162920.33588 45 19000000.0
	210150.017392 50 19000000.0
	258797.070583 55 19000000.0
	308466.72625 60 19000000.0
	358892.793402 65 19000000.0
	409948.598968 70 19000000.0
	461632.244139 75 19000000.0
	514031.406894 80 19000000.0
	113330.83862 40 21000000.0
	157365.500981 45 21000000.0
	203280.993769 50 21000000.0
	250643.066179 55 21000000.0
	299128.652369 60 21000000.0
	348530.776234 65 21000000.0
	398757.770782 70 21000000.0
	449817.838568 75 21000000.0
	501789.950722 80 21000000.0
	109740.503831 40 23000000.0
	152677.463654 45 23000000.0
	197469.112514 50 23000000.0
	243727.804042 55 23000000.0
	291182.131136 60 23000000.0
	339670.424903 65 23000000.0
	389131.123034 70 23000000.0
	439584.989834 75 23000000.0
	491109.00677 80 23000000.0
	106716.629104 40 25000000.0
	148693.652329 45 25000000.0
	192507.44925 50 25000000.0
	237804.374865 55 25000000.0
	284351.081476 60 25000000.0
	332020.772139 65 25000000.0
	380777.118158 70 25000000.0
	430653.760808 75 25000000.0
	481729.335376 80 25000000.0
	104168.708186 40 27000000.0
	145294.130797 45 27000000.0
	188244.771409 50 27000000.0
	232692.480889 55 27000000.0
	278432.5162 60 27000000.0
	325365.129004 65 27000000.0
	373474.857183 70 27000000.0
	422807.495125 75 27000000.0
	473445.233308 80 27000000.0
	102026.99666 40 29000000.0
	142387.835352 45 29000000.0
	184567.274281 50 29000000.0
	228256.733124 55 29000000.0
	273273.351114 60 29000000.0
	319538.539852 65 29000000.0
	367053.977047 70 29000000.0
	415876.429317 75 29000000.0
	466092.510023 80 29000000.0
	100236.53454 40 31000000.0
	139903.945235 45 31000000.0
	181387.195627 50 31000000.0
	224393.026913 55 31000000.0
	268755.581202 60 31000000.0
	314412.966872 65 31000000.0
	361380.902806 70 31000000.0
	409725.803658 75 31000000.0
	459538.957265 80 31000000.0
	98753.1829453 40 33000000.0
	137786.251755 45 33000000.0
	178635.432364 50 33000000.0
	221019.668042 55 33000000.0
	264786.494187 60 33000000.0
	309887.304022 65 33000000.0
	356349.316155 70 33000000.0
	404247.289743 75 33000000.0
	453677.081563 80 33000000.0
	97540.9110408 40 35000000.0
	135989.35868 45 35000000.0
	176256.589691 50 35000000.0
	218071.407642 55 35000000.0
	261292.023901 60 35000000.0
	305880.483443 65 35000000.0
	351873.433489 70 35000000.0
	399352.773643 75 35000000.0
	448418.629515 80 35000000.0
	96569.8874786 40 37000000.0
	134476.043741 45 37000000.0
	174205.564629 50 37000000.0
	215495.321217 55 37000000.0
	258212.12209 60 37000000.0
	302326.611887 65 37000000.0
	347883.181911 70 37000000.0
	394969.798872 75 37000000.0
	443690.463488 80 37000000.0
	95815.1056839 40 39000000.0
	133215.380404 45 39000000.0
	172445.128905 50 39000000.0
	213247.892751 55 39000000.0
	255497.46377 60 39000000.0
	299171.471185 65 39000000.0
	344320.679078 70 39000000.0
	391038.18433 75 39000000.0
	439431.436577 80 39000000.0
	95255.3729793 40 41000000.0
	132181.371531 45 41000000.0
	170944.181098 50 41000000.0
	211292.907462 55 41000000.0
	253107.055342 60 41000000.0
	296369.955102 65 41000000.0
	341137.624301 70 41000000.0
	387507.48234 75 41000000.0
	435590.004771 80 41000000.0
