
	590553.938453 40 1000000.0
	657416.274823 45 1000000.0
	719676.964769 50 1000000.0
	779609.526019 55 1000000.0
	838393.994728 60 1000000.0
	896819.500683 65 1000000.0
	955492.923234 70 1000000.0
	1014909.59539 75 1000000.0
	1075476.26198 80 1000000.0
	360972.645675 40 3000000.0
	504557.640678 45 3000000.0
	606039.007151 50 3000000.0
	688446.090368 55 3000000.0
	762307.091182 60 3000000.0
	831819.143477 65 3000000.0
	899118.299634 70 3000000.0
	965503.264361 75 3000000.0
	1031852.14311 80 3000000.0
	303767.693563 40 5000000.0
	405833.578039 45 5000000.0
	512091.443317 50 5000000.0
	609266.192292 55 5000000.0
	695907.778591 60 5000000.0
	775299.628473 65 5000000.0
	850313.473341 70 5000000.0
	922893.647673 75 5000000.0
	994350.321259 80 5000000.0
	298805.73887 40 7000000.0
	381318.786424 45 7000000.0
	470724.875251 50 7000000.0
	561567.261803 55 7000000.0
	649421.961282 60 7000000.0
	732812.526258 65 7000000.0
	812303.203539 70 7000000.0
	889080.546819 75 7000000.0
	964281.667177 80 7000000.0
	305285.179621 40 9000000.0
	378687.834571 45 9000000.0
	457989.137692 50 9000000.0
	540619.715098 55 9000000.0
	623910.794845 60 9000000.0
	706028.233968 65 9000000.0
	786258.320977 70 9000000.0
	864728.68752 75 9000000.0
	941969.296879 80 9000000.0
	316554.602825 40 11000000.0
	384598.040094 45 11000000.0
	457709.818994 50 11000000.0
	534383.790979 55 11000000.0
	612961.639339 60 11000000.0
	692088.982465 65 11000000.0
	770940.84738 70 11000000.0
	849217.239969 75 11000000.0
	927001.612077 80 11000000.0
	330367.453026 40 13000000.0
	394823.880905 45 13000000.0
	463763.930331 50 13000000.0
	536174.571178 55 13000000.0
	610936.147143 60 13000000.0
	687070.719966 65 13000000.0
	763894.58376 70 13000000.0
	841042.172934 75 13000000.0
	918413.70513 80 13000000.0
	345707.005742 40 15000000.0
	407564.023924 45 15000000.0
	473487.242353 50 15000000.0
	542726.940462 55 15000000.0
	614479.037108 60 15000000.0
	688020.300001 65 15000000.0
	762812.127848 70 15000000.0
	838526.431906 75 15000000.0
	915017.199896 80 15000000.0
	362033.269128 40 17000000.0
	421902.153261 45 17000000.0
	485530.944137 50 17000000.0
	552323.166643 55 17000000.0
	621672.829204 60 17000000.0
	693033.410511 65 17000000.0
	765983.919005 70 17000000.0
	840251.460736 75 17000000.0
	915693.503401 80 17000000.0
	379028.636264 40 19000000.0
	437316.08359 45 19000000.0
	499133.128197 50 19000000.0
	563977.884912 55 19000000.0
	631374.415018 60 19000000.0
	700902.334294 65 19000000.0
	772233.79324 70 19000000.0
	845148.954075 75 19000000.0
	919523.971621 80 19000000.0
	396492.543675 40 21000000.0
	453483.811452 45 21000000.0
	513828.056781 50 21000000.0
	577084.362839 55 21000000.0
	642864.959475 60 21000000.0
	710841.19993 65 21000000.0
	780759.091674 70 21000000.0
	852446.052493 75 21000000.0
	925800.860999 80 21000000.0
	414291.529148 40 23000000.0
	470194.930947 45 23000000.0
	529313.764276 50 23000000.0
	591247.721545 55 23000000.0
	655670.317816 60 23000000.0
	722320.510767 65 23000000.0
	791002.923422 70 23000000.0
	861586.065472 75 23000000.0
	933991.644137 80 23000000.0
	432333.143475 40 25000000.0
	487305.726674 45 25000000.0
	545385.366942 50 25000000.0
	606199.480995 55 25000000.0
	669465.052343 60 25000000.0
	734971.394218 65 25000000.0
	802569.634695 70 25000000.0
	872163.512224 75 25000000.0
	943696.60877 80 25000000.0
	450551.286135 40 27000000.0
	504714.544733 45 27000000.0
	561898.748374 50 27000000.0
	621750.575897 55 27000000.0
	684018.350302 60 27000000.0
	748529.244948 65 27000000.0
	815171.27952 70 27000000.0
	883878.059139 75 27000000.0
	954613.36664 80 27000000.0
	468897.474126 40 29000000.0
	522347.42697 45 29000000.0
	578749.528291 50 29000000.0
	637763.981793 55 29000000.0
	699161.99638 60 29000000.0
	762799.446406 65 29000000.0
	828593.633792 70 29000000.0
	896503.261505 75 29000000.0
	966510.348937 80 29000000.0
	487335.396122 40 31000000.0
	540149.305608 45 31000000.0
	595860.259253 50 31000000.0
	654137.986137 55 31000000.0
	714770.563275 60 31000000.0
	777635.775784 65 31000000.0
	842674.196005 70 31000000.0
	909865.477488 75 31000000.0
	979207.821258 80 31000000.0
	505837.382931 40 33000000.0
	558078.381074 45 33000000.0
	613172.304224 50 33000000.0
	670795.549272 55 33000000.0
	730748.694616 60 33000000.0
	792926.345295 65 33000000.0
	857287.594382 70 33000000.0
	923829.50011 75 33000000.0
	992564.431577 80 33000000.0
	524382.045039 40 35000000.0
	576102.407263 45 35000000.0
	630640.50191 50 35000000.0
	687677.3066 55 35000000.0
	747022.676608 60 35000000.0
	808584.177683 65 35000000.0
	872335.664217 70 35000000.0
	938288.603701 75 35000000.0
	1006467.64309 80 35000000.0
	542952.647265 40 37000000.0
	594196.164522 45 37000000.0
	648229.557948 50 37000000.0
	704736.831033 55 37000000.0
	763534.696538 60 37000000.0
	824540.723625 65 37000000.0
	887740.542645 70 37000000.0
	953157.519927 75 37000000.0
	1020826.85738 80 37000000.0
	561535.963739 40 39000000.0
	612339.69692 45 39000000.0
	665911.540514 50 39000000.0
	721937.344488 55 39000000.0
	780238.837045 60 39000000.0
	840741.300886 65 39000000.0
	903439.76139 70 39000000.0
	968367.389674 75 39000000.0
	1035568.40418 80 39000000.0
	580121.454424 40 41000000.0
	630517.055475 45 41000000.0
	683664.103242 50 41000000.0
	739249.384749 55 41000000.0
	797098.222209 60 41000000.0
	857141.821053 65 41000000.0
	919382.693313 70 41000000.0
	983862.072162 75 41000000.0
	1050631.8384 80 41000000.0
