
	0.0370033326136 40 1000000.0
	0.0391424316559 45 1000000.0
	0.0416550322804 50 1000000.0
	0.0444823273152 55 1000000.0
	0.047584161836 60 1000000.0
	0.0509737523126 65 1000000.0
	0.05465778264 70 1000000.0
	0.0586338776513 75 1000000.0
	0.0628905576917 80 1000000.0
	0.0743584520743 40 3000000.0
	0.060156818861 45 3000000.0
	0.0557117745851 50 3000000.0
	0.0555620653214 55 3000000.0
	0.0568339699285 60 3000000.0
	0.0589635912412 65 3000000.0
	0.0617164215208 70 3000000.0
	0.0649702821297 75 3000000.0
	0.0686468789794 80 3000000.0
	0.0939966975024 40 5000000.0
	0.0834380471192 45 5000000.0
	0.074649883161 50 5000000.0
	0.0704210600635 55 5000000.0
	0.0689014805006 60 5000000.0
	0.0691207993732 65 5000000.0
	0.0705036458585 70 5000000.0
	0.0727289037201 75 5000000.0
	0.0756035714388 80 5000000.0
	0.105588865017 40 7000000.0
	0.0966030908942 45 7000000.0
	0.0887456822608 50 7000000.0
	0.0836658215583 55 7000000.0
	0.0807283132222 60 7000000.0
	0.0795587437969 65 7000000.0
	0.0797620635111 70 7000000.0
	0.0810210683116 75 7000000.0
	0.0831047704395 80 7000000.0
	0.115451253921 40 9000000.0
	0.107009558134 45 9000000.0
	0.0993804133593 50 9000000.0
	0.0940004264753 55 9000000.0
	0.0905513280491 60 9000000.0
	0.0887407939678 65 9000000.0
	0.0882692305784 70 9000000.0
	0.088885110113 75 9000000.0
	0.0903855871716 80 9000000.0
	0.124641187679 40 11000000.0
	0.116556167078 45 11000000.0
	0.108842606184 50 11000000.0
	0.102969478318 55 11000000.0
	0.0989770494433 60 11000000.0
	0.0966661384203 65 11000000.0
	0.0957386369044 70 11000000.0
	0.0959319587663 75 11000000.0
	0.0970394828858 80 11000000.0
	0.133495952304 40 13000000.0
	0.12578434821 45 13000000.0
	0.117949951103 50 13000000.0
	0.111524470926 55 13000000.0
	0.10686594574 60 13000000.0
	0.103943401669 65 13000000.0
	0.102512159475 70 13000000.0
	0.102298292734 75 13000000.0
	0.103068165875 80 13000000.0
	0.142290907719 40 15000000.0
	0.134897201521 45 15000000.0
	0.127000853192 50 15000000.0
	0.120066391903 55 15000000.0
	0.114707259617 60 15000000.0
	0.111073866773 65 15000000.0
	0.109024511446 70 15000000.0
	0.108313092982 75 15000000.0
	0.108692801581 80 15000000.0
	0.151013420723 40 17000000.0
	0.143998102122 45 17000000.0
	0.136117104321 50 17000000.0
	0.128757629755 55 17000000.0
	0.122730548487 60 17000000.0
	0.118349422894 65 17000000.0
	0.115594762147 70 17000000.0
	0.114281739702 75 17000000.0
	0.114176780616 80 17000000.0
	0.15971713244 40 19000000.0
	0.153184134712 45 19000000.0
	0.145352957839 50 19000000.0
	0.137662875921 55 19000000.0
	0.131034552322 60 19000000.0
	0.125918495722 65 19000000.0
	0.12241655327 70 19000000.0
	0.120423371052 75 19000000.0
	0.119741437023 80 19000000.0
	0.168435774894 40 21000000.0
	0.16243649308 45 21000000.0
	0.154733960444 50 21000000.0
	0.146805801133 55 21000000.0
	0.139656402642 60 21000000.0
	0.133848554601 65 21000000.0
	0.129595300596 70 21000000.0
	0.126876809843 75 21000000.0
	0.125546589333 80 21000000.0
	0.177191702658 40 23000000.0
	0.171774698817 45 23000000.0
	0.164272381314 50 23000000.0
	0.156192415397 55 23000000.0
	0.148604825702 60 23000000.0
	0.142164294637 65 23000000.0
	0.137182036646 70 23000000.0
	0.133722386837 75 23000000.0
	0.131697669284 80 23000000.0
	0.186000298169 40 25000000.0
	0.181211177354 45 25000000.0
	0.173973920052 50 25000000.0
	0.165821095618 55 25000000.0
	0.157875810052 60 25000000.0
	0.150868654474 65 25000000.0
	0.145196188264 70 25000000.0
	0.141001766367 75 25000000.0
	0.138259145459 80 25000000.0
	0.19487243176 40 27000000.0
	0.190754048197 45 27000000.0
	0.183840843795 50 27000000.0
	0.175687038164 55 27000000.0
	0.16746001411 60 27000000.0
	0.159954008849 65 27000000.0
	0.153639537721 70 27000000.0
	0.148732316863 75 27000000.0
	0.145266846805 80 27000000.0
	0.203815923463 40 29000000.0
	0.200408677318 45 29000000.0
	0.193873544942 50 29000000.0
	0.185784276188 55 29000000.0
	0.177346262977 60 29000000.0
	0.169408040932 65 29000000.0
	0.162504456391 70 29000000.0
	0.15691669306 75 29000000.0
	0.152737425134 80 29000000.0
	0.212836456669 40 31000000.0
	0.210178592236 45 31000000.0
	0.204071354333 50 31000000.0
	0.196106594195 55 31000000.0
	0.187523170479 60 31000000.0
	0.17921677791 65 31000000.0
	0.171778659191 70 31000000.0
	0.165548979108 75 31000000.0
	0.16067509851 80 31000000.0
	0.221938173707 40 33000000.0
	0.220066048343 45 33000000.0
	0.21443298418 50 33000000.0
	0.206647930196 55 33000000.0
	0.1979798539 60 33000000.0
	0.18936611963 65 33000000.0
	0.181447901272 70 33000000.0
	0.174618537296 75 33000000.0
	0.169076276676 80 33000000.0
	0.231124078083 40 35000000.0
	0.230072394283 45 35000000.0
	0.2249567784 50 35000000.0
	0.217402536453 55 35000000.0
	0.208706209219 60 35000000.0
	0.199842568548 65 35000000.0
	0.191497472611 70 35000000.0
	0.184112376592 75 35000000.0
	0.177932660929 80 35000000.0
	0.240396314526 40 37000000.0
	0.240198316336 45 37000000.0
	0.235640858798 50 37000000.0
	0.228365026861 55 37000000.0
	0.219692976478 60 37000000.0
	0.210633539183 65 37000000.0
	0.201912995819 70 37000000.0
	0.194016582912 75 37000000.0
	0.187233286183 80 37000000.0
	0.249756369135 40 39000000.0
	0.250444007081 45 39000000.0
	0.246483213005 50 39000000.0
	0.23953037256 55 39000000.0
	0.230931709041 60 39000000.0
	0.221727449782 65 39000000.0
	0.212680823339 70 39000000.0
	0.204317161161 75 39000000.0
	0.196965844936 80 39000000.0
	0.259205215751 40 41000000.0
	0.260809285087 45 41000000.0
	0.257481748893 50 41000000.0
	0.250893875731 55 41000000.0
	0.242414703151 60 41000000.0
	0.233113705085 65 41000000.0
	0.223788207144 70 41000000.0
	0.215000511771 75 41000000.0
	0.207117530222 80 41000000.0
