	2.15853162536e-06 40 1000000.0
	2.34940007929e-06 45 1000000.0
	2.53659639203e-06 50 1000000.0
	2.71876148344e-06 55 1000000.0
	2.89593673646e-06 60 1000000.0
	3.06845077555e-06 65 1000000.0
	3.23667282095e-06 70 1000000.0
	3.40095067261e-06 75 1000000.0
	3.56159704579e-06 80 1000000.0
	4.15118606917e-06 40 3000000.0
	3.29044828274e-06 45 3000000.0
	3.15695172976e-06 50 3000000.0
	3.19177680456e-06 55 3000000.0
	3.28149374445e-06 60 3000000.0
	3.39459609348e-06 65 3000000.0
	3.51910458374e-06 70 3000000.0
	3.64951378148e-06 75 3000000.0
	3.78296596351e-06 80 3000000.0
	6.2387483944e-06 40 5000000.0
	5.02887857184e-06 45 5000000.0
	4.32241176417e-06 50 5000000.0
	4.00543626779e-06 55 5000000.0
	3.89439753241e-06 60 5000000.0
	3.88347281978e-06 65 5000000.0
	3.92451252064e-06 70 5000000.0
	3.99488189163e-06 75 5000000.0
	4.08295919581e-06 80 5000000.0
	7.50344482801e-06 40 7000000.0
	6.32501311218e-06 45 7000000.0
	5.49036216222e-06 50 7000000.0
	4.95493463435e-06 55 7000000.0
	4.64676898013e-06 60 7000000.0
	4.48887075362e-06 65 7000000.0
	4.4240729439e-06 70 7000000.0
	4.41690099671e-06 75 7000000.0
	4.44643913917e-06 80 7000000.0
	8.51127900203e-06 40 9000000.0
	7.32301802991e-06 45 9000000.0
	6.44703885167e-06 50 9000000.0
	5.82229256777e-06 55 9000000.0
	5.39905549408e-06 60 9000000.0
	5.12860661344e-06 65 9000000.0
	4.96776268909e-06 70 9000000.0
	4.88304720017e-06 75 9000000.0
	4.85082395665e-06 80 9000000.0
	9.39504918739e-06 40 11000000.0
	8.17031777504e-06 45 11000000.0
	7.25847566121e-06 50 11000000.0
	6.58216008076e-06 55 11000000.0
	6.09138260496e-06 60 11000000.0
	5.74610211448e-06 65 11000000.0
	5.51230968651e-06 70 11000000.0
	5.36203413805e-06 75 11000000.0
	5.2734398273e-06 80 11000000.0
	1.02071008607e-05 40 13000000.0
	8.92991287349e-06 45 13000000.0
	7.97792472152e-06 50 13000000.0
	7.2600873182e-06 55 13000000.0
	6.72155785714e-06 60 13000000.0
	6.32355156481e-06 65 13000000.0
	6.03567632663e-06 70 13000000.0
	5.83343344229e-06 75 13000000.0
	5.69723412296e-06 80 13000000.0
	1.09740717553e-05 40 15000000.0
	9.63367566054e-06 45 15000000.0
	8.63638078569e-06 50 15000000.0
	7.87907951965e-06 55 15000000.0
	7.30093975888e-06 60 15000000.0
	6.86164715737e-06 65 15000000.0
	6.53161646733e-06 70 15000000.0
	6.28788837981e-06 75 15000000.0
	6.11229213307e-06 80 15000000.0
	1.17116453522e-05 40 17000000.0
	1.03000569464e-05 45 17000000.0
	9.25269797976e-06 50 17000000.0
	8.45531122878e-06 55 17000000.0
	7.84079549985e-06 60 17000000.0
	7.36608779258e-06 65 17000000.0
	7.00098077696e-06 70 17000000.0
	6.72286611042e-06 75 17000000.0
	6.51420867556e-06 80 17000000.0
	1.24299827143e-05 40 19000000.0
	1.09407918144e-05 45 19000000.0
	9.83912032418e-06 50 19000000.0
	9.00003221024e-06 55 19000000.0
	8.35010744176e-06 60 19000000.0
	7.8429429162e-06 65 19000000.0
	7.44691060473e-06 70 19000000.0
	7.13902491323e-06 75 19000000.0
	6.90183397959e-06 80 19000000.0
	1.31361351688e-05 40 21000000.0
	1.1563874133e-05 45 21000000.0
	1.04040574539e-05 50 21000000.0
	9.52127144109e-06 55 21000000.0
	8.83576974768e-06 60 21000000.0
	8.29749809293e-06 65 21000000.0
	7.87292980108e-06 70 21000000.0
	7.53822870348e-06 75 21000000.0
	7.27564177616e-06 80 21000000.0
	1.38352601608e-05 40 23000000.0
	1.21750434624e-05 45 23000000.0
	1.09535559052e-05 50 23000000.0
	1.0024935997e-05 55 23000000.0
	9.30308724401e-06 60 23000000.0
	8.73412151546e-06 65 23000000.0
	8.28231234026e-06 70 23000000.0
	7.92265066188e-06 75 23000000.0
	7.63680495374e-06 80 23000000.0
	1.4531292456e-05 40 25000000.0
	1.27785980471e-05 45 25000000.0
	1.14921306486e-05 50 25000000.0
	1.05154977697e-05 55 25000000.0
	9.75619728077e-06 60 25000000.0
	9.15638114934e-06 65 25000000.0
	8.67792217589e-06 70 25000000.0
	8.29441127294e-06 75 25000000.0
	7.98673173455e-06 80 25000000.0
	1.52273411967e-05 40 27000000.0
	1.33778711095e-05 45 27000000.0
	1.20232623506e-05 50 27000000.0
	1.09964304034e-05 55 27000000.0
	1.01983796007e-05 60 27000000.0
	9.56719791363e-06 65 27000000.0
	9.06221302946e-06 70 27000000.0
	8.65545012252e-06 75 27000000.0
	8.32684952808e-06 80 27000000.0
	1.59259379074e-05 40 29000000.0
	1.39755255735e-05 45 29000000.0
	1.25497091931e-05 50 29000000.0
	1.14704951399e-05 55 29000000.0
	1.06322774261e-05 60 29000000.0
	9.9689812217e-06 65 29000000.0
	9.43727580946e-06 70 29000000.0
	9.00749450809e-06 75 29000000.0
	8.65851148261e-06 80 29000000.0
	1.66291983713e-05 40 31000000.0
	1.45737447155e-05 45 31000000.0
	1.30737103503e-05 50 31000000.0
	1.19399331431e-05 55 31000000.0
	1.10600553216e-05 60 31000000.0
	1.03637379134e-05 65 31000000.0
	9.80489471354e-06 70 31000000.0
	9.35206618445e-06 75 31000000.0
	8.98296152528e-06 80 31000000.0
	1.73389322093e-05 40 33000000.0
	1.51743601192e-05 45 33000000.0
	1.3597123319e-05 50 33000000.0
	1.24065983021e-05 55 33000000.0
	1.14835130747e-05 60 33000000.0
	1.07531571548e-05 65 33000000.0
	1.01665992936e-05 70 33000000.0
	9.69050161791e-06 75 33000000.0
	9.30132658021e-06 80 33000000.0
	1.80567193742e-05 40 35000000.0
	1.57789402652e-05 45 35000000.0
	1.41215193224e-05 50 35000000.0
	1.28720511027e-05 55 35000000.0
	1.19041689401e-05 60 35000000.0
	1.1138676055e-05 65 35000000.0
	1.05237090867e-05 70 35000000.0
	1.00239755425e-05 75 35000000.0
	9.61462095877e-06 80 35000000.0
	1.87839649789e-05 40 37000000.0
	1.63888535251e-05 45 37000000.0
	1.46482512679e-05 50 37000000.0
	1.33376263907e-05 55 37000000.0
	1.23233213372e-05 60 37000000.0
	1.15215304144e-05 65 37000000.0
	1.08773706581e-05 70 37000000.0
	1.03535237203e-05 75 37000000.0
	9.92375575353e-06 80 37000000.0
	1.95219395098e-05 40 39000000.0
	1.70053140065e-05 45 39000000.0
	1.5178503231e-05 50 39000000.0
	1.38044832187e-05 55 39000000.0
	1.27420952017e-05 60 39000000.0
	1.19027941568e-05 65 39000000.0
	1.12285879274e-05 70 39000000.0
	1.06800634168e-05 75 39000000.0
	1.02295498217e-05 80 39000000.0
	2.02718089282e-05 40 41000000.0
	1.76294156093e-05 45 41000000.0
	1.57133271948e-05 50 41000000.0
	1.42736421459e-05 55 41000000.0
	1.31614772634e-05 60 41000000.0
	1.22834101688e-05 65 41000000.0
	1.15782468732e-05 70 41000000.0
	1.10044112121e-05 75 41000000.0
	1.0532740757e-05 80 41000000.0
