
	7.26997368221 40 1000000.0
	6.08195132184 45 1000000.0
	5.27956365482 50 1000000.0
	4.68781922756 55 1000000.0
	4.22785726293 60 1000000.0
	3.85737127438 65 1000000.0
	3.55111030201 70 1000000.0
	3.29285887418 75 1000000.0
	3.07162834043 80 1000000.0
	36.8187260668 40 3000000.0
	24.3454946626 45 3000000.0
	18.8331718153 50 3000000.0
	15.7590666643 55 3000000.0
	13.7176576788 60 3000000.0
	12.2279739156 65 3000000.0
	11.0765281334 70 3000000.0
	10.1513553135 75 3000000.0
	9.38691185761 80 3000000.0
	51.3923396702 40 5000000.0
	41.9728773274 45 5000000.0
	33.6839557453 50 5000000.0
	27.7972682933 55 5000000.0
	23.7843042489 60 5000000.0
	20.921438615 65 5000000.0
	18.7679607006 70 5000000.0
	17.0776817856 75 5000000.0
	15.7072612972 80 5000000.0
	57.5496193852 40 7000000.0
	50.6553734487 45 7000000.0
	43.784794262 50 7000000.0
	37.7175965714 55 7000000.0
	32.8223865682 60 7000000.0
	29.0139648044 65 7000000.0
	26.0419737915 70 7000000.0
	23.6770786099 75 7000000.0
	21.7522291525 80 7000000.0
	61.5777065687 40 9000000.0
	55.9473553577 45 9000000.0
	50.2138294609 50 9000000.0
	44.777309595 55 9000000.0
	39.9506655263 60 9000000.0
	35.8562510024 65 9000000.0
	32.4587651136 70 9000000.0
	29.6499517025 75 9000000.0
	27.3116882744 80 9000000.0
	64.6251251945 40 11000000.0
	59.7601223223 45 11000000.0
	54.7854552057 50 11000000.0
	49.9368639977 55 11000000.0
	45.4311738807 60 11000000.0
	41.4020392208 65 11000000.0
	37.890272091 70 11000000.0
	34.8699420189 75 11000000.0
	32.2817122406 80 11000000.0
	67.1025937604 40 13000000.0
	62.7580943138 45 13000000.0
	58.3169097103 50 13000000.0
	53.9331285923 55 13000000.0
	49.7597194927 60 13000000.0
	45.909688138 65 13000000.0
	42.4410636529 70 13000000.0
	39.3640314453 75 13000000.0
	36.656830539 80 13000000.0
	69.2053983766 40 15000000.0
	65.2417611827 45 15000000.0
	61.1962040256 50 15000000.0
	57.1774534275 55 15000000.0
	53.2973156723 60 15000000.0
	49.6472275386 65 15000000.0
	46.2848008574 70 15000000.0
	43.2339635105 75 15000000.0
	40.4927175295 80 15000000.0
	71.0422022017 40 17000000.0
	67.3715727661 45 17000000.0
	63.6319409544 50 17000000.0
	59.9047746456 55 17000000.0
	56.2746808302 60 17000000.0
	52.8152829496 65 17000000.0
	49.5787769739 70 17000000.0
	46.5934413541 75 17000000.0
	43.8671563815 80 17000000.0
	72.6798751054 40 19000000.0
	69.243055545 45 19000000.0
	65.7477869454 50 19000000.0
	62.2581732137 55 19000000.0
	58.8403455876 60 19000000.0
	55.5540057463 65 19000000.0
	52.4448702305 70 19000000.0
	49.5415180297 75 19000000.0
	46.8565928276 80 19000000.0
	74.1625708036 40 21000000.0
	70.9176003558 45 21000000.0
	67.6226005692 50 21000000.0
	64.3300961454 55 21000000.0
	61.0933426753 60 21000000.0
	57.9613464767 65 21000000.0
	54.9736318999 70 21000000.0
	52.1572986534 75 21000000.0
	49.5270274679 80 21000000.0
	75.521006623 40 23000000.0
	72.4369597557 45 23000000.0
	69.3095395024 50 23000000.0
	66.1832569634 55 23000000.0
	63.1021822942 60 23000000.0
	60.1071340361 65 23000000.0
	57.2321819491 70 23000000.0
	54.5022307473 75 23000000.0
	51.9324942083 80 23000000.0
	76.7774326444 40 25000000.0
	73.8307990001 45 25000000.0
	70.8460312946 50 25000000.0
	67.8619221157 55 25000000.0
	64.9158480118 60 25000000.0
	62.0423412451 65 25000000.0
	59.2708476795 70 25000000.0
	56.6238909102 75 25000000.0
	54.1163875447 80 25000000.0
	77.9484931371 40 27000000.0
	75.1209418083 45 27000000.0
	72.2593673946 50 27000000.0
	69.3983760946 55 27000000.0
	66.5703723596 60 27000000.0
	63.8050320967 65 27000000.0
	61.1279572 70 27000000.0
	58.5593661953 75 27000000.0
	56.1134417049 80 27000000.0
	79.046971019 40 29000000.0
	76.3239055934 45 29000000.0
	73.5700293581 50 29000000.0
	70.8168172707 55 29000000.0
	68.092916593 60 29000000.0
	65.4242221031 65 29000000.0
	62.8331706196 70 29000000.0
	60.3378714166 75 29000000.0
	57.9515711568 80 29000000.0
	80.0829014928 40 31000000.0
	77.4524905701 45 31000000.0
	74.7937627811 50 31000000.0
	72.1358083082 55 31000000.0
	69.5043916595 60 31000000.0
	66.922438627 65 31000000.0
	64.4097901177 70 31000000.0
	61.9826852819 75 31000000.0
	59.6533718834 80 31000000.0
	81.0643105312 40 33000000.0
	78.5168165139 45 33000000.0
	75.9429225389 50 33000000.0
	73.3698745913 55 33000000.0
	70.8211953021 60 33000000.0
	68.317459212 65 33000000.0
	65.8763792554 70 33000000.0
	63.5125671002 75 33000000.0
	61.2372882739 80 33000000.0
	81.9977204918 40 35000000.0
	79.5250222929 45 35000000.0
	77.027374999 50 35000000.0
	74.5305799558 55 35000000.0
	72.0563954631 60 35000000.0
	69.6235185877 65 35000000.0
	67.2479152831 70 35000000.0
	64.942796615 75 35000000.0
	62.7185052723 80 35000000.0
	82.8885058592 40 37000000.0
	80.4837515859 45 37000000.0
	78.055120672 50 37000000.0
	75.6272704945 55 37000000.0
	73.2205562763 60 37000000.0
	70.8521642146 65 37000000.0
	68.5366222472 70 37000000.0
	66.2859439653 75 37000000.0
	64.1096288355 80 37000000.0
	83.7411495007 40 39000000.0
	81.3984985851 45 39000000.0
	79.032734716 50 39000000.0
	76.6676011598 55 39000000.0
	74.3223271239 60 39000000.0
	72.012874169 65 39000000.0
	69.7525826496 70 39000000.0
	67.552446055 75 39000000.0
	65.4212070706 80 39000000.0
	84.5594310863 40 41000000.0
	82.2738594106 45 41000000.0
	79.9656854147 50 41000000.0
	77.6579164456 55 41000000.0
	75.3688708515 60 41000000.0
	73.1135110184 65 41000000.0
	70.904193044 70 41000000.0
	68.7510429194 75 41000000.0
	66.6621321638 80 41000000.0
