
	18848.0112148 40 1000000.0
	20424.5647677 45 1000000.0
	21737.1113568 50 1000000.0
	22879.7958083 55 1000000.0
	23902.8690729 60 1000000.0
	24838.179726 65 1000000.0
	25707.7665651 70 1000000.0
	26527.5556916 75 1000000.0
	27309.2402435 80 1000000.0
	10052.2922746 40 3000000.0
	13445.8351521 45 3000000.0
	15589.5748598 50 3000000.0
	17162.2304593 55 3000000.0
	18448.3222079 60 3000000.0
	19561.4365708 65 3000000.0
	20559.0515405 70 3000000.0
	21475.1027498 75 3000000.0
	22331.4927893 80 3000000.0
	7516.319393 40 5000000.0
	9917.70768208 45 5000000.0
	12157.601291 50 5000000.0
	14011.7054668 55 5000000.0
	15520.6025664 60 5000000.0
	16792.1514768 65 5000000.0
	17904.2752245 70 5000000.0
	18905.9122972 75 5000000.0
	19828.2964608 80 5000000.0
	6477.99606032 40 7000000.0
	8419.61656733 45 7000000.0
	10302.7889735 50 7000000.0
	12034.6198497 55 7000000.0
	13564.0277695 60 7000000.0
	14899.4591868 65 7000000.0
	16077.9429519 70 7000000.0
	17137.5283634 75 7000000.0
	18108.2769281 80 7000000.0
	5801.77593321 40 9000000.0
	7529.29826845 45 9000000.0
	9199.4647625 50 9000000.0
	10774.2817619 55 9000000.0
	12223.7938064 60 9000000.0
	13538.5582149 65 9000000.0
	14727.8732228 70 9000000.0
	15810.7741148 75 9000000.0
	16807.8368117 80 9000000.0
	5291.73034032 40 11000000.0
	6893.29197502 45 11000000.0
	8433.097795 50 11000000.0
	9894.24829605 55 11000000.0
	11261.5373228 60 11000000.0
	12528.2468915 65 11000000.0
	13697.0040533 70 11000000.0
	14777.1532774 75 11000000.0
	15781.1966884 80 11000000.0
	4878.252471 40 13000000.0
	6395.49180972 45 13000000.0
	7847.45956103 50 13000000.0
	9227.31326954 55 13000000.0
	10528.1052728 60 13000000.0
	11746.8048692 65 13000000.0
	12885.4156552 70 13000000.0
	13949.9239503 75 13000000.0
	14948.5961838 80 13000000.0
	4528.32851376 40 15000000.0
	5984.45157031 45 15000000.0
	7372.90536836 50 15000000.0
	8692.31366442 55 15000000.0
	9940.6952188 60 15000000.0
	11117.8253188 65 15000000.0
	12226.2633551 70 15000000.0
	13270.9477061 75 15000000.0
	14258.2158365 80 15000000.0
	4223.61216132 40 17000000.0
	5632.98379168 45 17000000.0
	6973.13440012 50 17000000.0
	8245.89737319 55 17000000.0
	9452.45320712 60 17000000.0
	10594.6425675 65 17000000.0
	11675.7547654 70 17000000.0
	12700.4437669 75 17000000.0
	13674.1484271 80 17000000.0
	3952.81926782 40 19000000.0
	5324.99769503 45 19000000.0
	6627.00670095 50 19000000.0
	7862.65823443 55 19000000.0
	9035.21739058 60 19000000.0
	10148.0499009 65 19000000.0
	11205.1425908 70 19000000.0
	12211.1483329 75 19000000.0
	13171.0603151 80 19000000.0
	3708.49825356 40 21000000.0
	5050.1881982 45 21000000.0
	6321.19053283 50 21000000.0
	7526.57430341 55 21000000.0
	8671.01004042 60 21000000.0
	9758.99116146 65 21000000.0
	10795.117285 70 21000000.0
	11784.1597006 75 21000000.0
	12730.8883583 80 21000000.0
	3485.46182718 40 23000000.0
	4801.55990578 45 23000000.0
	6046.76281925 50 23000000.0
	7226.950404 55 23000000.0
	8347.75405337 60 23000000.0
	9414.50026823 65 23000000.0
	10432.3041396 70 23000000.0
	11406.1038358 75 23000000.0
	12340.5689401 80 23000000.0
	3279.94846084 40 25000000.0
	4574.14649458 45 25000000.0
	5797.46955614 50 25000000.0
	6956.31993047 55 25000000.0
	8056.9902769 60 25000000.0
	9105.42105908 65 25000000.0
	10107.1484795 70 25000000.0
	11067.2891543 75 25000000.0
	11990.4839275 80 25000000.0
	3089.14015906 40 27000000.0
	4364.29437982 45 27000000.0
	5568.7633332 50 27000000.0
	6709.27860863 55 27000000.0
	7792.58718909 60 27000000.0
	8825.08001316 65 27000000.0
	9812.62983305 70 27000000.0
	10760.5233972 75 27000000.0
	11673.4138599 80 27000000.0
	2910.86878718 40 29000000.0
	4169.23666194 45 29000000.0
	5357.23690769 50 29000000.0
	6481.79700116 55 29000000.0
	7549.972145 60 29000000.0
	8568.48119177 65 29000000.0
	9543.46097751 70 29000000.0
	10480.3501318 75 29000000.0
	11383.8356925 80 29000000.0
	2743.42875776 40 31000000.0
	3986.82687791 45 31000000.0
	5160.27277425 50 31000000.0
	6270.79517273 55 31000000.0
	7325.65228924 60 31000000.0
	8331.79841772 65 31000000.0
	9295.57400245 70 31000000.0
	10222.5473156 75 31000000.0
	11117.4484037 80 31000000.0
	2585.45289662 40 33000000.0
	3815.36569669 45 33000000.0
	4975.81721974 50 33000000.0
	6073.86874042 55 33000000.0
	7116.90436378 60 33000000.0
	8112.04351932 65 33000000.0
	9065.78056448 70 33000000.0
	9983.79059599 75 33000000.0
	10870.8480732 80 33000000.0
	2435.82748836 40 35000000.0
	3653.48418855 45 35000000.0
	4802.22949009 50 35000000.0
	5889.10632257 55 35000000.0
	6921.56721748 60 35000000.0
	7906.84284072 65 35000000.0
	8851.54096884 70 35000000.0
	9761.42193053 75 35000000.0
	10641.3014623 80 35000000.0
	2293.63251572 40 37000000.0
	3500.06287561 45 37000000.0
	4638.17806857 50 37000000.0
	5714.96429533 55 37000000.0
	6737.89906566 60 37000000.0
	7714.28260486 65 37000000.0
	8650.80323903 70 37000000.0
	9553.28699558 75 37000000.0
	10426.5853043 80 37000000.0
	2158.09861154 40 39000000.0
	3354.1741673 45 39000000.0
	4482.56749969 50 39000000.0
	5550.17866836 55 39000000.0
	6564.47686923 60 39000000.0
	7532.79938499 65 39000000.0
	8461.88843435 70 39000000.0
	9357.61854473 75 39000000.0
	10224.8701404 80 39000000.0
	2028.57539976 40 41000000.0
	3215.04051834 45 41000000.0
	4334.48559568 50 41000000.0
	5393.70169186 55 41000000.0
	6400.12387004 60 41000000.0
	7361.10091331 65 41000000.0
	8283.40729238 70 41000000.0
	9172.95114407 75 41000000.0
	10034.6348914 80 41000000.0
