7299.00319165 15 13433.8996518
7658.60830129 16 21548.3955173
8062.05050175 17 32885.839381
8513.27260439 18 48148.1676578
9014.54462192 19 68070.8354761
9568.81300937 20 93414.495594
10182.0128323 21 124958.49801
10864.9087119 22 163496.22215
11635.068745 23 209832.24054
12519.8218413 24 264781.354296
13561.4617831 25 329169.648052
14827.1234181 26 403837.928549
16428.892982 27 489648.3435
18568.7782735 28 587495.900562
21653.4124899 29 698328.771554
26648.6839787 30 823187.043258
36573.0511917 31 963288.180112
68188.9257847 32 1120270.11551
