346786.508479 15 13433.8996518
352010.380969 16 21548.3955173
356947.062485 17 32885.839381
361539.303306 18 48148.1676578
365727.312077 19 68070.8354761
369450.033774 20 93414.495594
372644.750519 21 124958.49801
375245.165815 22 163496.22215
377178.044276 23 209832.24054
378358.188786 24 264781.354296
378681.045194 25 329169.648052
378011.354193 26 403837.928549
376164.499545 27 489648.3435
372873.067793 28 587495.900562
367720.014142 29 698328.771554
359984.15013 30 823187.043258
348195.446386 31 963288.180112
328221.157848 32 1120270.11551
