7.02646064132e-07 15 13433.8996518
7.57257185774e-07 16 21548.3955173
8.1164952861e-07 17 32885.839381
8.66032994579e-07 18 48148.1676578
9.20649975233e-07 19 68070.8354761
9.7578682462e-07 20 93414.495594
1.03178810866e-06 21 124958.49801
1.08907509616e-06 22 163496.22215
1.14817151556e-06 23 209832.24054
1.20974166144e-06 24 264781.354296
1.27464955823e-06 25 329169.648052
1.34405515175e-06 26 403837.928549
1.4195793193e-06 27 489648.3435
1.50360723738e-06 28 587495.900562
1.59990108743e-06 29 698328.771554
1.71501409535e-06 30 823187.043258
1.8622907947e-06 31 963288.180112
2.07810386975e-06 32 1120270.11551
