
	11689.8277767 24.2 1000000.0
	18894.6680171 29.2 1000000.0
	19997.7013436 34.2 1000000.0
	14587.2757957 39.2 1000000.0
	13057.1818303 44.2 1000000.0
	12288.9158513 49.2 1000000.0
	11814.6012907 54.2 1000000.0
	11493.5963167 59.2 1000000.0
	11265.6691623 64.2 1000000.0
	11099.5812304 69.2 1000000.0
	10977.4756762 74.2 1000000.0
	10888.6523152 79.2 1000000.0
	10826.5508633 84.2 1000000.0
	10432.5502164 24.2 3000000.0
	13501.8617957 29.2 3000000.0
	19334.0465571 34.2 3000000.0
	31876.8650576 39.2 3000000.0
	25543.8595164 44.2 3000000.0
	18621.6949352 49.2 3000000.0
	15774.2146066 54.2 3000000.0
	14300.5705444 59.2 3000000.0
	13398.4892272 64.2 3000000.0
	12790.4202272 69.2 3000000.0
	12357.1087703 74.2 3000000.0
	12038.5083354 79.2 3000000.0
	11800.9224514 84.2 3000000.0
	9732.49808371 24.2 5000000.0
	11903.4263089 29.2 5000000.0
	14660.5102777 34.2 5000000.0
	18293.2278874 39.2 5000000.0
	21479.3853521 44.2 5000000.0
	21042.5334934 49.2 5000000.0
	18644.2690586 54.2 5000000.0
	16606.6980405 59.2 5000000.0
	15206.432888 64.2 5000000.0
	14241.9579112 69.2 5000000.0
	13552.5604686 74.2 5000000.0
	13043.5121505 79.2 5000000.0
	12659.5455676 84.2 5000000.0
	9261.89872902 24.2 7000000.0
	11043.4305251 29.2 7000000.0
	13002.1958279 34.2 7000000.0
	15127.4918906 39.2 7000000.0
	17158.2863027 44.2 7000000.0
	18307.9717881 49.2 7000000.0
	18112.9320243 54.2 7000000.0
	17133.3364284 59.2 7000000.0
	16036.4617675 64.2 7000000.0
	15094.2085507 69.2 7000000.0
	14344.6129728 74.2 7000000.0
	13758.4916434 79.2 7000000.0
	13300.1518447 84.2 7000000.0
	8912.03928378 24.2 9000000.0
	10477.0270176 29.2 9000000.0
	12083.5457309 34.2 9000000.0
	13670.2652399 39.2 9000000.0
	15135.0519397 44.2 9000000.0
	16228.6447855 49.2 9000000.0
	16683.895462 54.2 9000000.0
	16510.2632698 59.2 9000000.0
	15969.6601052 64.2 9000000.0
	15318.4208793 69.2 9000000.0
	14696.553491 74.2 9000000.0
	14154.9125945 79.2 9000000.0
	13701.7272807 84.2 9000000.0
	8634.90621763 24.2 11000000.0
	10062.1574383 29.2 11000000.0
	11475.2190323 34.2 11000000.0
	12798.8133156 39.2 11000000.0
	13979.8631464 44.2 11000000.0
	14920.9378283 49.2 11000000.0
	15500.6259243 54.2 11000000.0
	15670.7560689 59.2 11000000.0
	15507.632688 64.2 11000000.0
	15150.1148085 69.2 11000000.0
	14719.0654903 74.2 11000000.0
	14288.960216 79.2 11000000.0
	13895.9767709 84.2 11000000.0
	8405.53422135 24.2 13000000.0
	9737.4881107 29.2 13000000.0
	11030.6763605 34.2 13000000.0
	12203.2630146 39.2 13000000.0
	13222.9146803 44.2 13000000.0
	14049.1395656 49.2 13000000.0
	14628.4109074 54.2 13000000.0
	14928.0387273 59.2 13000000.0
	14968.8971711 64.2 13000000.0
	14818.5755031 69.2 13000000.0
	14556.944878 74.2 13000000.0
	14249.2248193 79.2 13000000.0
	13938.2434193 84.2 13000000.0
	8209.47428113 24.2 15000000.0
	9471.62542869 29.2 15000000.0
	10684.7255835 34.2 15000000.0
	11761.912905 39.2 15000000.0
	12680.9874977 44.2 15000000.0
	13427.4021412 49.2 15000000.0
	13980.6544567 54.2 15000000.0
	14325.8507425 59.2 15000000.0
	14470.9302696 64.2 15000000.0
	14450.7675327 69.2 15000000.0
	14315.1841579 74.2 15000000.0
	14113.1080105 79.2 15000000.0
	13883.1802999 84.2 15000000.0
	8037.7022553 24.2 17000000.0
	9246.61021346 29.2 17000000.0
	10403.4519085 34.2 17000000.0
	11416.5169721 39.2 17000000.0
	12268.8519164 44.2 17000000.0
	12959.3788026 49.2 17000000.0
	13485.0951691 54.2 17000000.0
	13843.5360702 59.2 17000000.0
	14041.6371333 64.2 17000000.0
	14100.5781994 69.2 17000000.0
	14052.5279413 74.2 17000000.0
	13932.7756353 79.2 17000000.0
	13772.8578597 84.2 17000000.0
	7884.25148514 24.2 19000000.0
	9051.32491991 29.2 19000000.0
	10167.2660692 34.2 19000000.0
	11135.405038 39.2 19000000.0
	11941.4820581 44.2 19000000.0
	12592.0641545 49.2 19000000.0
	13094.1767306 54.2 19000000.0
	13453.4803256 59.2 19000000.0
	13678.7782994 64.2 19000000.0
	13785.8276603 69.2 19000000.0
	13797.1923979 74.2 19000000.0
	13738.7467451 79.2 19000000.0
	13635.4587828 84.2 19000000.0
	7744.99816322 24.2 21000000.0
	8878.46826974 29.2 21000000.0
	9963.96847649 34.2 21000000.0
	10899.7437163 39.2 21000000.0
	11672.7805096 44.2 21000000.0
	12294.2629127 49.2 21000000.0
	12777.3482377 54.2 21000000.0
	13133.0463981 59.2 21000000.0
	13372.3709152 64.2 21000000.0
	13509.1290846 69.2 21000000.0
	13560.7993447 74.2 21000000.0
	13547.2293967 79.2 21000000.0
	13488.3030957 84.2 21000000.0
	7616.98937486 24.2 23000000.0
	8723.01962435 29.2 23000000.0
	9785.51652882 34.2 23000000.0
	10697.563656 39.2 23000000.0
	11446.5263804 44.2 23000000.0
	12046.500486 49.2 23000000.0
	12514.5981093 54.2 23000000.0
	12865.4436091 59.2 23000000.0
	13111.9745682 64.2 23000000.0
	13267.4870633 69.2 23000000.0
	13346.7966243 74.2 23000000.0
	13366.0084053 79.2 23000000.0
	13341.3607466 84.2 23000000.0
	7498.04848936 24.2 25000000.0
	8581.39711047 29.2 25000000.0
	9626.36620934 34.2 25000000.0
	10520.8571526 39.2 25000000.0
	11252.0747415 44.2 25000000.0
	11836.005798 49.2 25000000.0
	12292.4284733 54.2 25000000.0
	12638.4853205 59.2 25000000.0
	12888.6619502 64.2 25000000.0
	13056.3240789 69.2 25000000.0
	13154.9110076 74.2 25000000.0
	13198.2276243 79.2 25000000.0
	13199.9893948 84.2 25000000.0
	7386.53190133 24.2 27000000.0
	8450.96707398 29.2 27000000.0
	9482.55603357 34.2 27000000.0
	10364.0434313 39.2 27000000.0
	11082.1303387 44.2 27000000.0
	11654.0542692 49.2 27000000.0
	12101.4591715 54.2 27000000.0
	12443.2970043 59.2 27000000.0
	12695.2738419 64.2 27000000.0
	12871.0428056 69.2 27000000.0
	12983.3540347 74.2 27000000.0
	13044.6020894 79.2 27000000.0
	13066.783712 84.2 27000000.0
	7281.1729126 24.2 29000000.0
	8329.74373302 29.2 29000000.0
	9351.17036796 34.2 29000000.0
	10223.1013528 39.2 29000000.0
	10931.5135567 44.2 29000000.0
	11494.4784459 49.2 29000000.0
	11934.9889087 54.2 29000000.0
	12273.3362194 59.2 29000000.0
	12526.1902943 64.2 29000000.0
	12707.556217 69.2 29000000.0
	12829.8655644 74.2 29000000.0
	12904.6497008 79.2 29000000.0
	12942.7414902 84.2 29000000.0
	7180.97808007 24.2 31000000.0
	8216.19757055 29.2 31000000.0
	9230.00952392 34.2 31000000.0
	10095.052234 39.2 31000000.0
	10796.4372496 44.2 31000000.0
	11352.7909113 49.2 31000000.0
	11788.1100655 54.2 31000000.0
	12123.7057459 59.2 31000000.0
	12377.0177578 64.2 31000000.0
	12562.4048438 69.2 31000000.0
	12692.1818146 74.2 31000000.0
	12777.3552147 79.2 31000000.0
	12827.9712551 84.2 31000000.0
	7085.15637261 24.2 33000000.0
	8109.12878539 29.2 33000000.0
	9117.37867505 34.2 33000000.0
	9977.63744622 39.2 33000000.0
	10674.0629406 44.2 33000000.0
	11225.6453237 49.2 33000000.0
	11657.1487358 54.2 33000000.0
	11990.6817573 59.2 33000000.0
	12244.3090327 64.2 33000000.0
	12432.7210046 69.2 33000000.0
	12568.2261892 74.2 33000000.0
	12661.5178043 79.2 33000000.0
	12722.1111512 84.2 33000000.0
	6993.06952252 24.2 35000000.0
	8007.58119574 29.2 35000000.0
	9011.94814484 34.2 35000000.0
	9869.109795 39.2 35000000.0
	10562.217679 44.2 35000000.0
	11110.4928417 49.2 35000000.0
	11539.3005884 54.2 35000000.0
	11871.3893325 59.2 35000000.0
	12125.3400467 64.2 35000000.0
	12316.1461584 69.2 35000000.0
	12456.1702511 74.2 35000000.0
	12555.9260744 79.2 35000000.0
	12624.5720607 84.2 35000000.0
	6904.19646155 24.2 37000000.0
	7910.78214141 29.2 37000000.0
	8912.65820526 34.2 37000000.0
	9768.09416 39.2 37000000.0
	10459.2073054 44.2 37000000.0
	11005.3560067 49.2 37000000.0
	11432.3878542 54.2 37000000.0
	11763.5770984 59.2 37000000.0
	12017.9394366 64.2 37000000.0
	12210.7428358 69.2 37000000.0
	12354.4364846 74.2 37000000.0
	12459.4405064 79.2 37000000.0
	12534.6757903 84.2 37000000.0
	6818.10734999 24.2 39000000.0
	7818.09958191 29.2 39000000.0
	8818.65254834 34.2 39000000.0
	9673.49180911 39.2 39000000.0
	10363.6897229 44.2 39000000.0
	10908.6757225 49.2 39000000.0
	11334.6932395 54.2 39000000.0
	11665.4586241 59.2 39000000.0
	11920.3604656 64.2 39000000.0
	12114.9157383 69.2 39000000.0
	12261.6771989 74.2 39000000.0
	12371.0271076 79.2 39000000.0
	12451.731401 84.2 39000000.0
	6734.44428502 24.2 41000000.0
	7729.01085832 29.2 41000000.0
	8729.23075608 34.2 41000000.0
	9584.41310667 39.2 41000000.0
	10274.5867174 44.2 41000000.0
	10819.205132 49.2 41000000.0
	11244.843929 54.2 41000000.0
	11575.5991629 59.2 41000000.0
	11831.1850711 64.2 41000000.0
	12027.3457307 69.2 41000000.0
	12176.7456889 74.2 41000000.0
	12289.7660118 79.2 41000000.0
	12375.0754508 84.2 41000000.0
