
	5816.31249373 24.2 1000000.0
	12717.637269 29.2 1000000.0
	13227.3415477 34.2 1000000.0
	8118.37902118 39.2 1000000.0
	6627.96374683 44.2 1000000.0
	5889.60621994 49.2 1000000.0
	5447.49996434 54.2 1000000.0
	5156.1959166 59.2 1000000.0
	4952.51919905 64.2 1000000.0
	4804.01925624 69.2 1000000.0
	4692.2301017 74.2 1000000.0
	4605.89135432 79.2 1000000.0
	4537.77980969 84.2 1000000.0
	4512.89741007 24.2 3000000.0
	7294.16825553 29.2 3000000.0
	12879.5810759 34.2 3000000.0
	25025.3829621 39.2 3000000.0
	18694.5862224 44.2 3000000.0
	11944.0834039 49.2 3000000.0
	9181.1123839 54.2 3000000.0
	7765.57981711 59.2 3000000.0
	6911.09808785 64.2 3000000.0
	6341.75430196 69.2 3000000.0
	5937.63024794 74.2 3000000.0
	5637.93872956 79.2 3000000.0
	5408.3775766 84.2 3000000.0
	3793.2573608 24.2 5000000.0
	5664.0559316 29.2 5000000.0
	8209.386114 34.2 5000000.0
	11689.2288321 39.2 5000000.0
	14754.5853552 44.2 5000000.0
	14292.585815 49.2 5000000.0
	11947.0147591 54.2 5000000.0
	9969.23595806 59.2 5000000.0
	8620.0340102 64.2 5000000.0
	7698.00978023 69.2 5000000.0
	7042.37372529 74.2 5000000.0
	6557.52420784 79.2 5000000.0
	6187.19007348 84.2 5000000.0
	3316.99524695 24.2 7000000.0
	4786.86800932 29.2 7000000.0
	6527.35215095 34.2 7000000.0
	8519.32469756 39.2 7000000.0
	10472.2629512 44.2 7000000.0
	11584.6476137 49.2 7000000.0
	11393.7825561 54.2 7000000.0
	10446.6352285 59.2 7000000.0
	9390.70056639 64.2 7000000.0
	8487.30463677 69.2 7000000.0
	7770.41243867 74.2 7000000.0
	7208.83682228 79.2 7000000.0
	6765.43345109 84.2 7000000.0
	2969.58508771 24.2 9000000.0
	4213.20217638 29.2 9000000.0
	5588.72914916 34.2 9000000.0
	7036.60454586 39.2 9000000.0
	8429.38400572 44.2 9000000.0
	9493.29424895 49.2 9000000.0
	9947.22795116 54.2 9000000.0
	9792.46510145 59.2 9000000.0
	9281.92669855 64.2 9000000.0
	8663.45185408 69.2 9000000.0
	8071.33056457 74.2 9000000.0
	7553.02638908 79.2 9000000.0
	7114.61288025 84.2 9000000.0
	2700.06504961 24.2 11000000.0
	3797.73023649 29.2 11000000.0
	4965.85447733 34.2 11000000.0
	6139.27538705 39.2 11000000.0
	7242.9905817 44.2 11000000.0
	8154.16900187 49.2 11000000.0
	8732.62343778 54.2 11000000.0
	8918.6352421 59.2 11000000.0
	8780.86565351 64.2 11000000.0
	8452.05610883 69.2 11000000.0
	8048.17175296 74.2 11000000.0
	7640.09355087 79.2 11000000.0
	7261.4570137 84.2 11000000.0
	2481.86375791 24.2 13000000.0
	3477.10718081 29.2 13000000.0
	4511.37535118 34.2 13000000.0
	5520.83037248 39.2 13000000.0
	6454.08517086 44.2 13000000.0
	7245.67290386 49.2 13000000.0
	7821.83642698 54.2 13000000.0
	8136.19025989 59.2 13000000.0
	8200.87944579 64.2 13000000.0
	8077.5939919 69.2 13000000.0
	7841.8216542 74.2 13000000.0
	7555.4055695 79.2 13000000.0
	7258.59251187 84.2 13000000.0
	2299.60817926 24.2 15000000.0
	3218.68501628 29.2 15000000.0
	4159.18632837 34.2 15000000.0
	5059.93145641 39.2 15000000.0
	5882.23519214 44.2 15000000.0
	6587.18127346 49.2 15000000.0
	7133.5556093 54.2 15000000.0
	7491.65819412 59.2 15000000.0
	7659.62842752 64.2 15000000.0
	7665.89220642 69.2 15000000.0
	7555.78974333 74.2 15000000.0
	7374.91874762 79.2 15000000.0
	7159.35420865 84.2 15000000.0
	2143.71823036 24.2 17000000.0
	3003.69636557 29.2 17000000.0
	3874.64807957 34.2 17000000.0
	4698.06207135 39.2 17000000.0
	5442.86011514 44.2 17000000.0
	6084.16998821 49.2 17000000.0
	6598.08464806 54.2 17000000.0
	6966.7090361 59.2 17000000.0
	7186.41186401 64.2 17000000.0
	7271.29937457 69.2 17000000.0
	7248.69628082 74.2 17000000.0
	7150.4010139 79.2 17000000.0
	7005.31528877 84.2 17000000.0
	2007.87929089 24.2 19000000.0
	2820.48558631 29.2 19000000.0
	3637.62919285 34.2 19000000.0
	4403.17592135 39.2 19000000.0
	5090.93964105 44.2 19000000.0
	5684.19886895 49.2 19000000.0
	6168.96135845 54.2 19000000.0
	6535.04688068 59.2 19000000.0
	6780.14508685 64.2 19000000.0
	6912.40780949 69.2 19000000.0
	6949.14693987 74.2 19000000.0
	6912.4852368 79.2 19000000.0
	6824.60647224 84.2 19000000.0
	1887.74143552 24.2 21000000.0
	2661.38218373 29.2 21000000.0
	3435.52669041 34.2 21000000.0
	4156.08841867 39.2 21000000.0
	4800.18808443 44.2 21000000.0
	5356.15776238 49.2 21000000.0
	5816.03628415 54.2 21000000.0
	6174.67528854 59.2 21000000.0
	6431.55814163 64.2 21000000.0
	6592.45572866 69.2 21000000.0
	6669.21901405 74.2 21000000.0
	6677.66163351 79.2 21000000.0
	6634.69222105 84.2 21000000.0
	1780.19913308 24.2 23000000.0
	2521.10515318 29.2 23000000.0
	3259.99499143 34.2 23000000.0
	3944.53153432 39.2 23000000.0
	4554.15189817 44.2 23000000.0
	5080.47443181 49.2 23000000.0
	5519.38219327 54.2 23000000.0
	5869.06435042 59.2 23000000.0
	6130.58596304 64.2 23000000.0
	6308.8507496 69.2 23000000.0
	6412.71961134 74.2 23000000.0
	6453.99465565 79.2 23000000.0
	6445.73781597 84.2 23000000.0
	1682.96857217 24.2 25000000.0
	2395.88433731 29.2 25000000.0
	3105.25926002 34.2 25000000.0
	3760.25078082 39.2 25000000.0
	4341.96015779 44.2 25000000.0
	4844.21708362 49.2 25000000.0
	5265.44392629 54.2 25000000.0
	5606.08820121 59.2 25000000.0
	5868.46292718 64.2 25000000.0
	6057.23707119 69.2 25000000.0
	6179.61131834 74.2 25000000.0
	6244.84318909 79.2 25000000.0
	6263.27706903 84.2 25000000.0
	1594.32765344 24.2 27000000.0
	2282.94668257 29.2 27000000.0
	2967.17940401 34.2 27000000.0
	3597.46288287 39.2 27000000.0
	4156.11431891 44.2 27000000.0
	4638.48683184 49.2 27000000.0
	5044.72496031 54.2 27000000.0
	5376.8321306 59.2 27000000.0
	5638.06643485 64.2 27000000.0
	5833.1144084 69.2 27000000.0
	5968.23745738 74.2 27000000.0
	6051.06346221 79.2 27000000.0
	6090.03668764 84.2 27000000.0
	1512.94964685 24.2 29000000.0
	2180.20086654 29.2 29000000.0
	2842.69939477 34.2 29000000.0
	3451.98019014 39.2 29000000.0
	3991.2573259 44.2 29000000.0
	4456.94850581 49.2 29000000.0
	4850.38770953 54.2 29000000.0
	5174.66564226 59.2 29000000.0
	5433.74367667 64.2 29000000.0
	5632.41376733 69.2 29000000.0
	5776.39403423 74.2 29000000.0
	5872.25153045 79.2 29000000.0
	5927.09993904 84.2 29000000.0
	1437.7931794 24.2 31000000.0
	2086.03572898 29.2 31000000.0
	2729.50747866 34.2 31000000.0
	3320.68626157 39.2 31000000.0
	3843.44894204 44.2 31000000.0
	4294.9610673 49.2 31000000.0
	4677.38676657 54.2 31000000.0
	4994.58374629 59.2 31000000.0
	5251.03193315 64.2 31000000.0
	5451.64639235 69.2 31000000.0
	5601.82256586 74.2 31000000.0
	5707.42272068 79.2 31000000.0
	5774.62090686 84.2 31000000.0
	1368.02737348 24.2 33000000.0
	1999.1869819 29.2 33000000.0
	2625.81804321 34.2 33000000.0
	3201.20759015 39.2 33000000.0
	3709.71900637 44.2 33000000.0
	4149.04060889 49.2 33000000.0
	4521.91727608 54.2 33000000.0
	4832.74988603 59.2 33000000.0
	5086.39784233 64.2 33000000.0
	5287.88862404 69.2 33000000.0
	5442.4194565 74.2 33000000.0
	5555.37334697 79.2 33000000.0
	5632.25237758 84.2 33000000.0
	1302.9796258 24.2 35000000.0
	1918.6464679 29.2 35000000.0
	2530.22681262 34.2 35000000.0
	3091.70034371 39.2 35000000.0
	3587.78114829 44.2 35000000.0
	4016.51635985 49.2 35000000.0
	4381.05415879 54.2 35000000.0
	4686.17897589 59.2 35000000.0
	4937.02522194 64.2 35000000.0
	5138.71223252 69.2 35000000.0
	5296.30990711 74.2 35000000.0
	5414.86691818 79.2 35000000.0
	5499.39742544 84.2 35000000.0
	1242.09837812 24.2 37000000.0
	1843.5988088 29.2 37000000.0
	2441.61192334 34.2 37000000.0
	2990.70737839 39.2 37000000.0
	3475.8431679 44.2 37000000.0
	3895.3032121 49.2 37000000.0
	4252.51001744 54.2 37000000.0
	4552.51565912 59.2 37000000.0
	4800.65081703 64.2 37000000.0
	5002.10432727 69.2 37000000.0
	5161.85935527 74.2 37000000.0
	5284.7248243 79.2 37000000.0
	5375.35456422 84.2 37000000.0
	1184.92605841 24.2 39000000.0
	1773.37619161 29.2 39000000.0
	2359.06464088 34.2 39000000.0
	2897.05972211 39.2 39000000.0
	3372.4778141 44.2 39000000.0
	3783.74706407 49.2 39000000.0
	4134.46879969 54.2 39000000.0
	4429.87720217 59.2 39000000.0
	4675.43952278 64.2 39000000.0
	4876.39324653 69.2 39000000.0
	5037.65804281 74.2 39000000.0
	5163.86580837 79.2 39000000.0
	5259.39942835 84.2 39000000.0
	1131.07907216 24.2 41000000.0
	1707.4254653 29.2 41000000.0
	2281.8397681 34.2 41000000.0
	2809.8070681 39.2 41000000.0
	3276.53251077 44.2 41000000.0
	3680.51707535 49.2 41000000.0
	4025.46902631 54.2 41000000.0
	4316.74060962 59.2 41000000.0
	4559.8900681 64.2 41000000.0
	4760.18533483 69.2 41000000.0
	4922.49578829 74.2 41000000.0
	5051.31856361 79.2 41000000.0
	5150.82895743 84.2 41000000.0
