
	67.3595690103 24.2 1000000.0
	58.1698611542 29.2 1000000.0
	9.99440623701 34.2 1000000.0
	7.5227339724 39.2 1000000.0
	6.23073552764 44.2 1000000.0
	5.37954860049 49.2 1000000.0
	4.76070308502 54.2 1000000.0
	4.28409552797 59.2 1000000.0
	3.9026109235 64.2 1000000.0
	3.58865404303 69.2 1000000.0
	3.32476259242 74.2 1000000.0
	3.09923963635 79.2 1000000.0
	2.90389907025 84.2 1000000.0
	70.3850187416 24.2 3000000.0
	64.0605533037 29.2 3000000.0
	55.0671125173 34.2 3000000.0
	40.1246517896 39.2 3000000.0
	25.8991432124 44.2 3000000.0
	19.5759073539 49.2 3000000.0
	16.1995811304 54.2 3000000.0
	14.0101914843 59.2 3000000.0
	12.4363343819 64.2 3000000.0
	11.2326665639 69.2 3000000.0
	10.2731259482 74.2 3000000.0
	9.48502074967 79.2 3000000.0
	8.82295202846 84.2 3000000.0
	72.7183440281 24.2 5000000.0
	67.5472923797 29.2 5000000.0
	61.1742931587 34.2 5000000.0
	53.2045979955 39.2 5000000.0
	43.7800260932 44.2 5000000.0
	35.0285122134 49.2 5000000.0
	28.7084116011 54.2 5000000.0
	24.4155044066 59.2 5000000.0
	21.3767823901 64.2 5000000.0
	19.1083071933 69.2 5000000.0
	17.3397333878 74.2 5000000.0
	15.9142468184 79.2 5000000.0
	14.73535833 84.2 5000000.0
	74.6558535718 24.2 7000000.0
	70.1644154632 29.2 7000000.0
	64.9170801792 34.2 7000000.0
	58.8593560773 39.2 7000000.0
	52.0769785493 44.2 7000000.0
	45.0904966184 49.2 7000000.0
	38.7727476882 54.2 7000000.0
	33.6398581265 59.2 7000000.0
	29.6478908356 64.2 7000000.0
	26.5396048096 69.2 7000000.0
	24.0732139115 74.2 7000000.0
	22.0719613956 79.2 7000000.0
	20.4140707996 84.2 7000000.0
	76.3302690906 24.2 9000000.0
	72.3041139709 29.2 9000000.0
	67.7258453812 34.2 9000000.0
	62.6261074957 39.2 9000000.0
	57.0937839035 44.2 9000000.0
	51.3577911816 49.2 9000000.0
	45.8052064431 54.2 9000000.0
	40.814856506 59.2 9000000.0
	36.5668908929 64.2 9000000.0
	33.0431161665 69.2 9000000.0
	30.1334003972 74.2 9000000.0
	27.7144669565 79.2 9000000.0
	25.6806751627 84.2 9000000.0
	77.8143666513 24.2 11000000.0
	74.1346033396 29.2 11000000.0
	70.0147409219 34.2 11000000.0
	65.5139561031 39.2 11000000.0
	60.7184556869 44.2 11000000.0
	55.7699692639 49.2 11000000.0
	50.8780433418 54.2 11000000.0
	46.2742765538 59.2 11000000.0
	42.1293356559 64.2 11000000.0
	38.509696293 69.2 11000000.0
	35.3975290684 74.2 11000000.0
	32.7329232815 79.2 11000000.0
	30.4454016436 84.2 11000000.0
	79.1530472432 24.2 13000000.0
	75.7454909757 29.2 13000000.0
	71.9664094689 34.2 13000000.0
	67.8858414937 39.2 13000000.0
	63.5856529613 44.2 13000000.0
	59.1705808748 49.2 13000000.0
	54.7750715586 54.2 13000000.0
	50.5482037303 59.2 13000000.0
	46.6185685724 64.2 13000000.0
	43.0641639278 69.2 13000000.0
	39.9075273011 74.2 13000000.0
	37.1309989299 79.2 13000000.0
	34.6961835261 84.2 13000000.0
	80.376266373 24.2 15000000.0
	77.1908841081 29.2 15000000.0
	73.679006279 34.2 15000000.0
	69.9149145362 39.2 15000000.0
	65.9762268355 44.2 15000000.0
	61.9481818 49.2 15000000.0
	57.927997615 54.2 15000000.0
	54.0195414981 59.2 15000000.0
	50.3176786671 64.2 15000000.0
	46.8911855123 69.2 15000000.0
	43.7748101274 74.2 15000000.0
	40.9728463578 79.2 15000000.0
	38.4688705407 84.2 15000000.0
	81.5051572471 24.2 17000000.0
	78.5062744905 29.2 17000000.0
	75.2119351398 34.2 17000000.0
	71.6979165277 39.2 17000000.0
	68.0381319637 44.2 17000000.0
	64.3060327255 49.2 17000000.0
	60.5779413573 54.2 17000000.0
	56.9315359428 59.2 17000000.0
	53.4386543015 64.2 17000000.0
	50.1560012007 69.2 17000000.0
	47.1190016966 74.2 17000000.0
	44.3414941744 79.2 17000000.0
	41.8200470189 84.2 17000000.0
	82.5552687614 24.2 19000000.0
	79.7163599072 29.2 19000000.0
	76.6041443777 34.2 19000000.0
	73.2946989705 39.2 19000000.0
	69.8588213648 44.2 19000000.0
	66.3621624599 49.2 19000000.0
	62.86817274 54.2 19000000.0
	59.4383653637 59.2 19000000.0
	56.1291453484 64.2 19000000.0
	52.9868622673 69.2 19000000.0
	50.0437928082 74.2 19000000.0
	47.3169669297 79.2 19000000.0
	44.8099145578 84.2 19000000.0
	83.5384221986 24.2 21000000.0
	80.839106661 29.2 21000000.0
	77.8826917595 34.2 21000000.0
	74.745036266 39.2 21000000.0
	71.4943465098 44.2 21000000.0
	68.1907789834 49.2 21000000.0
	64.8892807378 54.2 21000000.0
	61.6408054709 59.2 21000000.0
	58.4912348948 64.2 21000000.0
	55.4788831081 69.2 21000000.0
	52.6320899147 74.2 21000000.0
	49.9681546627 79.2 21000000.0
	47.4939907076 84.2 21000000.0
	84.4638442401 24.2 23000000.0
	81.8880440947 29.2 23000000.0
	79.0672169469 34.2 23000000.0
	76.0768003572 39.2 23000000.0
	72.982848998 44.2 23000000.0
	69.8414718883 49.2 23000000.0
	66.7016912472 54.2 23000000.0
	63.6072266931 59.2 23000000.0
	60.5965909236 64.2 23000000.0
	57.7020262904 69.2 23000000.0
	54.9481989392 74.2 23000000.0
	52.3514758124 79.2 23000000.0
	49.9201731321 84.2 23000000.0
	85.3388934077 24.2 25000000.0
	82.8736466577 29.2 25000000.0
	80.1724739195 34.2 25000000.0
	77.310338273 39.2 25000000.0
	74.3515044222 44.2 25000000.0
	71.3489990599 49.2 25000000.0
	68.3475422647 54.2 25000000.0
	65.3856990453 59.2 25000000.0
	62.4966783878 64.2 25000000.0
	59.708140477 69.2 25000000.0
	57.041625485 74.2 25000000.0
	54.5121726001 79.2 25000000.0
	52.1284592059 84.2 25000000.0
	86.1695449722 24.2 27000000.0
	83.8042099861 29.2 27000000.0
	81.2098576214 34.2 27000000.0
	78.4609947498 39.2 27000000.0
	75.6203924349 44.2 27000000.0
	72.738669936 49.2 27000000.0
	69.8573203277 54.2 27000000.0
	67.0111148526 59.2 27000000.0
	64.2293468464 64.2 27000000.0
	61.5361890984 69.2 27000000.0
	58.9506144479 74.2 27000000.0
	56.4862953865 79.2 27000000.0
	54.1517523894 84.2 27000000.0
	86.960725656 24.2 29000000.0
	84.6864298267 29.2 29000000.0
	82.1883715183 34.2 29000000.0
	79.5406523843 39.2 29000000.0
	76.804793237 44.2 29000000.0
	74.0294957832 49.2 29000000.0
	71.253769036 54.2 29000000.0
	68.5095163534 59.2 29000000.0
	65.823073933 64.2 29000000.0
	63.2159283409 69.2 29000000.0
	60.7049708323 74.2 29000000.0
	58.3026122051 79.2 29000000.0
	56.016980906 84.2 29000000.0
	87.7165512833 24.2 31000000.0
	85.52579805 29.2 31000000.0
	83.1152664485 34.2 31000000.0
	80.5587169556 39.2 31000000.0
	77.9166211109 44.2 31000000.0
	75.23612955 49.2 31000000.0
	72.5542987874 54.2 31000000.0
	69.9008155659 59.2 31000000.0
	67.2997381183 64.2 31000000.0
	64.7704571175 69.2 31000000.0
	62.328180423 74.2 31000000.0
	59.9842089995 79.2 31000000.0
	57.7461930555 84.2 31000000.0
	88.4404996525 24.2 33000000.0
	86.3268815699 29.2 33000000.0
	83.9964770983 34.2 33000000.0
	81.5227726214 39.2 33000000.0
	78.9653574472 44.2 33000000.0
	76.3701121952 49.2 33000000.0
	73.7725324502 54.2 33000000.0
	71.2005597403 59.2 33000000.0
	68.6764671117 64.2 33000000.0
	66.2179893277 69.2 33000000.0
	63.8389696726 74.2 33000000.0
	61.5497555349 79.2 33000000.0
	59.357508481 84.2 33000000.0
	89.1355389544 24.2 35000000.0
	87.0935237625 29.2 35000000.0
	84.8369289688 34.2 35000000.0
	82.4390319847 39.2 35000000.0
	79.9586796719 44.2 35000000.0
	77.4407026933 49.2 35000000.0
	74.9193313506 54.2 35000000.0
	72.4211117063 59.2 35000000.0
	69.9668969064 64.2 35000000.0
	67.5730980781 69.2 35000000.0
	65.2524471921 74.2 35000000.0
	63.0144816844 79.2 35000000.0
	60.8659005462 84.2 35000000.0
	89.8042249283 24.2 37000000.0
	87.8289931033 29.2 37000000.0
	85.640759693 34.2 37000000.0
	83.3126539382 39.2 37000000.0
	80.9028980228 44.2 37000000.0
	78.4554480061 49.2 37000000.0
	76.003496887 54.2 37000000.0
	73.5724603899 59.2 37000000.0
	71.1820478125 64.2 37000000.0
	68.8476009842 69.2 37000000.0
	66.5809417015 74.2 37000000.0
	64.3909229847 79.2 37000000.0
	62.2838229121 84.2 37000000.0
	90.4487755654 24.2 39000000.0
	88.5360949489 29.2 39000000.0
	86.411482081 34.2 39000000.0
	84.1479735654 39.2 39000000.0
	81.8032667722 44.2 39000000.0
	79.420585003 49.2 39000000.0
	77.0322629803 54.2 39000000.0
	74.6627908825 59.2 39000000.0
	72.3309464166 64.2 39000000.0
	70.0511993737 69.2 39000000.0
	67.8346217172 74.2 39000000.0
	65.6894891086 79.2 39000000.0
	63.6217051178 84.2 39000000.0
	91.0711293781 24.2 41000000.0
	89.2172570164 29.2 41000000.0
	87.1521065264 34.2 41000000.0
	84.9486719349 39.2 41000000.0
	82.6642109995 44.2 41000000.0
	80.3413305055 49.2 41000000.0
	78.0116497236 54.2 41000000.0
	75.6988941077 59.2 41000000.0
	73.4210755346 64.2 41000000.0
	71.191946671 69.2 41000000.0
	69.0219582039 74.2 41000000.0
	66.9188986397 79.2 41000000.0
	64.8883427517 84.2 41000000.0
