
	1608.34196119 24.2 1000000.0
	4306.72171505 29.2 1000000.0
	16264.4706705 34.2 1000000.0
	18530.7637533 39.2 1000000.0
	20179.1043786 44.2 1000000.0
	21534.2471236 49.2 1000000.0
	22699.4598753 54.2 1000000.0
	23727.1836355 59.2 1000000.0
	24649.4870139 64.2 1000000.0
	25487.9153749 69.2 1000000.0
	26257.8299076 74.2 1000000.0
	26970.6700334 79.2 1000000.0
	27635.252691 84.2 1000000.0
	1090.52991828 24.2 3000000.0
	3307.72771772 29.2 3000000.0
	5826.90544745 34.2 3000000.0
	9267.30082148 39.2 3000000.0
	12918.3575107 44.2 3000000.0
	15233.2607488 49.2 3000000.0
	16882.6318103 54.2 3000000.0
	18204.520429 59.2 3000000.0
	19325.3372456 64.2 3000000.0
	20306.3091035 69.2 3000000.0
	21182.8691184 74.2 3000000.0
	21977.9129955 79.2 3000000.0
	22707.3432419 84.2 3000000.0
	696.367350638 24.2 5000000.0
	2714.75356531 29.2 5000000.0
	4798.31769446 34.2 5000000.0
	7031.50000981 39.2 5000000.0
	9438.20643762 44.2 5000000.0
	11750.742317 49.2 5000000.0
	13675.5423835 54.2 5000000.0
	15227.019297 59.2 5000000.0
	16513.8598241 64.2 5000000.0
	17616.4605144 69.2 5000000.0
	18584.9894145 74.2 5000000.0
	19451.5614565 79.2 5000000.0
	20237.8964406 84.2 5000000.0
	373.208110732 24.2 7000000.0
	2271.80516421 29.2 7000000.0
	4165.68203206 34.2 7000000.0
	6080.11546922 39.2 7000000.0
	8019.67559298 44.2 7000000.0
	9930.73562758 49.2 7000000.0
	11703.0566552 54.2 7000000.0
	13261.5807953 59.2 7000000.0
	14606.3498455 64.2 7000000.0
	15772.9292949 69.2 7000000.0
	16799.0496504 74.2 7000000.0
	17714.8027217 79.2 7000000.0
	18542.621101 84.2 7000000.0
	97.2946002481 24.2 9000000.0
	1911.98856342 29.2 9000000.0
	3691.52231386 34.2 9000000.0
	5446.6848858 39.2 9000000.0
	7176.11622262 44.2 9000000.0
	8860.41379688 49.2 9000000.0
	10458.4651888 54.2 9000000.0
	11926.9342382 59.2 9000000.0
	13245.478997 64.2 9000000.0
	14419.1731769 69.2 9000000.0
	15466.0120301 74.2 9000000.0
	16406.4541614 79.2 9000000.0
	17258.8282256 84.2 9000000.0
	-144.426913052 24.2 11000000.0
	1606.30435458 29.2 11000000.0
	3306.28853558 34.2 11000000.0
	4961.6094318 39.2 11000000.0
	6569.36328346 44.2 11000000.0
	8119.8054594 49.2 11000000.0
	9594.85473627 54.2 11000000.0
	10972.9166995 59.2 11000000.0
	12238.8042343 64.2 11000000.0
	13389.3895226 69.2 11000000.0
	14431.6127274 74.2 11000000.0
	15377.4697782 79.2 11000000.0
	16240.0755755 84.2 11000000.0
	-360.006754748 24.2 13000000.0
	1339.20846842 29.2 13000000.0
	2979.06957547 34.2 13000000.0
	4563.97149113 39.2 13000000.0
	6090.62133661 44.2 13000000.0
	7553.15038192 49.2 13000000.0
	8942.69554455 54.2 13000000.0
	10248.6007576 59.2 13000000.0
	11462.1840133 64.2 13000000.0
	12580.1893075 69.2 13000000.0
	13605.3962762 74.2 13000000.0
	14544.8740298 79.2 13000000.0
	15407.7109606 84.2 13000000.0
	-554.807419897 24.2 15000000.0
	1101.27917831 29.2 15000000.0
	2693.15998597 34.2 15000000.0
	4224.64584242 39.2 15000000.0
	5692.34581227 44.2 15000000.0
	7092.26106228 49.2 15000000.0
	8419.84493604 54.2 15000000.0
	9670.05232328 59.2 15000000.0
	10838.681649 64.2 15000000.0
	11924.1053276 69.2 15000000.0
	12928.08516 74.2 15000000.0
	13855.3358729 79.2 15000000.0
	14712.4187524 84.2 15000000.0
	-732.604805331 24.2 17000000.0
	886.321512055 29.2 17000000.0
	2438.40740461 34.2 17000000.0
	3927.31632579 39.2 17000000.0
	5349.59861461 44.2 17000000.0
	6702.23036217 49.2 17000000.0
	7982.91045463 54.2 17000000.0
	9189.64821665 59.2 17000000.0
	10321.0572757 64.2 17000000.0
	11377.107428 69.2 17000000.0
	12359.6720827 74.2 17000000.0
	13272.5033619 79.2 17000000.0
	14120.7390643 84.2 17000000.0
	-896.171713854 24.2 19000000.0
	690.01799839 29.2 19000000.0
	2208.1342808 34.2 19000000.0
	3661.86277421 39.2 19000000.0
	5047.65962521 44.2 19000000.0
	6363.00533823 49.2 19000000.0
	7606.83923922 54.2 19000000.0
	8778.92245567 59.2 19000000.0
	9879.62526696 64.2 19000000.0
	10910.140453 69.2 19000000.0
	11872.7592244 74.2 19000000.0
	12770.9277188 79.2 19000000.0
	13609.0360247 84.2 19000000.0
	-1047.61260195 24.2 21000000.0
	509.224793599 29.2 21000000.0
	1997.69023032 34.2 21000000.0
	3421.54455536 39.2 21000000.0
	4777.09549343 44.2 21000000.0
	6062.05169319 49.2 21000000.0
	7276.05048847 54.2 21000000.0
	8419.89286723 59.2 21000000.0
	9495.05777128 64.2 21000000.0
	10503.6086751 69.2 21000000.0
	11448.2697052 74.2 21000000.0
	12332.4603484 79.2 21000000.0
	13160.2010648 84.2 21000000.0
	-1188.56773762 24.2 23000000.0
	341.572833204 29.2 23000000.0
	1803.69319619 34.2 23000000.0
	3201.62883682 39.2 23000000.0
	4531.48440816 44.2 23000000.0
	5791.02142138 49.2 23000000.0
	6980.25767311 54.2 23000000.0
	8100.61926226 59.2 23000000.0
	9154.29183818 64.2 23000000.0
	10143.9422787 69.2 23000000.0
	11072.6571997 74.2 23000000.0
	11943.9320599 79.2 23000000.0
	12761.6176929 84.2 23000000.0
	-1320.34393178 24.2 25000000.0
	185.227014982 29.2 25000000.0
	1623.59839014 34.2 25000000.0
	2998.65464137 39.2 25000000.0
	4306.2479143 44.2 25000000.0
	5544.07490451 49.2 25000000.0
	6712.33585267 54.2 25000000.0
	7812.82680449 59.2 25000000.0
	8848.18385184 64.2 25000000.0
	9821.48597887 69.2 25000000.0
	10736.0987135 74.2 25000000.0
	11595.6184416 79.2 25000000.0
	12403.8272025 84.2 25000000.0
	-1444.00165191 24.2 27000000.0
	38.7332823241 29.2 27000000.0
	1455.43773083 34.2 27000000.0
	2810.00795598 39.2 27000000.0
	4098.00056608 44.2 27000000.0
	5316.96497747 49.2 27000000.0
	6467.15407842 54.2 27000000.0
	7550.56952349 59.2 27000000.0
	8570.12947393 64.2 27000000.0
	9529.18985196 69.2 27000000.0
	10431.3207909 74.2 27000000.0
	11280.2129465 79.2 27000000.0
	12079.6273265 84.2 27000000.0
	-1560.41503001 24.2 29000000.0
	-99.0825474699 29.2 29000000.0
	1297.65433218 34.2 29000000.0
	2633.66186026 39.2 29000000.0
	3904.16415686 44.2 29000000.0
	5106.50360035 49.2 29000000.0
	6240.89717837 54.2 29000000.0
	7309.44217943 59.2 29000000.0
	8315.22497326 64.2 29000000.0
	9261.78250409 69.2 29000000.0
	10152.8292321 74.2 29000000.0
	10992.1324048 79.2 29000000.0
	11783.4521499 84.2 29000000.0
	-1670.31437801 24.2 31000000.0
	-229.184044987 29.2 31000000.0
	1148.99301469 34.2 31000000.0
	2468.01000029 39.2 31000000.0
	3722.72689793 44.2 31000000.0
	4910.23455649 49.2 31000000.0
	6030.65165786 54.2 31000000.0
	7086.09512541 59.2 31000000.0
	8079.7404919 64.2 31000000.0
	9015.23690671 69.2 31000000.0
	9896.39597121 74.2 31000000.0
	10727.0416458 79.2 31000000.0
	11510.9393781 84.2 31000000.0
	-1774.31704592 24.2 33000000.0
	-352.372974046 29.2 33000000.0
	1008.42538405 34.2 33000000.0
	2311.75569183 39.2 33000000.0
	3552.08663218 44.2 33000000.0
	4726.22365297 49.2 33000000.0
	5834.14195471 54.2 33000000.0
	6877.92413285 59.2 33000000.0
	7860.77870885 64.2 33000000.0
	8786.41699456 69.2 33000000.0
	9658.71128024 74.2 33000000.0
	10481.5236605 79.2 33000000.0
	11258.6243564 84.2 33000000.0
	-1872.95029429 24.2 35000000.0
	-469.324543901 29.2 35000000.0
	875.097072418 34.2 35000000.0
	2163.83564263 39.2 35000000.0
	3390.94510411 44.2 35000000.0
	4552.91922843 49.2 35000000.0
	5649.55629206 54.2 35000000.0
	6682.86535568 59.2 35000000.0
	7656.04717621 64.2 35000000.0
	8572.83832734 69.2 35000000.0
	9437.14370648 74.2 35000000.0
	10252.8474173 79.2 35000000.0
	11023.7209087 84.2 35000000.0
	-1966.66856182 24.2 37000000.0
	-580.613424073 29.2 37000000.0
	748.289660418 34.2 37000000.0
	2023.36602093 39.2 37000000.0
	3238.23449735 44.2 37000000.0
	4389.05647179 49.2 37000000.0
	5475.42806858 54.2 37000000.0
	6499.25576404 59.2 37000000.0
	7463.70244379 64.2 37000000.0
	8372.50236433 69.2 37000000.0
	9229.57134634 74.2 37000000.0
	10038.8019904 79.2 37000000.0
	10803.9623411 84.2 37000000.0
	-2055.86671575 24.2 39000000.0
	-686.73330629 29.2 39000000.0
	627.392601263 34.2 39000000.0
	1889.60340604 39.2 39000000.0
	3093.06506337 44.2 39000000.0
	4233.59000693 49.2 39000000.0
	5310.55287007 54.2 39000000.0
	6325.73565653 59.2 39000000.0
	7282.24078253 64.2 39000000.0
	8183.77931323 69.2 39000000.0
	9034.2611672 74.2 39000000.0
	9837.57631686 79.2 39000000.0
	10597.4846293 84.2 39000000.0
	-2140.89036755 24.2 41000000.0
	-788.111860143 29.2 41000000.0
	511.882128214 34.2 41000000.0
	1761.91592262 39.2 41000000.0
	2954.68694265 44.2 41000000.0
	4085.64527105 49.2 41000000.0
	5153.92902051 54.2 41000000.0
	6161.1789901 59.2 41000000.0
	7110.41992634 64.2 41000000.0
	8005.32371942 69.2 41000000.0
	8849.78125112 74.2 41000000.0
	9647.67078436 79.2 41000000.0
	10402.7395317 84.2 41000000.0
