
	473.7314627225277 33.223 100000.0
	495.6832303080171 36.223 100000.0
	516.6086303578409 39.223 100000.0
	536.6520802697188 42.223 100000.0
	555.9210210382217 45.223 100000.0
	574.5007034976222 48.223 100000.0
	592.460992660501 51.223 100000.0
	609.8600244891514 54.223 100000.0
	626.7464633201765 57.223 100000.0
	643.1610491820057 60.223 100000.0
	659.1377451407673 63.223 100000.0
	674.7046470214723 66.223 100000.0
	459.58922657189805 33.223 400000.0
	484.87254782562076 36.223 400000.0
	508.21867971885547 39.223 400000.0
	530.1401811488652 42.223 400000.0
	550.916261217186 45.223 400000.0
	570.7288681210209 48.223 400000.0
	589.7103099680859 51.223 400000.0
	607.9627188095193 54.223 400000.0
	625.5674116355463 57.223 400000.0
	642.5901291105608 60.223 400000.0
	659.0843573847064 63.223 400000.0
	675.0936466329672 66.223 400000.0
	442.31358344357255 33.223 700000.0
	472.9575316204576 36.223 700000.0
	499.4605712250054 39.223 700000.0
	523.5725255986827 42.223 700000.0
	546.001150252475 45.223 700000.0
	567.1167346804752 48.223 700000.0
	587.1519676390295 51.223 700000.0
	606.2705988381449 54.223 700000.0
	624.5955255675028 57.223 700000.0
	642.2223106729382 60.223 700000.0
	659.2266897153584 63.223 700000.0
	675.6692584050963 66.223 700000.0
	419.3120371230498 33.223 1000000.0
	460.10761922940515 36.223 1000000.0
	490.8272830311905 39.223 1000000.0
	517.4065265454675 42.223 1000000.0
	541.5473253749343 45.223 1000000.0
	563.9574457687074 48.223 1000000.0
	585.0164904192436 51.223 1000000.0
	604.9659261247797 54.223 1000000.0
	623.97607526064 57.223 1000000.0
	642.1743880638385 60.223 1000000.0
	659.6594408675943 63.223 1000000.0
	676.5088808463256 66.223 1000000.0
	375.20337445251215 33.223 1300000.0
	446.4573785205786 36.223 1300000.0
	482.9535973926147 39.223 1300000.0
	512.1761525657796 42.223 1300000.0
	537.9579525186031 45.223 1300000.0
	561.552485361836 48.223 1300000.0
	583.5317127802977 51.223 1300000.0
	604.2234474483934 54.223 1300000.0
	623.8450913363328 57.223 1300000.0
	642.5537073847122 60.223 1300000.0
	660.4683613299804 63.223 1300000.0
	677.6817598003283 66.223 1300000.0
	618.3159435311035 33.223 1600000.0
	434.4330744274342 36.223 1600000.0
	476.9549493686901 39.223 1600000.0
	508.56682776690093 42.223 1600000.0
	535.6846550595784 45.223 1600000.0
	560.214281646266 48.223 1600000.0
	582.9220592850253 51.223 1600000.0
	604.2092615396323 54.223 1600000.0
	624.3285120466714 57.223 1600000.0
	643.4576734004245 60.223 1600000.0
	661.7300473977618 63.223 1600000.0
	679.248979809172 66.223 1600000.0
