
	10679.281598943777 33.223 100000.0
	10627.471883985681 36.223 100000.0
	10583.064518977359 39.223 100000.0
	10545.100411826164 42.223 100000.0
	10512.937899522929 45.223 100000.0
	10485.882696138846 48.223 100000.0
	10463.226464613675 51.223 100000.0
	10444.321556600788 54.223 100000.0
	10428.626433085543 57.223 100000.0
	10415.723407277144 60.223 100000.0
	10405.319195394408 63.223 100000.0
	10397.236111253042 66.223 100000.0
	12241.266512749771 33.223 400000.0
	11821.474142959554 36.223 400000.0
	11543.857671722062 39.223 400000.0
	11339.24061398154 42.223 400000.0
	11180.248326692506 45.223 400000.0
	11053.340831259637 48.223 400000.0
	10950.465851521503 51.223 400000.0
	10866.219483167135 54.223 400000.0
	10796.729192874804 57.223 400000.0
	10739.134054053686 60.223 400000.0
	10691.298316376118 63.223 400000.0
	10651.629887084666 66.223 400000.0
	15238.858306510912 33.223 700000.0
	13619.715639073567 36.223 700000.0
	12810.825557079354 39.223 700000.0
	12307.702055199645 42.223 700000.0
	11955.168049686612 45.223 700000.0
	11691.289472328264 48.223 700000.0
	11486.02360234527 51.223 700000.0
	11322.443102262156 54.223 700000.0
	11189.931092041208 57.223 700000.0
	11081.338048352038 60.223 700000.0
	10991.63051596236 63.223 700000.0
	10917.169997029507 66.223 700000.0
	23325.551193941017 33.223 1000000.0
	16686.679344179815 36.223 1000000.0
	14576.504556247011 39.223 1000000.0
	13517.640345361926 42.223 1000000.0
	12862.843810669645 45.223 1000000.0
	12408.866484672788 48.223 1000000.0
	12072.48894065581 51.223 1000000.0
	11812.837539095599 54.223 1000000.0
	11606.966350386438 57.223 1000000.0
	11440.68662264096 60.223 1000000.0
	11304.61153180042 63.223 1000000.0
	11192.239725876658 66.223 1000000.0
	268764.97242807795 33.223 1300000.0
	23056.365814925735 36.223 1300000.0
	17211.83368786054 39.223 1300000.0
	15070.774781297721 42.223 1300000.0
	13935.51045453905 45.223 1300000.0
	13216.080094575746 48.223 1300000.0
	12711.95960180604 51.223 1300000.0
	12336.599733594003 54.223 1300000.0
	12046.041715522368 57.223 1300000.0
	11815.15641792037 60.223 1300000.0
	11628.28870309129 63.223 1300000.0
	11475.066253127528 66.223 1300000.0
	36772.43401576468 33.223 1600000.0
	41556.95719478502 36.223 1600000.0
	21453.49177191532 39.223 1600000.0
	17115.786888166054 42.223 1600000.0
	15212.07884482695 45.223 1600000.0
	14122.908887448331 48.223 1600000.0
	13405.545250778196 51.223 1600000.0
	12892.053685248196 54.223 1600000.0
	12504.74760487686 57.223 1600000.0
	12202.322327898832 60.223 1600000.0
	11960.459697119875 63.223 1600000.0
	11763.728828386358 66.223 1600000.0
