
	4484.062361987507 33.223 100000.0
	4419.578804384387 36.223 100000.0
	4369.619882345652 39.223 100000.0
	4330.363727811907 42.223 100000.0
	4299.169281910069 45.223 100000.0
	4274.121967424531 48.223 100000.0
	4253.807190644537 51.223 100000.0
	4237.16931319575 54.223 100000.0
	4223.414412263705 57.223 100000.0
	4211.940794764711 60.223 100000.0
	4202.288781524549 63.223 100000.0
	4194.104253965846 66.223 100000.0
	5978.54988420808 33.223 400000.0
	5542.073451661946 36.223 400000.0
	5252.461827445971 39.223 400000.0
	5045.177992146858 42.223 400000.0
	4890.105454959655 45.223 400000.0
	4770.64275987802 48.223 400000.0
	4676.60220403802 51.223 400000.0
	4601.2875390939835 54.223 400000.0
	4540.091895445675 57.223 400000.0
	4489.741903835489 60.223 400000.0
	4447.854261660525 63.223 400000.0
	4412.659447447968 66.223 400000.0
	8774.236631735901 33.223 700000.0
	7236.453075927988 36.223 700000.0
	6438.5891182813975 39.223 700000.0
	5939.710571698728 42.223 700000.0
	5595.659216770752 45.223 700000.0
	5344.195371694817 48.223 700000.0
	5153.25022200654 51.223 700000.0
	5004.233833959359 54.223 700000.0
	4885.468609677641 57.223 700000.0
	4789.193528294617 60.223 700000.0
	4710.03384060878 63.223 700000.0
	4644.1489165983485 66.223 700000.0
	16335.444333796655 33.223 1000000.0
	10125.212564648815 36.223 1000000.0
	8107.9445709368965 39.223 1000000.0
	7076.810686566297 42.223 1000000.0
	6439.437899236394 45.223 1000000.0
	6003.396942647177 48.223 1000000.0
	5686.214757965123 51.223 1000000.0
	5445.881809741296 54.223 1000000.0
	5258.36362997109 57.223 1000000.0
	5108.747410555236 60.223 1000000.0
	4987.222633868635 63.223 1000000.0
	4887.047732530192 66.223 1000000.0
	260234.76961276616 33.223 1300000.0
	16177.066931070996 36.223 1300000.0
	10614.833689570794 39.223 1300000.0
	8552.624663167479 42.223 1300000.0
	7451.577228748422 45.223 1300000.0
	6757.435737227958 48.223 1300000.0
	6277.288663047572 51.223 1300000.0
	5925.341167932043 54.223 1300000.0
	5656.9895713326005 57.223 1300000.0
	5446.424464591159 60.223 1300000.0
	5277.525973611524 63.223 1300000.0
	5139.643594104365 66.223 1300000.0
	30153.741025422707 33.223 1600000.0
	34168.28729235726 36.223 1600000.0
	14680.473472420588 39.223 1600000.0
	10510.144350348115 42.223 1600000.0
	8668.6013039483 45.223 1600000.0
	7615.22929723649 48.223 1600000.0
	6927.102628591464 51.223 1600000.0
	6440.726668795567 54.223 1600000.0
	6078.856798295198 57.223 1600000.0
	5799.78232290011 60.223 1600000.0
	5578.7545505535645 63.223 1600000.0
	5400.042734015803 66.223 1600000.0
