
	1161004.0363059998 33.223 100000.0
	1180106.4661533865 36.223 100000.0
	1199148.2961240706 39.223 100000.0
	1218131.9455239878 42.223 100000.0
	1237062.2280404328 45.223 100000.0
	1255945.2127626683 48.223 100000.0
	1274787.230787817 51.223 100000.0
	1293594.3425123896 54.223 100000.0
	1312372.1545581855 57.223 100000.0
	1331125.8458111484 60.223 100000.0
	1349860.3029142711 63.223 100000.0
	1368580.3033587306 66.223 100000.0
	1142154.7106013948 33.223 400000.0
	1163538.4783723725 36.223 400000.0
	1184387.658189288 39.223 400000.0
	1204861.5741142642 42.223 400000.0
	1225044.8033735175 45.223 400000.0
	1244993.4398535278 48.223 400000.0
	1264749.526440744 51.223 400000.0
	1284346.3677133499 54.223 400000.0
	1303811.0259368464 57.223 400000.0
	1323165.8470180463 60.223 400000.0
	1342429.5792607558 63.223 400000.0
	1361618.2655970978 66.223 400000.0
	1119134.4379544968 33.223 700000.0
	1144696.0700504475 36.223 700000.0
	1168220.8495343425 39.223 700000.0
	1190649.0801827156 42.223 700000.0
	1212359.8732952294 45.223 700000.0
	1233548.9230776413 48.223 700000.0
	1254336.518637789 51.223 700000.0
	1274805.4269629428 54.223 700000.0
	1295016.6534975737 57.223 700000.0
	1315017.1477847998 60.223 700000.0
	1334844.1608248968 63.223 700000.0
	1354528.011722131 66.223 700000.0
	1087202.5600250831 33.223 1000000.0
	1122313.1288266995 36.223 1000000.0
	1150194.3246604267 39.223 1000000.0
	1175313.0648844012 42.223 1000000.0
	1198934.2337661642 45.223 1000000.0
	1221585.8283596642 48.223 1000000.0
	1243544.1944493866 51.223 1000000.0
	1264977.6713570147 54.223 1000000.0
	1285999.730308494 57.223 1000000.0
	1306692.1779395433 60.223 1000000.0
	1327116.7955914144 63.223 1000000.0
	1347321.8988775501 66.223 1000000.0
	1001806.4498100393 33.223 1300000.0
	1093628.420444127 36.223 1300000.0
	1129597.6646057847 39.223 1300000.0
	1158618.987435746 42.223 1300000.0
	1184687.1828511795 45.223 1300000.0
	1209081.5628649467 48.223 1300000.0
	1232373.5559722418 51.223 1300000.0
	1254873.7274367358 54.223 1300000.0
	1276774.4378655816 57.223 1300000.0
	1298205.938608708 60.223 1300000.0
	1319262.0698306658 63.223 1300000.0
	1340013.5693954593 66.223 1300000.0
	879746.8284542197 33.223 1600000.0
	1050838.2941832906 36.223 1600000.0
	1105275.288236958 39.223 1600000.0
	1140267.1566444614 42.223 1600000.0
	1169533.4149470064 45.223 1600000.0
	1196019.4541282903 48.223 1600000.0
	1220832.0951440101 51.223 1600000.0
	1244509.3898300263 54.223 1600000.0
	1267358.7218919394 57.223 1600000.0
	1289576.073009981 60.223 1600000.0
	1311296.3853866009 63.223 1600000.0
	1332617.890814671 66.223 1600000.0
