
	1294604.191309646 33.223 100000.0
	1326562.2499947222 36.223 100000.0
	1358376.3600342276 39.223 100000.0
	1390067.0756341584 42.223 100000.0
	1421652.7669244586 45.223 100000.0
	1453149.8108179006 48.223 100000.0
	1484572.4599069662 51.223 100000.0
	1515932.9172804228 54.223 100000.0
	1547241.5948368157 57.223 100000.0
	1578507.4637948216 60.223 100000.0
	1609738.430223399 63.223 100000.0
	1640941.6966861114 66.223 100000.0
	1264491.3145369964 33.223 400000.0
	1300534.1611298267 36.223 400000.0
	1335558.353162418 39.223 400000.0
	1369869.1407224583 42.223 400000.0
	1403639.019772089 45.223 400000.0
	1436982.5499454679 48.223 400000.0
	1469983.014616861 51.223 400000.0
	1502703.9246303455 54.223 400000.0
	1535195.0546852634 57.223 400000.0
	1567496.171143957 60.223 400000.0
	1599639.6004913347 63.223 400000.0
	1631652.1145806382 66.223 400000.0
	1228195.9523521408 33.223 700000.0
	1271148.6723561164 36.223 700000.0
	1310682.9047571332 39.223 700000.0
	1348310.5074242565 42.223 700000.0
	1384677.1046831694 45.223 700000.0
	1420129.2346019046 48.223 700000.0
	1454883.0551901099 51.223 700000.0
	1489086.8644503222 54.223 700000.0
	1522848.6718649021 57.223 700000.0
	1556250.3016714165 60.223 700000.0
	1589355.5402448608 63.223 700000.0
	1622215.3000147943 66.223 700000.0
	1179168.5546827668 33.223 1000000.0
	1236797.1053632293 36.223 1000000.0
	1283259.3445390854 39.223 1000000.0
	1325254.1330102955 42.223 1000000.0
	1364757.9972987126 45.223 1000000.0
	1402628.6456324898 48.223 1000000.0
	1439327.5429343604 51.223 1000000.0
	1475139.7568153453 54.223 1000000.0
	1510258.0740563031 57.223 1000000.0
	1544820.9934253767 60.223 1000000.0
	1578932.3054339094 63.223 1000000.0
	1612672.3054879843 66.223 1000000.0
	1056613.045429302 33.223 1300000.0
	1193894.0956993531 36.223 1300000.0
	1252482.3067900743 39.223 1300000.0
	1300506.9185360807 42.223 1300000.0
	1343869.0034958129 45.223 1300000.0
	1384525.6364965413 48.223 1300000.0
	1423377.5394644672 51.223 1300000.0
	1460924.8799591786 54.223 1300000.0
	1497481.3591017898 57.223 1300000.0
	1533260.5048081456 60.223 1300000.0
	1568416.1465091517 63.223 1300000.0
	1603063.7792222407 66.223 1300000.0
	913020.9792507881 33.223 1600000.0
	1132524.449673053 36.223 1600000.0
	1217034.4994962795 39.223 1600000.0
	1273815.478657038 42.223 1600000.0
	1321999.9903854716 45.223 1600000.0
	1365874.7588427942 48.223 1600000.0
	1407101.7424030083 51.223 1600000.0
	1446509.26605598 54.223 1600000.0
	1484579.145781378 57.223 1600000.0
	1521622.1039688285 60.223 1600000.0
	1557853.3610693119 63.223 1600000.0
	1593429.830802167 66.223 1600000.0
