
	0.026628326195749737 33.223 100000.0
	0.02869745301230567 36.223 100000.0
	0.030741863408153717 39.223 100000.0
	0.03275582289215567 42.223 100000.0
	0.03473354648695766 45.223 100000.0
	0.036669990553931005 48.223 100000.0
	0.038561446695959185 51.223 100000.0
	0.040405935178406835 54.223 100000.0
	0.04220259569960631 57.223 100000.0
	0.043952142926086686 60.223 100000.0
	0.04565641351191588 63.223 100000.0
	0.04731812244149613 66.223 100000.0
	0.02978513066969254 33.223 400000.0
	0.031503495903511224 36.223 400000.0
	0.03328756152052316 39.223 400000.0
	0.03509690415596306 42.223 400000.0
	0.03690759090409675 45.223 400000.0
	0.03870365767335539 48.223 400000.0
	0.04047484538522937 51.223 400000.0
	0.042217990614162836 54.223 400000.0
	0.043925429992892534 57.223 400000.0
	0.04559570962894175 60.223 400000.0
	0.04722900523196424 63.223 400000.0
	0.04882673451985566 66.223 400000.0
	0.03360778929620827 33.223 700000.0
	0.03457088219149164 36.223 700000.0
	0.03592635206625941 39.223 700000.0
	0.03744805096550394 42.223 700000.0
	0.03904647877634057 45.223 700000.0
	0.04067548757076407 48.223 700000.0
	0.04230998712994088 51.223 700000.0
	0.04394643266013689 54.223 700000.0
	0.04556211825420504 57.223 700000.0
	0.04715240019843556 60.223 700000.0
	0.04871515072194058 63.223 700000.0
	0.050250075649436704 66.223 700000.0
	0.039894844992998196 33.223 1000000.0
	0.03834559819285755 36.223 1000000.0
	0.038833495329880015 39.223 1000000.0
	0.039898480816117854 42.223 1000000.0
	0.041204390591517946 45.223 1000000.0
	0.042622530584411206 48.223 1000000.0
	0.04409434355941385 51.223 1000000.0
	0.04561430061006917 54.223 1000000.0
	0.04713258157097269 57.223 1000000.0
	0.048639808192965074 60.223 1000000.0
	0.05013062293211175 63.223 1000000.0
	0.051602441929749325 66.223 1000000.0
	0.08360809809436336 33.223 1300000.0
	0.044049877422282065 36.223 1300000.0
	0.04232939596175192 39.223 1300000.0
	0.04257917551282826 42.223 1300000.0
	0.04345069826654008 45.223 1300000.0
	0.04458809882478285 48.223 1300000.0
	0.04585802663427368 51.223 1300000.0
	0.04724589774423539 54.223 1300000.0
	0.04865726400071686 57.223 1300000.0
	0.05007563119202498 60.223 1300000.0
	0.05149105521285241 63.223 1300000.0
	0.05289784707437321 66.223 1300000.0
	0.09135088876083601 33.223 1600000.0
	0.055756562619874606 36.223 1600000.0
	0.04701860143180147 39.223 1600000.0
	0.04568332757316857 42.223 1600000.0
	0.04587432261506207 45.223 1600000.0
	0.04662300194482377 48.223 1600000.0
	0.04763423816871623 51.223 1600000.0
	0.04886697679078707 54.223 1600000.0
	0.050157220372048734 57.223 1600000.0
	0.05147771999735046 60.223 1600000.0
	0.05281197450786869 63.223 1600000.0
	0.054150048676949135 66.223 1600000.0
