
	27565.756049173564 33.223 100000.0
	28486.732934245367 36.223 100000.0
	29330.562356893315 39.223 100000.0
	30109.133664377634 42.223 100000.0
	30831.834391093886 45.223 100000.0
	31506.19832699623 48.223 100000.0
	32138.3510188669 51.223 100000.0
	32733.332183283754 54.223 100000.0
	33295.334489650835 57.223 100000.0
	33827.88283656717 60.223 100000.0
	34333.97041092958 63.223 100000.0
	34816.162962886876 66.223 100000.0
	21261.768447582883 33.223 400000.0
	22300.68549400041 36.223 400000.0
	23229.778583017134 39.223 400000.0
	24072.793186935818 42.223 400000.0
	24845.518389619832 45.223 400000.0
	25559.4500706986 48.223 400000.0
	26223.368835970745 51.223 400000.0
	26844.1783753143 54.223 400000.0
	27427.418990932325 57.223 400000.0
	27977.610230048806 60.223 400000.0
	28498.4912760762 63.223 400000.0
	28993.19496883538 66.223 400000.0
	18206.557290024804 33.223 700000.0
	19445.33122949632 36.223 700000.0
	20494.321863808513 39.223 700000.0
	21418.955967374113 42.223 700000.0
	22251.17045983058 45.223 700000.0
	23010.294457504308 48.223 700000.0
	23709.51743664018 51.223 700000.0
	24358.482195005363 54.223 700000.0
	24964.547001996318 57.223 700000.0
	25533.494163103267 60.223 700000.0
	26069.969191196014 63.223 700000.0
	26577.771790688967 66.223 700000.0
	15641.268797082255 33.223 1000000.0
	17305.90214020936 36.223 1000000.0
	18539.31694279515 39.223 1000000.0
	19571.48987512923 42.223 1000000.0
	20475.603786035565 45.223 1000000.0
	21286.57361792782 48.223 1000000.0
	22024.966427763826 51.223 1000000.0
	22704.47201378414 54.223 1000000.0
	23334.90421573123 57.223 1000000.0
	23923.643939722842 60.223 1000000.0
	24476.43111730593 63.223 1000000.0
	24997.843054117096 66.223 1000000.0
	11328.787792785175 33.223 1300000.0
	15339.749403654785 36.223 1300000.0
	16896.658192555045 39.223 1300000.0
	18077.44829079431 42.223 1300000.0
	19070.026080437125 45.223 1300000.0
	19940.734868080788 48.223 1300000.0
	20722.491558724287 51.223 1300000.0
	21434.94743511884 54.223 1300000.0
	22091.21543212573 57.223 1300000.0
	22700.684946545716 60.223 1300000.0
	23270.405070103305 63.223 1300000.0
	23805.850169898276 66.223 1300000.0
	6798.131681976188 33.223 1600000.0
	13119.285298680994 36.223 1600000.0
	15370.352959305583 39.223 1600000.0
	16767.225744208747 42.223 1600000.0
	17870.43916907812 45.223 1600000.0
	18810.174645765364 48.223 1600000.0
	19639.776489158958 51.223 1600000.0
	20387.561259506863 54.223 1600000.0
	21071.01850267533 57.223 1600000.0
	21702.029835143585 60.223 1600000.0
	22289.190701765343 63.223 1600000.0
	22838.997114828322 66.223 1600000.0
