
	10336.2757918 40 10000.0
	10326.866218 50 10000.0
	10322.5991617 60 10000.0
	10325.6891762 70 10000.0
	10343.0798008 80 10000.0
	10384.735995 90 10000.0
	10465.7431599 40 60000.0
	10406.9154967 50 60000.0
	10374.5885271 60 60000.0
	10361.4484096 70 60000.0
	10368.9498221 80 60000.0
	10404.2441999 90 60000.0
	10599.8431812 40 110000.0
	10488.3829927 50 110000.0
	10427.152047 60 110000.0
	10397.4800278 70 110000.0
	10394.9625958 80 110000.0
	10423.8322173 90 110000.0
	10738.8637521 40 160000.0
	10571.2884437 50 160000.0
	10480.2843792 60 160000.0
	10433.777939 70 160000.0
	10421.1137378 80 160000.0
	10443.497104 90 160000.0
	10883.1169278 40 210000.0
	10655.6519039 50 210000.0
	10533.9799956 60 210000.0
	10470.3360019 70 210000.0
	10447.3988685 80 210000.0
	10463.235934 90 210000.0
	11032.9413783 40 260000.0
	10741.4937136 50 260000.0
	10588.2331679 60 260000.0
	10507.1480233 70 260000.0
	10473.8136127 80 260000.0
	10483.0457984 90 260000.0
	11188.7051403 40 310000.0
	10828.8344686 50 310000.0
	10643.0379551 60 310000.0
	10544.2077555 70 310000.0
	10500.3535987 80 310000.0
	10502.9238049 90 310000.0
	11350.8087057 40 360000.0
	10917.6949899 50 360000.0
	10698.3881906 60 360000.0
	10581.5088936 70 360000.0
	10527.0144578 80 360000.0
	10522.8670779 90 360000.0
	11519.6884877 40 410000.0
	11008.0962924 50 410000.0
	10754.2774709 60 410000.0
	10619.0450737 70 410000.0
	10553.7918238 80 410000.0
	10542.872758 90 410000.0
	11695.8207135 40 460000.0
	11100.0595529 50 460000.0
	10810.6991447 60 460000.0
	10656.8098717 70 460000.0
	10580.6813332 80 460000.0
	10562.9380018 90 460000.0
	11879.725796 40 510000.0
	11193.6060776 50 510000.0
	10867.6463032 60 510000.0
	10694.7968016 70 510000.0
	10607.6786243 80 510000.0
	10583.0599825 90 510000.0
