
	1208168.84359 40 10000.0
	1270149.2656 50 10000.0
	1332094.25447 60 10000.0
	1394047.3828 70 10000.0
	1456105.82262 80 10000.0
	1518457.43497 90 10000.0
	1205902.794 40 60000.0
	1268465.53326 50 60000.0
	1330784.44701 60 60000.0
	1392986.64464 70 60000.0
	1455219.48895 80 60000.0
	1517699.01416 90 60000.0
	1203609.6399 40 110000.0
	1266770.6419 50 110000.0
	1329469.00496 60 110000.0
	1391922.72465 70 110000.0
	1454331.23678 80 110000.0
	1516939.39212 90 110000.0
	1201288.41841 40 160000.0
	1265064.51846 50 160000.0
	1328147.96835 60 160000.0
	1390855.66981 70 160000.0
	1453441.10417 80 160000.0
	1516178.59753 90 160000.0
	1198938.11743 40 210000.0
	1263347.09156 50 210000.0
	1326821.37891 60 210000.0
	1389785.52774 70 210000.0
	1452549.12929 80 210000.0
	1515416.65905 90 210000.0
	1196557.6718 40 260000.0
	1261618.29168 50 260000.0
	1325489.28011 60 260000.0
	1388712.34666 70 260000.0
	1451655.35049 80 260000.0
	1514653.6053 90 260000.0
	1194145.95897 40 310000.0
	1259878.05126 50 310000.0
	1324151.71715 60 310000.0
	1387636.17544 70 310000.0
	1450759.80626 80 310000.0
	1513889.46489 90 310000.0
	1191701.79446 40 360000.0
	1258126.30487 50 360000.0
	1322808.73707 60 360000.0
	1386557.06357 70 360000.0
	1449862.53524 80 360000.0
	1513124.26644 90 360000.0
	1189223.92671 40 410000.0
	1256362.98933 50 410000.0
	1321460.3887 60 410000.0
	1385475.06117 70 410000.0
	1448963.57621 80 410000.0
	1512358.03849 90 410000.0
	1186711.0316 40 460000.0
	1254588.04392 50 460000.0
	1320106.72278 60 460000.0
	1384390.219 70 460000.0
	1448062.96811 80 460000.0
	1511590.80962 90 460000.0
	1184161.70637 40 510000.0
	1252801.41047 50 510000.0
	1318747.79194 60 510000.0
	1383302.58846 70 510000.0
	1447160.75 80 510000.0
	1510822.60833 90 510000.0
