
	39137.6308503 40 10000.0
	41442.9968081 50 10000.0
	43325.3477024 60 10000.0
	44916.687385 70 10000.0
	46296.4148296 80 10000.0
	47516.7708897 90 10000.0
	31690.9637197 40 60000.0
	34019.4074621 50 60000.0
	35913.6320328 60 60000.0
	37511.6586922 70 60000.0
	38895.4643845 80 60000.0
	40118.4743628 90 60000.0
	29133.356505 40 110000.0
	31485.4781341 50 110000.0
	33391.7460495 60 110000.0
	34996.5220264 70 110000.0
	36384.432773 80 110000.0
	37610.1094372 90 110000.0
	27529.3954315 40 160000.0
	29905.8192583 50 160000.0
	31824.3007232 60 160000.0
	33435.8873977 70 160000.0
	34827.929301 80 160000.0
	36056.2849905 90 160000.0
	26348.3230089 40 210000.0
	28749.6990566 50 210000.0
	30680.5647922 60 210000.0
	32299.0225658 70 210000.0
	33695.2210221 80 210000.0
	34926.2676493 90 210000.0
	25406.9919537 40 260000.0
	27833.997573 50 260000.0
	29777.4187904 60 260000.0
	31402.8070678 70 260000.0
	32803.1867644 80 260000.0
	34036.9358165 90 260000.0
	24620.0994611 40 310000.0
	27073.4410689 50 310000.0
	29029.5894392 60 310000.0
	30661.9666084 70 310000.0
	32066.5515211 80 310000.0
	33303.0140612 90 310000.0
	23940.9106423 40 360000.0
	26421.3255965 50 360000.0
	28390.3732153 60 360000.0
	30029.7966272 70 360000.0
	31438.6100176 80 360000.0
	32677.7966862 90 360000.0
	23341.0180387 40 410000.0
	25849.2766612 50 410000.0
	27831.3960094 60 410000.0
	29477.9219565 70 410000.0
	30890.9863687 80 410000.0
	32132.9073849 90 410000.0
	22801.8508185 40 460000.0
	25338.758583 50 460000.0
	27334.1224825 60 460000.0
	28987.8061764 70 460000.0
	30405.1434342 80 460000.0
	31649.8085972 90 460000.0
	22310.5938852 40 510000.0
	24876.9937842 50 510000.0
	26885.7753495 60 510000.0
	28546.6708982 70 510000.0
	29968.3021017 80 510000.0
	31215.7207921 90 510000.0
