
	4146.57698858 40 10000.0
	4137.95691261 50 10000.0
	4133.45527151 60 10000.0
	4130.84265363 70 10000.0
	4129.20253096 80 10000.0
	4128.10957977 90 10000.0
	4259.5823676 40 60000.0
	4206.07222003 50 60000.0
	4178.56799773 60 60000.0
	4162.72442278 70 60000.0
	4152.8188709 80 60000.0
	4146.23405407 90 60000.0
	4377.03954102 40 110000.0
	4275.48791656 50 110000.0
	4224.13779437 60 110000.0
	4194.7814544 70 110000.0
	4176.50275768 80 110000.0
	4164.3813812 90 110000.0
	4499.22167719 40 160000.0
	4346.23081593 50 160000.0
	4270.16457898 60 160000.0
	4227.01098755 70 160000.0
	4200.25190133 80 160000.0
	4182.54995419 90 160000.0
	4626.42474096 40 210000.0
	4418.32816009 50 210000.0
	4316.64807626 60 210000.0
	4259.41018286 70 210000.0
	4224.0639927 80 210000.0
	4200.73816717 90 210000.0
	4758.96982612 40 260000.0
	4491.80761169 50 260000.0
	4363.58781286 60 260000.0
	4291.97612312 70 260000.0
	4247.93670422 80 260000.0
	4218.94441576 90 260000.0
	4897.2057572 40 310000.0
	4566.6972441 50 310000.0
	4410.98311228 60 310000.0
	4324.70581391 70 310000.0
	4271.86769081 80 310000.0
	4237.16709757 90 310000.0
	5041.51199371 40 360000.0
	4643.02552887 50 360000.0
	4458.83308975 60 360000.0
	4357.59618438 70 360000.0
	4295.85459074 80 360000.0
	4255.40461267 90 360000.0
	5192.30187352 40 410000.0
	4720.82132004 50 410000.0
	4507.13664706 60 410000.0
	4390.64408801 70 410000.0
	4319.89502653 80 410000.0
	4273.65536405 90 410000.0
	5350.02623634 40 460000.0
	4800.11383506 50 460000.0
	4555.89246745 60 460000.0
	4423.84630356 70 460000.0
	4343.9866059 80 460000.0
	4291.91775811 90 460000.0
	5515.17747262 40 510000.0
	4880.93263157 50 510000.0
	4605.09901044 60 510000.0
	4457.199536 70 510000.0
	4368.12692266 80 510000.0
	4310.1902051 90 510000.0
