
	316.981381407 15 12867.7284758
	328.064076128 16 12867.7284758
	338.73560856 17 12867.7284758
	349.071615796 18 12867.7284758
	359.090897235 19 12867.7284758
	368.806179641 20 12867.7284758
	378.23492966 21 12867.7284758
	387.398404263 22 12867.7284758
	396.318808622 23 12867.7284758
	405.017233752 24 12867.7284758
	413.512647381 25 12867.7284758
	421.821617179 26 12867.7284758
	429.95842753 27 12867.7284758
	437.935361227 28 12867.7284758
	445.763019277 29 12867.7284758
	453.450619029 30 12867.7284758
	461.006248524 31 12867.7284758
	468.437073638 32 12867.7284758
	1251.04224502 15 185428.153148
	1231.40584312 16 185428.153148
	1211.58669353 17 185428.153148
	1190.46177005 18 185428.153148
	1167.29991402 19 185428.153148
	1141.64962735 20 185428.153148
	1113.1806124 21 185428.153148
	1081.55860639 22 185428.153148
	373.194758308 23 185428.153148
	385.423147088 24 185428.153148
	396.622348858 25 185428.153148
	407.033383276 26 185428.153148
	416.836264103 27 185428.153148
	426.162979115 28 185428.153148
	435.109193363 29 185428.153148
	443.744044022 30 185428.153148
	452.117739546 31 185428.153148
	460.267154905 32 185428.153148
	1257.65275783 15 357988.57782
	1238.12481002 16 357988.57782
	1218.47543312 17 357988.57782
	1197.61864007 18 357988.57782
	1174.8513214 19 357988.57782
	1149.74688614 20 357988.57782
	1122.0040562 21 357988.57782
	1091.33017443 22 357988.57782
	1057.3537702 23 357988.57782
	1019.54081087 24 357988.57782
	977.078377669 25 357988.57782
	385.022012247 26 357988.57782
	398.694844383 27 357988.57782
	410.815844848 28 357988.57782
	421.851008886 29 357988.57782
	432.099841726 30 357988.57782
	441.759995892 31 357988.57782
	450.964404674 32 357988.57782
	1264.19449524 15 530549.002492
	1244.76568202 16 530549.002492
	1225.27429792 17 530549.002492
	1204.66935644 18 530549.002492
	1182.27337714 19 530549.002492
	1157.68151924 20 530549.002492
	1130.61696769 21 530549.002492
	1100.82146254 22 530549.002492
	1067.97724335 23 530549.002492
	1031.638483 24 530549.002492
	991.144405875 25 530549.002492
	945.470713261 26 530549.002492
	892.921408719 27 530549.002492
	388.427679008 28 530549.002492
	404.072632686 29 530549.002492
	417.443351116 30 530549.002492
	429.337929988 31 530549.002492
	440.214906719 32 530549.002492
	1270.66895064 15 703109.427165
	1251.33069716 16 703109.427165
	1231.98648703 17 703109.427165
	1211.6184621 18 703109.427165
	1189.57261681 19 703109.427165
	1165.46313106 20 703109.427165
	1139.03381767 21 703109.427165
	1110.05490544 22 703109.427165
	1078.25252529 23 703109.427165
	1043.25154387 24 703109.427165
	1004.50947777 25 703109.427165
	961.21170934 26 703109.427165
	912.069737454 27 703109.427165
	854.866685264 28 703109.427165
	785.198546729 29 703109.427165
	397.083046362 30 703109.427165
	413.518747122 31 703109.427165
	427.348284725 32 703109.427165
	1277.07755294 15 875669.851837
	1257.82196636 16 875669.851837
	1238.61498451 17 875669.851837
	1218.47015118 18 875669.851837
	1196.75500999 19 875669.851837
	1173.10039069 20 875669.851837
	1147.26748829 21 875669.851837
	1119.05014338 22 875669.851837
	1088.21049135 23 875669.851837
	1054.43048566 24 875669.851837
	1017.26074808 25 875669.851837
	976.04537333 26 875669.851837
	929.786704645 27 875669.851837
	876.865489559 28 875669.851837
	814.360331521 29 875669.851837
	735.91352893 30 875669.851837
	390.46606115 31 875669.851837
	410.80205473 32 875669.851837
	1283.42167213 15 1048230.27651
	1264.24148495 16 1048230.27651
	1245.16258039 17 1048230.27651
	1225.2283061 18 1048230.27651
	1203.82602639 19 1048230.27651
	1180.60115276 20 1048230.27651
	1155.3295019 21 1048230.27651
	1127.82447498 22 1048230.27651
	1097.87782254 23 1048230.27651
	1065.21788742 24 1048230.27651
	1029.46934304 25 1048230.27651
	990.098384524 26 1048230.27651
	946.320325251 27 1048230.27651
	896.92198561 28 1048230.27651
	839.872809194 29 1048230.27651
	771.300737029 30 1048230.27651
	681.767922101 31 1048230.27651
	385.26091554 32 1048230.27651
