
	316.981381407 15 12867.7284758
	325.789920102 16 12867.7284758
	333.84431385 17 12867.7284758
	341.259824011 18 12867.7284758
	348.107233694 19 12867.7284758
	354.408967581 20 12867.7284758
	360.149753028 21 12867.7284758
	365.290286695 22 12867.7284758
	369.779309744 23 12867.7284758
	373.56277675 24 12867.7284758
	376.589952906 25 12867.7284758
	378.816592222 26 12867.7284758
	380.205315444 27 12867.7284758
	380.722945078 28 12867.7284758
	380.333739226 29 12867.7284758
	378.986188916 30 12867.7284758
	376.591544234 31 12867.7284758
	373.031709654 32 12867.7284758
	316.981381407 15 27654.9555158
	325.789920102 16 27654.9555158
	333.84431385 17 27654.9555158
	341.259824011 18 27654.9555158
	348.107233694 19 27654.9555158
	354.408967581 20 27654.9555158
	360.149753028 21 27654.9555158
	365.290286695 22 27654.9555158
	369.779309744 23 27654.9555158
	373.56277675 24 27654.9555158
	376.589952906 25 27654.9555158
	378.816592222 26 27654.9555158
	380.205315444 27 27654.9555158
	380.722945078 28 27654.9555158
	380.333739226 29 27654.9555158
	378.986188916 30 27654.9555158
	376.591544234 31 27654.9555158
	373.031709654 32 27654.9555158
	316.981381407 15 46988.3429898
	325.789920102 16 46988.3429898
	333.84431385 17 46988.3429898
	341.259824011 18 46988.3429898
	348.107233694 19 46988.3429898
	354.408967581 20 46988.3429898
	360.149753028 21 46988.3429898
	365.290286695 22 46988.3429898
	369.779309744 23 46988.3429898
	373.56277675 24 46988.3429898
	376.589952906 25 46988.3429898
	378.816592222 26 46988.3429898
	380.205315444 27 46988.3429898
	380.722945078 28 46988.3429898
	380.333739226 29 46988.3429898
	378.986188916 30 46988.3429898
	376.591544234 31 46988.3429898
	373.031709654 32 46988.3429898
	316.981381407 15 71618.6700037
	325.789920102 16 71618.6700037
	333.84431385 17 71618.6700037
	341.259824011 18 71618.6700037
	348.107233694 19 71618.6700037
	354.408967581 20 71618.6700037
	360.149753028 21 71618.6700037
	365.290286695 22 71618.6700037
	369.779309744 23 71618.6700037
	373.56277675 24 71618.6700037
	376.589952906 25 71618.6700037
	378.816592222 26 71618.6700037
	380.205315444 27 71618.6700037
	380.722945078 28 71618.6700037
	380.333739226 29 71618.6700037
	378.986188916 30 71618.6700037
	376.591544234 31 71618.6700037
	373.031709654 32 71618.6700037
	316.981381407 15 102317.291853
	325.789920102 16 102317.291853
	333.84431385 17 102317.291853
	341.259824011 18 102317.291853
	348.107233694 19 102317.291853
	354.408967581 20 102317.291853
	360.149753028 21 102317.291853
	365.290286695 22 102317.291853
	369.779309744 23 102317.291853
	373.56277675 24 102317.291853
	376.589952906 25 102317.291853
	378.816592222 26 102317.291853
	380.205315444 27 102317.291853
	380.722945078 28 102317.291853
	380.333739226 29 102317.291853
	378.986188916 30 102317.291853
	376.591544234 31 102317.291853
	373.031709654 32 102317.291853
	316.981381407 15 139871.095625
	325.789920102 16 139871.095625
	333.84431385 17 139871.095625
	341.259824011 18 139871.095625
	348.107233694 19 139871.095625
	354.408967581 20 139871.095625
	360.149753028 21 139871.095625
	365.290286695 22 139871.095625
	369.779309744 23 139871.095625
	373.56277675 24 139871.095625
	376.589952906 25 139871.095625
	378.816592222 26 139871.095625
	380.205315444 27 139871.095625
	380.722945078 28 139871.095625
	380.333739226 29 139871.095625
	378.986188916 30 139871.095625
	376.591544234 31 139871.095625
	373.031709654 32 139871.095625
	316.981381407 15 185079.09658
	325.789920102 16 185079.09658
	333.84431385 17 185079.09658
	341.259824011 18 185079.09658
	348.107233694 19 185079.09658
	354.408967581 20 185079.09658
	360.149753028 21 185079.09658
	365.290286695 22 185079.09658
	369.779309744 23 185079.09658
	373.56277675 24 185079.09658
	376.589952906 25 185079.09658
	378.816592222 26 185079.09658
	380.205315444 27 185079.09658
	380.722945078 28 185079.09658
	380.333739226 29 185079.09658
	378.986188916 30 185079.09658
	376.591544234 31 185079.09658
	373.031709654 32 185079.09658
	316.981381407 15 238750.954275
	325.789920102 16 238750.954275
	333.84431385 17 238750.954275
	341.259824011 18 238750.954275
	348.107233694 19 238750.954275
	354.408967581 20 238750.954275
	360.149753028 21 238750.954275
	365.290286695 22 238750.954275
	369.779309744 23 238750.954275
	373.56277675 24 238750.954275
	376.589952906 25 238750.954275
	378.816592222 26 238750.954275
	380.205315444 27 238750.954275
	380.722945078 28 238750.954275
	380.333739226 29 238750.954275
	378.986188916 30 238750.954275
	376.591544234 31 238750.954275
	373.031709654 32 238750.954275
	316.981381407 15 301707.742329
	325.789920102 16 301707.742329
	333.84431385 17 301707.742329
	341.259824011 18 301707.742329
	348.107233694 19 301707.742329
	354.408967581 20 301707.742329
	360.149753028 21 301707.742329
	365.290286695 22 301707.742329
	369.779309744 23 301707.742329
	373.56277675 24 301707.742329
	376.589952906 25 301707.742329
	378.816592222 26 301707.742329
	380.205315444 27 301707.742329
	380.722945078 28 301707.742329
	380.333739226 29 301707.742329
	378.986188916 30 301707.742329
	376.591544234 31 301707.742329
	373.031709654 32 301707.742329
	316.981381407 15 374785.393765
	325.789920102 16 374785.393765
	333.84431385 17 374785.393765
	341.259824011 18 374785.393765
	348.107233694 19 374785.393765
	354.408967581 20 374785.393765
	360.149753028 21 374785.393765
	365.290286695 22 374785.393765
	369.779309744 23 374785.393765
	373.56277675 24 374785.393765
	376.589952906 25 374785.393765
	378.816592222 26 374785.393765
	380.205315444 27 374785.393765
	380.722945078 28 374785.393765
	380.333739226 29 374785.393765
	378.986188916 30 374785.393765
	376.591544234 31 374785.393765
	373.031709654 32 374785.393765
	316.981381407 15 458841.448339
	325.789920102 16 458841.448339
	333.84431385 17 458841.448339
	341.259824011 18 458841.448339
	348.107233694 19 458841.448339
	354.408967581 20 458841.448339
	360.149753028 21 458841.448339
	365.290286695 22 458841.448339
	369.779309744 23 458841.448339
	373.56277675 24 458841.448339
	376.589952906 25 458841.448339
	378.816592222 26 458841.448339
	380.205315444 27 458841.448339
	380.722945078 28 458841.448339
	380.333739226 29 458841.448339
	378.986188916 30 458841.448339
	376.591544234 31 458841.448339
	373.031709654 32 458841.448339
	316.981381407 15 554766.22248
	325.789920102 16 554766.22248
	333.84431385 17 554766.22248
	341.259824011 18 554766.22248
	348.107233694 19 554766.22248
	354.408967581 20 554766.22248
	360.149753028 21 554766.22248
	365.290286695 22 554766.22248
	369.779309744 23 554766.22248
	373.56277675 24 554766.22248
	376.589952906 25 554766.22248
	378.816592222 26 554766.22248
	380.205315444 27 554766.22248
	380.722945078 28 554766.22248
	380.333739226 29 554766.22248
	378.986188916 30 554766.22248
	376.591544234 31 554766.22248
	373.031709654 32 554766.22248
	316.981381407 15 663500.731221
	325.789920102 16 663500.731221
	333.84431385 17 663500.731221
	341.259824011 18 663500.731221
	348.107233694 19 663500.731221
	354.408967581 20 663500.731221
	360.149753028 21 663500.731221
	365.290286695 22 663500.731221
	369.779309744 23 663500.731221
	373.56277675 24 663500.731221
	376.589952906 25 663500.731221
	378.816592222 26 663500.731221
	380.205315444 27 663500.731221
	380.722945078 28 663500.731221
	380.333739226 29 663500.731221
	378.986188916 30 663500.731221
	376.591544234 31 663500.731221
	373.031709654 32 663500.731221
	316.981381407 15 786066.838275
	325.789920102 16 786066.838275
	333.84431385 17 786066.838275
	341.259824011 18 786066.838275
	348.107233694 19 786066.838275
	354.408967581 20 786066.838275
	360.149753028 21 786066.838275
	365.290286695 22 786066.838275
	369.779309744 23 786066.838275
	373.56277675 24 786066.838275
	376.589952906 25 786066.838275
	378.816592222 26 786066.838275
	380.205315444 27 786066.838275
	380.722945078 28 786066.838275
	380.333739226 29 786066.838275
	378.986188916 30 786066.838275
	376.591544234 31 786066.838275
	373.031709654 32 786066.838275
	316.981381407 15 923624.384563
	325.789920102 16 923624.384563
	333.84431385 17 923624.384563
	341.259824011 18 923624.384563
	348.107233694 19 923624.384563
	354.408967581 20 923624.384563
	360.149753028 21 923624.384563
	365.290286695 22 923624.384563
	369.779309744 23 923624.384563
	373.56277675 24 923624.384563
	376.589952906 25 923624.384563
	378.816592222 26 923624.384563
	380.205315444 27 923624.384563
	380.722945078 28 923624.384563
	380.333739226 29 923624.384563
	378.986188916 30 923624.384563
	376.591544234 31 923624.384563
	373.031709654 32 923624.384563
	316.981381407 15 1077604.15848
	325.789920102 16 1077604.15848
	333.84431385 17 1077604.15848
	341.259824011 18 1077604.15848
	348.107233694 19 1077604.15848
	354.408967581 20 1077604.15848
	360.149753028 21 1077604.15848
	365.290286695 22 1077604.15848
	369.779309744 23 1077604.15848
	373.56277675 24 1077604.15848
	376.589952906 25 1077604.15848
	378.816592222 26 1077604.15848
	380.205315444 27 1077604.15848
	380.722945078 28 1077604.15848
	380.333739226 29 1077604.15848
	378.986188916 30 1077604.15848
	376.591544234 31 1077604.15848
	373.031709654 32 1077604.15848
