
	10639.4581718 15 12867.7284758
	10565.8338629 16 12867.7284758
	10511.4352711 17 12867.7284758
	10469.2365611 18 12867.7284758
	10437.4290668 19 12867.7284758
	10414.4607201 20 12867.7284758
	10398.4758384 21 12867.7284758
	10387.6237672 22 12867.7284758
	10380.3206886 23 12867.7284758
	10375.343885 24 12867.7284758
	10371.8158673 25 12867.7284758
	10369.1417828 26 12867.7284758
	10366.9381975 27 12867.7284758
	10364.9704257 28 12867.7284758
	10363.103594 29 12867.7284758
	10361.2670457 30 12867.7284758
	10359.4296808 31 12867.7284758
	10357.5835106 32 12867.7284758
	7402.28348356 15 185428.153148
	7737.03877232 16 185428.153148
	8113.14787925 17 185428.153148
	8528.88590774 18 185428.153148
	8989.10595741 19 185428.153148
	9501.70328878 20 185428.153148
	10077.8588272 21 185428.153148
	10734.1871341 22 185428.153148
	12893.0928169 23 185428.153148
	12324.4470297 24 185428.153148
	11954.1925892 25 185428.153148
	11703.6355848 26 185428.153148
	11527.4292361 27 185428.153148
	11398.409155 28 185428.153148
	11299.9107277 29 185428.153148
	11221.5507202 30 185428.153148
	11156.7880881 31 185428.153148
	11101.465849 32 185428.153148
	7380.97363534 15 357988.57782
	7707.22764611 16 357988.57782
	8074.44811714 17 357988.57782
	8480.29454214 18 357988.57782
	8928.72611598 19 357988.57782
	9426.47979693 20 357988.57782
	9983.09419691 21 357988.57782
	10612.6089987 22 357988.57782
	11336.7657234 23 357988.57782
	12190.8721314 24 357988.57782
	13235.701492 25 357988.57782
	15376.5518923 26 357988.57782
	14214.9802457 27 357988.57782
	13479.8216065 28 357988.57782
	12983.2619511 29 357988.57782
	12629.7971617 30 357988.57782
	12366.5095257 31 357988.57782
	12162.3560383 32 357988.57782
	7360.52474415 15 530549.002492
	7678.60301921 16 530549.002492
	8037.32270009 17 530549.002492
	8433.79304933 18 530549.002492
	8871.16838811 19 530549.002492
	9355.16348197 20 530549.002492
	9893.90478375 21 530549.002492
	10499.2781362 22 530549.002492
	11189.457803 23 530549.002492
	11993.3649467 24 530549.002492
	12959.2684084 25 530549.002492
	14173.4336756 26 530549.002492
	15806.9566035 27 530549.002492
	18715.9783073 28 530549.002492
	16518.2976614 29 530549.002492
	15222.1467073 30 530549.002492
	14378.3061699 31 530549.002492
	13790.084326 32 530549.002492
	7340.8904763 15 703109.427165
	7651.09786473 16 703109.427165
	8001.67495725 17 703109.427165
	8389.23941607 18 703109.427165
	8816.21835071 19 703109.427165
	9287.41978148 20 703109.427165
	9809.7480826 21 703109.427165
	10393.2731795 22 703109.427165
	11053.2466722 23 703109.427165
	11813.5344176 24 703109.427165
	12712.9401424 25 703109.427165
	13818.143048 26 703109.427165
	15253.7023146 27 703109.427165
	17284.5209026 28 703109.427165
	20610.8230244 29 703109.427165
	21307.0570714 30 703109.427165
	18291.8168933 31 703109.427165
	16577.5097303 32 703109.427165
	7322.02770136 15 875669.851837
	7624.65019407 16 875669.851837
	7967.41626386 17 875669.851837
	8346.50480569 18 875669.851837
	8763.68384525 19 875669.851837
	9222.95318662 20 875669.851837
	9730.15324097 21 875669.851837
	10293.8116771 22 875669.851837
	10926.7632832 23 875669.851837
	11648.8228633 24 875669.851837
	12491.5052598 25 875669.851837
	13507.1928945 26 875669.851837
	14788.9876706 27 875669.851837
	16520.1313513 28 875669.851837
	19124.5425166 29 875669.851837
	23909.6278613 30 875669.851837
	29382.5207182 31 875669.851837
	22426.9628318 32 875669.851837
	7303.89621236 15 1048230.27651
	7599.20257376 16 1048230.27651
	7934.46518814 17 1048230.27651
	8305.47200887 18 1048230.27651
	8713.39206535 19 1048230.27651
	9161.50153102 20 1048230.27651
	9654.70926776 21 1048230.27651
	10200.2241501 22 1048230.27651
	10808.8654115 23 1048230.27651
	11497.1653888 24 1048230.27651
	12290.9402248 25 1048230.27651
	13231.9062933 26 1048230.27651
	14391.1730535 27 1048230.27651
	15900.1598874 28 1048230.27651
	18033.6578624 29 1048230.27651
	21494.4002193 30 1048230.27651
	28933.9307664 31 1048230.27651
	44571.9203768 32 1048230.27651
