
	7424.50413971 15 12867.7284758
	7766.67061005 16 12867.7284758
	8149.04436885 17 12867.7284758
	8569.64611609 18 12867.7284758
	9032.75208417 19 12867.7284758
	9544.92605381 20 12867.7284758
	10114.7288215 21 12867.7284758
	10753.8481304 22 12867.7284758
	11479.0508479 23 12867.7284758
	12315.2135156 24 12867.7284758
	13300.3637942 25 12867.7284758
	14494.7947031 26 12867.7284758
	15998.9897075 27 12867.7284758
	17992.4572579 28 12867.7284758
	20828.9996905 29 12867.7284758
	25314.7111723 30 12867.7284758
	33767.3632817 31 12867.7284758
	56602.77574 32 12867.7284758
	7424.50413971 15 27654.9555158
	7766.67061005 16 27654.9555158
	8149.04436885 17 27654.9555158
	8569.64611609 18 27654.9555158
	9032.75208417 19 27654.9555158
	9544.92605381 20 27654.9555158
	10114.7288215 21 27654.9555158
	10753.8481304 22 27654.9555158
	11479.0508479 23 27654.9555158
	12315.2135156 24 27654.9555158
	13300.3637942 25 27654.9555158
	14494.7947031 26 27654.9555158
	15998.9897075 27 27654.9555158
	17992.4572579 28 27654.9555158
	20828.9996905 29 27654.9555158
	25314.7111723 30 27654.9555158
	33767.3632817 31 27654.9555158
	56602.77574 32 27654.9555158
	7424.50413971 15 46988.3429898
	7766.67061005 16 46988.3429898
	8149.04436885 17 46988.3429898
	8569.64611609 18 46988.3429898
	9032.75208417 19 46988.3429898
	9544.92605381 20 46988.3429898
	10114.7288215 21 46988.3429898
	10753.8481304 22 46988.3429898
	11479.0508479 23 46988.3429898
	12315.2135156 24 46988.3429898
	13300.3637942 25 46988.3429898
	14494.7947031 26 46988.3429898
	15998.9897075 27 46988.3429898
	17992.4572579 28 46988.3429898
	20828.9996905 29 46988.3429898
	25314.7111723 30 46988.3429898
	33767.3632817 31 46988.3429898
	56602.77574 32 46988.3429898
	7424.50413971 15 71618.6700037
	7766.67061005 16 71618.6700037
	8149.04436885 17 71618.6700037
	8569.64611609 18 71618.6700037
	9032.75208417 19 71618.6700037
	9544.92605381 20 71618.6700037
	10114.7288215 21 71618.6700037
	10753.8481304 22 71618.6700037
	11479.0508479 23 71618.6700037
	12315.2135156 24 71618.6700037
	13300.3637942 25 71618.6700037
	14494.7947031 26 71618.6700037
	15998.9897075 27 71618.6700037
	17992.4572579 28 71618.6700037
	20828.9996905 29 71618.6700037
	25314.7111723 30 71618.6700037
	33767.3632817 31 71618.6700037
	56602.77574 32 71618.6700037
	7424.50413971 15 102317.291853
	7766.67061005 16 102317.291853
	8149.04436885 17 102317.291853
	8569.64611609 18 102317.291853
	9032.75208417 19 102317.291853
	9544.92605381 20 102317.291853
	10114.7288215 21 102317.291853
	10753.8481304 22 102317.291853
	11479.0508479 23 102317.291853
	12315.2135156 24 102317.291853
	13300.3637942 25 102317.291853
	14494.7947031 26 102317.291853
	15998.9897075 27 102317.291853
	17992.4572579 28 102317.291853
	20828.9996905 29 102317.291853
	25314.7111723 30 102317.291853
	33767.3632817 31 102317.291853
	56602.77574 32 102317.291853
	7424.50413971 15 139871.095625
	7766.67061005 16 139871.095625
	8149.04436885 17 139871.095625
	8569.64611609 18 139871.095625
	9032.75208417 19 139871.095625
	9544.92605381 20 139871.095625
	10114.7288215 21 139871.095625
	10753.8481304 22 139871.095625
	11479.0508479 23 139871.095625
	12315.2135156 24 139871.095625
	13300.3637942 25 139871.095625
	14494.7947031 26 139871.095625
	15998.9897075 27 139871.095625
	17992.4572579 28 139871.095625
	20828.9996905 29 139871.095625
	25314.7111723 30 139871.095625
	33767.3632817 31 139871.095625
	56602.77574 32 139871.095625
	7424.50413971 15 185079.09658
	7766.67061005 16 185079.09658
	8149.04436885 17 185079.09658
	8569.64611609 18 185079.09658
	9032.75208417 19 185079.09658
	9544.92605381 20 185079.09658
	10114.7288215 21 185079.09658
	10753.8481304 22 185079.09658
	11479.0508479 23 185079.09658
	12315.2135156 24 185079.09658
	13300.3637942 25 185079.09658
	14494.7947031 26 185079.09658
	15998.9897075 27 185079.09658
	17992.4572579 28 185079.09658
	20828.9996905 29 185079.09658
	25314.7111723 30 185079.09658
	33767.3632817 31 185079.09658
	56602.77574 32 185079.09658
	7424.50413971 15 238750.954275
	7766.67061005 16 238750.954275
	8149.04436885 17 238750.954275
	8569.64611609 18 238750.954275
	9032.75208417 19 238750.954275
	9544.92605381 20 238750.954275
	10114.7288215 21 238750.954275
	10753.8481304 22 238750.954275
	11479.0508479 23 238750.954275
	12315.2135156 24 238750.954275
	13300.3637942 25 238750.954275
	14494.7947031 26 238750.954275
	15998.9897075 27 238750.954275
	17992.4572579 28 238750.954275
	20828.9996905 29 238750.954275
	25314.7111723 30 238750.954275
	33767.3632817 31 238750.954275
	56602.77574 32 238750.954275
	7424.50413971 15 301707.742329
	7766.67061005 16 301707.742329
	8149.04436885 17 301707.742329
	8569.64611609 18 301707.742329
	9032.75208417 19 301707.742329
	9544.92605381 20 301707.742329
	10114.7288215 21 301707.742329
	10753.8481304 22 301707.742329
	11479.0508479 23 301707.742329
	12315.2135156 24 301707.742329
	13300.3637942 25 301707.742329
	14494.7947031 26 301707.742329
	15998.9897075 27 301707.742329
	17992.4572579 28 301707.742329
	20828.9996905 29 301707.742329
	25314.7111723 30 301707.742329
	33767.3632817 31 301707.742329
	56602.77574 32 301707.742329
	7424.50413971 15 374785.393765
	7766.67061005 16 374785.393765
	8149.04436885 17 374785.393765
	8569.64611609 18 374785.393765
	9032.75208417 19 374785.393765
	9544.92605381 20 374785.393765
	10114.7288215 21 374785.393765
	10753.8481304 22 374785.393765
	11479.0508479 23 374785.393765
	12315.2135156 24 374785.393765
	13300.3637942 25 374785.393765
	14494.7947031 26 374785.393765
	15998.9897075 27 374785.393765
	17992.4572579 28 374785.393765
	20828.9996905 29 374785.393765
	25314.7111723 30 374785.393765
	33767.3632817 31 374785.393765
	56602.77574 32 374785.393765
	7424.50413971 15 458841.448339
	7766.67061005 16 458841.448339
	8149.04436885 17 458841.448339
	8569.64611609 18 458841.448339
	9032.75208417 19 458841.448339
	9544.92605381 20 458841.448339
	10114.7288215 21 458841.448339
	10753.8481304 22 458841.448339
	11479.0508479 23 458841.448339
	12315.2135156 24 458841.448339
	13300.3637942 25 458841.448339
	14494.7947031 26 458841.448339
	15998.9897075 27 458841.448339
	17992.4572579 28 458841.448339
	20828.9996905 29 458841.448339
	25314.7111723 30 458841.448339
	33767.3632817 31 458841.448339
	56602.77574 32 458841.448339
	7424.50413971 15 554766.22248
	7766.67061005 16 554766.22248
	8149.04436885 17 554766.22248
	8569.64611609 18 554766.22248
	9032.75208417 19 554766.22248
	9544.92605381 20 554766.22248
	10114.7288215 21 554766.22248
	10753.8481304 22 554766.22248
	11479.0508479 23 554766.22248
	12315.2135156 24 554766.22248
	13300.3637942 25 554766.22248
	14494.7947031 26 554766.22248
	15998.9897075 27 554766.22248
	17992.4572579 28 554766.22248
	20828.9996905 29 554766.22248
	25314.7111723 30 554766.22248
	33767.3632817 31 554766.22248
	56602.77574 32 554766.22248
	7424.50413971 15 663500.731221
	7766.67061005 16 663500.731221
	8149.04436885 17 663500.731221
	8569.64611609 18 663500.731221
	9032.75208417 19 663500.731221
	9544.92605381 20 663500.731221
	10114.7288215 21 663500.731221
	10753.8481304 22 663500.731221
	11479.0508479 23 663500.731221
	12315.2135156 24 663500.731221
	13300.3637942 25 663500.731221
	14494.7947031 26 663500.731221
	15998.9897075 27 663500.731221
	17992.4572579 28 663500.731221
	20828.9996905 29 663500.731221
	25314.7111723 30 663500.731221
	33767.3632817 31 663500.731221
	56602.77574 32 663500.731221
	7424.50413971 15 786066.838275
	7766.67061005 16 786066.838275
	8149.04436885 17 786066.838275
	8569.64611609 18 786066.838275
	9032.75208417 19 786066.838275
	9544.92605381 20 786066.838275
	10114.7288215 21 786066.838275
	10753.8481304 22 786066.838275
	11479.0508479 23 786066.838275
	12315.2135156 24 786066.838275
	13300.3637942 25 786066.838275
	14494.7947031 26 786066.838275
	15998.9897075 27 786066.838275
	17992.4572579 28 786066.838275
	20828.9996905 29 786066.838275
	25314.7111723 30 786066.838275
	33767.3632817 31 786066.838275
	56602.77574 32 786066.838275
	7424.50413971 15 923624.384563
	7766.67061005 16 923624.384563
	8149.04436885 17 923624.384563
	8569.64611609 18 923624.384563
	9032.75208417 19 923624.384563
	9544.92605381 20 923624.384563
	10114.7288215 21 923624.384563
	10753.8481304 22 923624.384563
	11479.0508479 23 923624.384563
	12315.2135156 24 923624.384563
	13300.3637942 25 923624.384563
	14494.7947031 26 923624.384563
	15998.9897075 27 923624.384563
	17992.4572579 28 923624.384563
	20828.9996905 29 923624.384563
	25314.7111723 30 923624.384563
	33767.3632817 31 923624.384563
	56602.77574 32 923624.384563
	7424.50413971 15 1077604.15848
	7766.67061005 16 1077604.15848
	8149.04436885 17 1077604.15848
	8569.64611609 18 1077604.15848
	9032.75208417 19 1077604.15848
	9544.92605381 20 1077604.15848
	10114.7288215 21 1077604.15848
	10753.8481304 22 1077604.15848
	11479.0508479 23 1077604.15848
	12315.2135156 24 1077604.15848
	13300.3637942 25 1077604.15848
	14494.7947031 26 1077604.15848
	15998.9897075 27 1077604.15848
	17992.4572579 28 1077604.15848
	20828.9996905 29 1077604.15848
	25314.7111723 30 1077604.15848
	33767.3632817 31 1077604.15848
	56602.77574 32 1077604.15848
