
	5265.82877967 15 12867.7284758
	2411.45507636 16 12867.7284758
	2719.77383611 17 12867.7284758
	3077.64774801 18 12867.7284758
	3483.46798967 19 12867.7284758
	3939.93389673 20 12867.7284758
	4453.79623779 21 12867.7284758
	5036.19666553 22 12867.7284758
	5703.90899508 23 12867.7284758
	6481.88006283 24 12867.7284758
	7407.93842491 25 12867.7284758
	8541.63251082 26 12867.7284758
	9981.82380328 27 12867.7284758
	11904.9669877 28 12867.7284758
	14659.248683 29 12867.7284758
	19039.9030398 30 12867.7284758
	27340.9076141 31 12867.7284758
	49911.0949655 32 12867.7284758
	5265.82877967 15 27654.9555158
	2411.45507636 16 27654.9555158
	2719.77383611 17 27654.9555158
	3077.64774801 18 27654.9555158
	3483.46798967 19 27654.9555158
	3939.93389673 20 27654.9555158
	4453.79623779 21 27654.9555158
	5036.19666553 22 27654.9555158
	5703.90899508 23 27654.9555158
	6481.88006283 24 27654.9555158
	7407.93842491 25 27654.9555158
	8541.63251082 26 27654.9555158
	9981.82380328 27 27654.9555158
	11904.9669877 28 27654.9555158
	14659.248683 29 27654.9555158
	19039.9030398 30 27654.9555158
	27340.9076141 31 27654.9555158
	49911.0949655 32 27654.9555158
	5265.82877967 15 46988.3429898
	2411.45507636 16 46988.3429898
	2719.77383611 17 46988.3429898
	3077.64774801 18 46988.3429898
	3483.46798967 19 46988.3429898
	3939.93389673 20 46988.3429898
	4453.79623779 21 46988.3429898
	5036.19666553 22 46988.3429898
	5703.90899508 23 46988.3429898
	6481.88006283 24 46988.3429898
	7407.93842491 25 46988.3429898
	8541.63251082 26 46988.3429898
	9981.82380328 27 46988.3429898
	11904.9669877 28 46988.3429898
	14659.248683 29 46988.3429898
	19039.9030398 30 46988.3429898
	27340.9076141 31 46988.3429898
	49911.0949655 32 46988.3429898
	5265.82877967 15 71618.6700037
	2411.45507636 16 71618.6700037
	2719.77383611 17 71618.6700037
	3077.64774801 18 71618.6700037
	3483.46798967 19 71618.6700037
	3939.93389673 20 71618.6700037
	4453.79623779 21 71618.6700037
	5036.19666553 22 71618.6700037
	5703.90899508 23 71618.6700037
	6481.88006283 24 71618.6700037
	7407.93842491 25 71618.6700037
	8541.63251082 26 71618.6700037
	9981.82380328 27 71618.6700037
	11904.9669877 28 71618.6700037
	14659.248683 29 71618.6700037
	19039.9030398 30 71618.6700037
	27340.9076141 31 71618.6700037
	49911.0949655 32 71618.6700037
	5265.82877967 15 102317.291853
	2411.45507636 16 102317.291853
	2719.77383611 17 102317.291853
	3077.64774801 18 102317.291853
	3483.46798967 19 102317.291853
	3939.93389673 20 102317.291853
	4453.79623779 21 102317.291853
	5036.19666553 22 102317.291853
	5703.90899508 23 102317.291853
	6481.88006283 24 102317.291853
	7407.93842491 25 102317.291853
	8541.63251082 26 102317.291853
	9981.82380328 27 102317.291853
	11904.9669877 28 102317.291853
	14659.248683 29 102317.291853
	19039.9030398 30 102317.291853
	27340.9076141 31 102317.291853
	49911.0949655 32 102317.291853
	5265.82877967 15 139871.095625
	2411.45507636 16 139871.095625
	2719.77383611 17 139871.095625
	3077.64774801 18 139871.095625
	3483.46798967 19 139871.095625
	3939.93389673 20 139871.095625
	4453.79623779 21 139871.095625
	5036.19666553 22 139871.095625
	5703.90899508 23 139871.095625
	6481.88006283 24 139871.095625
	7407.93842491 25 139871.095625
	8541.63251082 26 139871.095625
	9981.82380328 27 139871.095625
	11904.9669877 28 139871.095625
	14659.248683 29 139871.095625
	19039.9030398 30 139871.095625
	27340.9076141 31 139871.095625
	49911.0949655 32 139871.095625
	5265.82877967 15 185079.09658
	2411.45507636 16 185079.09658
	2719.77383611 17 185079.09658
	3077.64774801 18 185079.09658
	3483.46798967 19 185079.09658
	3939.93389673 20 185079.09658
	4453.79623779 21 185079.09658
	5036.19666553 22 185079.09658
	5703.90899508 23 185079.09658
	6481.88006283 24 185079.09658
	7407.93842491 25 185079.09658
	8541.63251082 26 185079.09658
	9981.82380328 27 185079.09658
	11904.9669877 28 185079.09658
	14659.248683 29 185079.09658
	19039.9030398 30 185079.09658
	27340.9076141 31 185079.09658
	49911.0949655 32 185079.09658
	5265.82877967 15 238750.954275
	2411.45507636 16 238750.954275
	2719.77383611 17 238750.954275
	3077.64774801 18 238750.954275
	3483.46798967 19 238750.954275
	3939.93389673 20 238750.954275
	4453.79623779 21 238750.954275
	5036.19666553 22 238750.954275
	5703.90899508 23 238750.954275
	6481.88006283 24 238750.954275
	7407.93842491 25 238750.954275
	8541.63251082 26 238750.954275
	9981.82380328 27 238750.954275
	11904.9669877 28 238750.954275
	14659.248683 29 238750.954275
	19039.9030398 30 238750.954275
	27340.9076141 31 238750.954275
	49911.0949655 32 238750.954275
	5265.82877967 15 301707.742329
	2411.45507636 16 301707.742329
	2719.77383611 17 301707.742329
	3077.64774801 18 301707.742329
	3483.46798967 19 301707.742329
	3939.93389673 20 301707.742329
	4453.79623779 21 301707.742329
	5036.19666553 22 301707.742329
	5703.90899508 23 301707.742329
	6481.88006283 24 301707.742329
	7407.93842491 25 301707.742329
	8541.63251082 26 301707.742329
	9981.82380328 27 301707.742329
	11904.9669877 28 301707.742329
	14659.248683 29 301707.742329
	19039.9030398 30 301707.742329
	27340.9076141 31 301707.742329
	49911.0949655 32 301707.742329
	5265.82877967 15 374785.393765
	2411.45507636 16 374785.393765
	2719.77383611 17 374785.393765
	3077.64774801 18 374785.393765
	3483.46798967 19 374785.393765
	3939.93389673 20 374785.393765
	4453.79623779 21 374785.393765
	5036.19666553 22 374785.393765
	5703.90899508 23 374785.393765
	6481.88006283 24 374785.393765
	7407.93842491 25 374785.393765
	8541.63251082 26 374785.393765
	9981.82380328 27 374785.393765
	11904.9669877 28 374785.393765
	14659.248683 29 374785.393765
	19039.9030398 30 374785.393765
	27340.9076141 31 374785.393765
	49911.0949655 32 374785.393765
	5265.82877967 15 458841.448339
	2411.45507636 16 458841.448339
	2719.77383611 17 458841.448339
	3077.64774801 18 458841.448339
	3483.46798967 19 458841.448339
	3939.93389673 20 458841.448339
	4453.79623779 21 458841.448339
	5036.19666553 22 458841.448339
	5703.90899508 23 458841.448339
	6481.88006283 24 458841.448339
	7407.93842491 25 458841.448339
	8541.63251082 26 458841.448339
	9981.82380328 27 458841.448339
	11904.9669877 28 458841.448339
	14659.248683 29 458841.448339
	19039.9030398 30 458841.448339
	27340.9076141 31 458841.448339
	49911.0949655 32 458841.448339
	5265.82877967 15 554766.22248
	2411.45507636 16 554766.22248
	2719.77383611 17 554766.22248
	3077.64774801 18 554766.22248
	3483.46798967 19 554766.22248
	3939.93389673 20 554766.22248
	4453.79623779 21 554766.22248
	5036.19666553 22 554766.22248
	5703.90899508 23 554766.22248
	6481.88006283 24 554766.22248
	7407.93842491 25 554766.22248
	8541.63251082 26 554766.22248
	9981.82380328 27 554766.22248
	11904.9669877 28 554766.22248
	14659.248683 29 554766.22248
	19039.9030398 30 554766.22248
	27340.9076141 31 554766.22248
	49911.0949655 32 554766.22248
	5265.82877967 15 663500.731221
	2411.45507636 16 663500.731221
	2719.77383611 17 663500.731221
	3077.64774801 18 663500.731221
	3483.46798967 19 663500.731221
	3939.93389673 20 663500.731221
	4453.79623779 21 663500.731221
	5036.19666553 22 663500.731221
	5703.90899508 23 663500.731221
	6481.88006283 24 663500.731221
	7407.93842491 25 663500.731221
	8541.63251082 26 663500.731221
	9981.82380328 27 663500.731221
	11904.9669877 28 663500.731221
	14659.248683 29 663500.731221
	19039.9030398 30 663500.731221
	27340.9076141 31 663500.731221
	49911.0949655 32 663500.731221
	5265.82877967 15 786066.838275
	2411.45507636 16 786066.838275
	2719.77383611 17 786066.838275
	3077.64774801 18 786066.838275
	3483.46798967 19 786066.838275
	3939.93389673 20 786066.838275
	4453.79623779 21 786066.838275
	5036.19666553 22 786066.838275
	5703.90899508 23 786066.838275
	6481.88006283 24 786066.838275
	7407.93842491 25 786066.838275
	8541.63251082 26 786066.838275
	9981.82380328 27 786066.838275
	11904.9669877 28 786066.838275
	14659.248683 29 786066.838275
	19039.9030398 30 786066.838275
	27340.9076141 31 786066.838275
	49911.0949655 32 786066.838275
	5265.82877967 15 923624.384563
	2411.45507636 16 923624.384563
	2719.77383611 17 923624.384563
	3077.64774801 18 923624.384563
	3483.46798967 19 923624.384563
	3939.93389673 20 923624.384563
	4453.79623779 21 923624.384563
	5036.19666553 22 923624.384563
	5703.90899508 23 923624.384563
	6481.88006283 24 923624.384563
	7407.93842491 25 923624.384563
	8541.63251082 26 923624.384563
	9981.82380328 27 923624.384563
	11904.9669877 28 923624.384563
	14659.248683 29 923624.384563
	19039.9030398 30 923624.384563
	27340.9076141 31 923624.384563
	49911.0949655 32 923624.384563
	5265.82877967 15 1077604.15848
	2411.45507636 16 1077604.15848
	2719.77383611 17 1077604.15848
	3077.64774801 18 1077604.15848
	3483.46798967 19 1077604.15848
	3939.93389673 20 1077604.15848
	4453.79623779 21 1077604.15848
	5036.19666553 22 1077604.15848
	5703.90899508 23 1077604.15848
	6481.88006283 24 1077604.15848
	7407.93842491 25 1077604.15848
	8541.63251082 26 1077604.15848
	9981.82380328 27 1077604.15848
	11904.9669877 28 1077604.15848
	14659.248683 29 1077604.15848
	19039.9030398 30 1077604.15848
	27340.9076141 31 1077604.15848
	49911.0949655 32 1077604.15848
