
	6271.77306225 15 12867.7284758
	4481.26347414 16 12867.7284758
	4632.42020396 17 12867.7284758
	4828.64684544 18 12867.7284758
	5079.34492963 19 12867.7284758
	5396.08647969 20 12867.7284758
	5793.41553781 21 12867.7284758
	6290.38462544 22 12867.7284758
	6913.12307254 23 12867.7284758
	7699.06845197 24 12867.7284758
	8704.20075275 25 12867.7284758
	10016.1776779 26 12867.7284758
	11780.0569906 27 12867.7284758
	14253.6247148 28 12867.7284758
	17941.8759315 29 12867.7284758
	23984.5051133 30 12867.7284758
	35604.6875909 31 12867.7284758
	66823.0076928 32 12867.7284758
	6271.77306225 15 27654.9555158
	4481.26347414 16 27654.9555158
	4632.42020396 17 27654.9555158
	4828.64684544 18 27654.9555158
	5079.34492963 19 27654.9555158
	5396.08647969 20 27654.9555158
	5793.41553781 21 27654.9555158
	6290.38462544 22 27654.9555158
	6913.12307254 23 27654.9555158
	7699.06845197 24 27654.9555158
	8704.20075275 25 27654.9555158
	10016.1776779 26 27654.9555158
	11780.0569906 27 27654.9555158
	14253.6247148 28 27654.9555158
	17941.8759315 29 27654.9555158
	23984.5051133 30 27654.9555158
	35604.6875909 31 27654.9555158
	66823.0076928 32 27654.9555158
	6271.77306225 15 46988.3429898
	4481.26347414 16 46988.3429898
	4632.42020396 17 46988.3429898
	4828.64684544 18 46988.3429898
	5079.34492963 19 46988.3429898
	5396.08647969 20 46988.3429898
	5793.41553781 21 46988.3429898
	6290.38462544 22 46988.3429898
	6913.12307254 23 46988.3429898
	7699.06845197 24 46988.3429898
	8704.20075275 25 46988.3429898
	10016.1776779 26 46988.3429898
	11780.0569906 27 46988.3429898
	14253.6247148 28 46988.3429898
	17941.8759315 29 46988.3429898
	23984.5051133 30 46988.3429898
	35604.6875909 31 46988.3429898
	66823.0076928 32 46988.3429898
	6271.77306225 15 71618.6700037
	4481.26347414 16 71618.6700037
	4632.42020396 17 71618.6700037
	4828.64684544 18 71618.6700037
	5079.34492963 19 71618.6700037
	5396.08647969 20 71618.6700037
	5793.41553781 21 71618.6700037
	6290.38462544 22 71618.6700037
	6913.12307254 23 71618.6700037
	7699.06845197 24 71618.6700037
	8704.20075275 25 71618.6700037
	10016.1776779 26 71618.6700037
	11780.0569906 27 71618.6700037
	14253.6247148 28 71618.6700037
	17941.8759315 29 71618.6700037
	23984.5051133 30 71618.6700037
	35604.6875909 31 71618.6700037
	66823.0076928 32 71618.6700037
	6271.77306225 15 102317.291853
	4481.26347414 16 102317.291853
	4632.42020396 17 102317.291853
	4828.64684544 18 102317.291853
	5079.34492963 19 102317.291853
	5396.08647969 20 102317.291853
	5793.41553781 21 102317.291853
	6290.38462544 22 102317.291853
	6913.12307254 23 102317.291853
	7699.06845197 24 102317.291853
	8704.20075275 25 102317.291853
	10016.1776779 26 102317.291853
	11780.0569906 27 102317.291853
	14253.6247148 28 102317.291853
	17941.8759315 29 102317.291853
	23984.5051133 30 102317.291853
	35604.6875909 31 102317.291853
	66823.0076928 32 102317.291853
	6271.77306225 15 139871.095625
	4481.26347414 16 139871.095625
	4632.42020396 17 139871.095625
	4828.64684544 18 139871.095625
	5079.34492963 19 139871.095625
	5396.08647969 20 139871.095625
	5793.41553781 21 139871.095625
	6290.38462544 22 139871.095625
	6913.12307254 23 139871.095625
	7699.06845197 24 139871.095625
	8704.20075275 25 139871.095625
	10016.1776779 26 139871.095625
	11780.0569906 27 139871.095625
	14253.6247148 28 139871.095625
	17941.8759315 29 139871.095625
	23984.5051133 30 139871.095625
	35604.6875909 31 139871.095625
	66823.0076928 32 139871.095625
	6271.77306225 15 185079.09658
	4481.26347414 16 185079.09658
	4632.42020396 17 185079.09658
	4828.64684544 18 185079.09658
	5079.34492963 19 185079.09658
	5396.08647969 20 185079.09658
	5793.41553781 21 185079.09658
	6290.38462544 22 185079.09658
	6913.12307254 23 185079.09658
	7699.06845197 24 185079.09658
	8704.20075275 25 185079.09658
	10016.1776779 26 185079.09658
	11780.0569906 27 185079.09658
	14253.6247148 28 185079.09658
	17941.8759315 29 185079.09658
	23984.5051133 30 185079.09658
	35604.6875909 31 185079.09658
	66823.0076928 32 185079.09658
	6271.77306225 15 238750.954275
	4481.26347414 16 238750.954275
	4632.42020396 17 238750.954275
	4828.64684544 18 238750.954275
	5079.34492963 19 238750.954275
	5396.08647969 20 238750.954275
	5793.41553781 21 238750.954275
	6290.38462544 22 238750.954275
	6913.12307254 23 238750.954275
	7699.06845197 24 238750.954275
	8704.20075275 25 238750.954275
	10016.1776779 26 238750.954275
	11780.0569906 27 238750.954275
	14253.6247148 28 238750.954275
	17941.8759315 29 238750.954275
	23984.5051133 30 238750.954275
	35604.6875909 31 238750.954275
	66823.0076928 32 238750.954275
	6271.77306225 15 301707.742329
	4481.26347414 16 301707.742329
	4632.42020396 17 301707.742329
	4828.64684544 18 301707.742329
	5079.34492963 19 301707.742329
	5396.08647969 20 301707.742329
	5793.41553781 21 301707.742329
	6290.38462544 22 301707.742329
	6913.12307254 23 301707.742329
	7699.06845197 24 301707.742329
	8704.20075275 25 301707.742329
	10016.1776779 26 301707.742329
	11780.0569906 27 301707.742329
	14253.6247148 28 301707.742329
	17941.8759315 29 301707.742329
	23984.5051133 30 301707.742329
	35604.6875909 31 301707.742329
	66823.0076928 32 301707.742329
	6271.77306225 15 374785.393765
	4481.26347414 16 374785.393765
	4632.42020396 17 374785.393765
	4828.64684544 18 374785.393765
	5079.34492963 19 374785.393765
	5396.08647969 20 374785.393765
	5793.41553781 21 374785.393765
	6290.38462544 22 374785.393765
	6913.12307254 23 374785.393765
	7699.06845197 24 374785.393765
	8704.20075275 25 374785.393765
	10016.1776779 26 374785.393765
	11780.0569906 27 374785.393765
	14253.6247148 28 374785.393765
	17941.8759315 29 374785.393765
	23984.5051133 30 374785.393765
	35604.6875909 31 374785.393765
	66823.0076928 32 374785.393765
	6271.77306225 15 458841.448339
	4481.26347414 16 458841.448339
	4632.42020396 17 458841.448339
	4828.64684544 18 458841.448339
	5079.34492963 19 458841.448339
	5396.08647969 20 458841.448339
	5793.41553781 21 458841.448339
	6290.38462544 22 458841.448339
	6913.12307254 23 458841.448339
	7699.06845197 24 458841.448339
	8704.20075275 25 458841.448339
	10016.1776779 26 458841.448339
	11780.0569906 27 458841.448339
	14253.6247148 28 458841.448339
	17941.8759315 29 458841.448339
	23984.5051133 30 458841.448339
	35604.6875909 31 458841.448339
	66823.0076928 32 458841.448339
	6271.77306225 15 554766.22248
	4481.26347414 16 554766.22248
	4632.42020396 17 554766.22248
	4828.64684544 18 554766.22248
	5079.34492963 19 554766.22248
	5396.08647969 20 554766.22248
	5793.41553781 21 554766.22248
	6290.38462544 22 554766.22248
	6913.12307254 23 554766.22248
	7699.06845197 24 554766.22248
	8704.20075275 25 554766.22248
	10016.1776779 26 554766.22248
	11780.0569906 27 554766.22248
	14253.6247148 28 554766.22248
	17941.8759315 29 554766.22248
	23984.5051133 30 554766.22248
	35604.6875909 31 554766.22248
	66823.0076928 32 554766.22248
	6271.77306225 15 663500.731221
	4481.26347414 16 663500.731221
	4632.42020396 17 663500.731221
	4828.64684544 18 663500.731221
	5079.34492963 19 663500.731221
	5396.08647969 20 663500.731221
	5793.41553781 21 663500.731221
	6290.38462544 22 663500.731221
	6913.12307254 23 663500.731221
	7699.06845197 24 663500.731221
	8704.20075275 25 663500.731221
	10016.1776779 26 663500.731221
	11780.0569906 27 663500.731221
	14253.6247148 28 663500.731221
	17941.8759315 29 663500.731221
	23984.5051133 30 663500.731221
	35604.6875909 31 663500.731221
	66823.0076928 32 663500.731221
	6271.77306225 15 786066.838275
	4481.26347414 16 786066.838275
	4632.42020396 17 786066.838275
	4828.64684544 18 786066.838275
	5079.34492963 19 786066.838275
	5396.08647969 20 786066.838275
	5793.41553781 21 786066.838275
	6290.38462544 22 786066.838275
	6913.12307254 23 786066.838275
	7699.06845197 24 786066.838275
	8704.20075275 25 786066.838275
	10016.1776779 26 786066.838275
	11780.0569906 27 786066.838275
	14253.6247148 28 786066.838275
	17941.8759315 29 786066.838275
	23984.5051133 30 786066.838275
	35604.6875909 31 786066.838275
	66823.0076928 32 786066.838275
	6271.77306225 15 923624.384563
	4481.26347414 16 923624.384563
	4632.42020396 17 923624.384563
	4828.64684544 18 923624.384563
	5079.34492963 19 923624.384563
	5396.08647969 20 923624.384563
	5793.41553781 21 923624.384563
	6290.38462544 22 923624.384563
	6913.12307254 23 923624.384563
	7699.06845197 24 923624.384563
	8704.20075275 25 923624.384563
	10016.1776779 26 923624.384563
	11780.0569906 27 923624.384563
	14253.6247148 28 923624.384563
	17941.8759315 29 923624.384563
	23984.5051133 30 923624.384563
	35604.6875909 31 923624.384563
	66823.0076928 32 923624.384563
	6271.77306225 15 1077604.15848
	4481.26347414 16 1077604.15848
	4632.42020396 17 1077604.15848
	4828.64684544 18 1077604.15848
	5079.34492963 19 1077604.15848
	5396.08647969 20 1077604.15848
	5793.41553781 21 1077604.15848
	6290.38462544 22 1077604.15848
	6913.12307254 23 1077604.15848
	7699.06845197 24 1077604.15848
	8704.20075275 25 1077604.15848
	10016.1776779 26 1077604.15848
	11780.0569906 27 1077604.15848
	14253.6247148 28 1077604.15848
	17941.8759315 29 1077604.15848
	23984.5051133 30 1077604.15848
	35604.6875909 31 1077604.15848
	66823.0076928 32 1077604.15848
