
	1052342.45304 15 12867.7284758
	1058707.91486 16 12867.7284758
	1065029.87284 17 12867.7284758
	1071317.93106 18 12867.7284758
	1077579.51593 19 12867.7284758
	1083821.6105 20 12867.7284758
	1090050.3031 21 12867.7284758
	1096270.39129 22 12867.7284758
	1102485.34571 23 12867.7284758
	1108697.49845 24 12867.7284758
	1114908.30677 25 12867.7284758
	1121118.60546 26 12867.7284758
	1127328.8131 27 12867.7284758
	1133539.08595 28 12867.7284758
	1139749.4259 29 12867.7284758
	1145959.75247 30 12867.7284758
	1152169.94883 31 12867.7284758
	1158379.88957 32 12867.7284758
	655863.707204 15 185428.153148
	663401.173866 16 185428.153148
	671292.668963 17 185428.153148
	679577.359566 18 185428.153148
	688296.510906 19 185428.153148
	697497.787657 20 185428.153148
	707238.158506 21 185428.153148
	717588.044641 22 185428.153148
	1086024.76195 23 185428.153148
	1093493.49236 24 185428.153148
	1100661.7538 25 185428.153148
	1107638.92694 26 185428.153148
	1114491.44013 27 185428.153148
	1121260.2293 28 185428.153148
	1127970.71282 29 185428.153148
	1134638.74139 30 185428.153148
	1141274.23485 31 185428.153148
	1147883.43557 32 185428.153148
	655490.008649 15 357988.57782
	662976.367966 16 357988.57782
	670806.352489 17 357988.57782
	679018.081433 18 357988.57782
	687651.000516 19 357988.57782
	696749.898652 20 357988.57782
	706367.413593 21 357988.57782
	716567.447521 22 357988.57782
	727430.934792 23 357988.57782
	739065.86215 24 357988.57782
	751625.489318 25 357988.57782
	1089303.0906 26 357988.57782
	1098086.07613 27 357988.57782
	1106271.74395 28 357988.57782
	1114079.16393 29 357988.57782
	1121633.75504 30 357988.57782
	1129011.20548 31 357988.57782
	1136258.94087 32 357988.57782
	655125.905808 15 530549.002492
	662562.914075 16 530549.002492
	670333.635792 17 530549.002492
	678475.270012 18 530549.002492
	687025.655183 19 530549.002492
	696027.041949 20 530549.002492
	705528.277011 21 530549.002492
	715587.636697 22 530549.002492
	726277.512588 23 530549.002492
	737692.349152 24 530549.002492
	749962.563074 25 530549.002492
	763280.737221 26 530549.002492
	777956.615142 27 530549.002492
	1085909.78495 28 530549.002492
	1096454.84617 29 530549.002492
	1105898.77939 30 530549.002492
	1114676.27081 31 530549.002492
	1123016.46277 32 530549.002492
	654771.085087 15 703109.427165
	662160.40609 16 703109.427165
	669873.983722 17 703109.427165
	677948.208384 18 703109.427165
	686419.49664 19 703109.427165
	695327.852881 20 703109.427165
	704718.792691 21 703109.427165
	714645.711723 22 703109.427165
	725173.722943 23 703109.427165
	736386.009587 24 703109.427165
	748394.608002 25 703109.427165
	761359.804928 26 703109.427165
	775528.370172 27 703109.427165
	791319.640334 28 703109.427165
	809563.429916 29 703109.427165
	1084873.25094 30 703109.427165
	1096809.41555 31 703109.427165
	1107254.54329 32 703109.427165
	654425.249146 15 875669.851837
	661768.460902 16 875669.851837
	669426.894404 17 875669.851837
	677436.228911 18 875669.851837
	685831.621501 19 875669.851837
	694651.084041 20 875669.851837
	703937.194964 21 875669.851837
	713739.095423 22 875669.851837
	724115.656264 23 875669.851837
	735140.611585 24 875669.851837
	746911.01771 25 875669.851837
	759561.869423 26 875669.851837
	773293.371785 27 875669.851837
	788427.713996 28 875669.851837
	805547.694958 29 875669.851837
	825935.288845 30 875669.851837
	1071155.3951 31 875669.851837
	1086940.6936 32 875669.851837
	654088.115761 15 1048230.27651
	661386.716627 16 1048230.27651
	668991.896428 17 1048230.27651
	676938.708632 18 1048230.27651
	685261.193485 19 1048230.27651
	693995.591645 20 1048230.27651
	703181.883579 21 1048230.27651
	712865.485587 22 1048230.27651
	723099.883583 23 1048230.27651
	733950.818889 24 1048230.27651
	745503.001003 25 1048230.27651
	757871.292242 26 1048230.27651
	771220.591409 27 1048230.27651
	785804.56301 28 1048230.27651
	802051.329904 29 1048230.27651
	820792.962073 30 1048230.27651
	844123.777746 31 1048230.27651
	1054690.76075 32 1048230.27651
