
	656247.332586 15 12867.7284758
	663817.687827 16 12867.7284758
	671737.935553 17 12867.7284758
	680040.286627 18 12867.7284758
	688756.465704 19 12867.7284758
	697920.806626 20 12867.7284758
	707571.21164 21 12867.7284758
	717750.179793 22 12867.7284758
	728506.658037 23 12867.7284758
	739899.12615 24 12867.7284758
	752000.493355 25 12867.7284758
	764905.934527 26 12867.7284758
	778745.990838 27 12867.7284758
	793710.024757 28 12867.7284758
	810092.322909 29 12867.7284758
	828395.148048 30 12867.7284758
	849607.524702 31 12867.7284758
	876252.964451 32 12867.7284758
	656247.332586 15 27654.9555158
	663817.687827 16 27654.9555158
	671737.935553 17 27654.9555158
	680040.286627 18 27654.9555158
	688756.465704 19 27654.9555158
	697920.806626 20 27654.9555158
	707571.21164 21 27654.9555158
	717750.179793 22 27654.9555158
	728506.658037 23 27654.9555158
	739899.12615 24 27654.9555158
	752000.493355 25 27654.9555158
	764905.934527 26 27654.9555158
	778745.990838 27 27654.9555158
	793710.024757 28 27654.9555158
	810092.322909 29 27654.9555158
	828395.148048 30 27654.9555158
	849607.524702 31 27654.9555158
	876252.964451 32 27654.9555158
	656247.332586 15 46988.3429898
	663817.687827 16 46988.3429898
	671737.935553 17 46988.3429898
	680040.286627 18 46988.3429898
	688756.465704 19 46988.3429898
	697920.806626 20 46988.3429898
	707571.21164 21 46988.3429898
	717750.179793 22 46988.3429898
	728506.658037 23 46988.3429898
	739899.12615 24 46988.3429898
	752000.493355 25 46988.3429898
	764905.934527 26 46988.3429898
	778745.990838 27 46988.3429898
	793710.024757 28 46988.3429898
	810092.322909 29 46988.3429898
	828395.148048 30 46988.3429898
	849607.524702 31 46988.3429898
	876252.964451 32 46988.3429898
	656247.332586 15 71618.6700037
	663817.687827 16 71618.6700037
	671737.935553 17 71618.6700037
	680040.286627 18 71618.6700037
	688756.465704 19 71618.6700037
	697920.806626 20 71618.6700037
	707571.21164 21 71618.6700037
	717750.179793 22 71618.6700037
	728506.658037 23 71618.6700037
	739899.12615 24 71618.6700037
	752000.493355 25 71618.6700037
	764905.934527 26 71618.6700037
	778745.990838 27 71618.6700037
	793710.024757 28 71618.6700037
	810092.322909 29 71618.6700037
	828395.148048 30 71618.6700037
	849607.524702 31 71618.6700037
	876252.964451 32 71618.6700037
	656247.332586 15 102317.291853
	663817.687827 16 102317.291853
	671737.935553 17 102317.291853
	680040.286627 18 102317.291853
	688756.465704 19 102317.291853
	697920.806626 20 102317.291853
	707571.21164 21 102317.291853
	717750.179793 22 102317.291853
	728506.658037 23 102317.291853
	739899.12615 24 102317.291853
	752000.493355 25 102317.291853
	764905.934527 26 102317.291853
	778745.990838 27 102317.291853
	793710.024757 28 102317.291853
	810092.322909 29 102317.291853
	828395.148048 30 102317.291853
	849607.524702 31 102317.291853
	876252.964451 32 102317.291853
	656247.332586 15 139871.095625
	663817.687827 16 139871.095625
	671737.935553 17 139871.095625
	680040.286627 18 139871.095625
	688756.465704 19 139871.095625
	697920.806626 20 139871.095625
	707571.21164 21 139871.095625
	717750.179793 22 139871.095625
	728506.658037 23 139871.095625
	739899.12615 24 139871.095625
	752000.493355 25 139871.095625
	764905.934527 26 139871.095625
	778745.990838 27 139871.095625
	793710.024757 28 139871.095625
	810092.322909 29 139871.095625
	828395.148048 30 139871.095625
	849607.524702 31 139871.095625
	876252.964451 32 139871.095625
	656247.332586 15 185079.09658
	663817.687827 16 185079.09658
	671737.935553 17 185079.09658
	680040.286627 18 185079.09658
	688756.465704 19 185079.09658
	697920.806626 20 185079.09658
	707571.21164 21 185079.09658
	717750.179793 22 185079.09658
	728506.658037 23 185079.09658
	739899.12615 24 185079.09658
	752000.493355 25 185079.09658
	764905.934527 26 185079.09658
	778745.990838 27 185079.09658
	793710.024757 28 185079.09658
	810092.322909 29 185079.09658
	828395.148048 30 185079.09658
	849607.524702 31 185079.09658
	876252.964451 32 185079.09658
	656247.332586 15 238750.954275
	663817.687827 16 238750.954275
	671737.935553 17 238750.954275
	680040.286627 18 238750.954275
	688756.465704 19 238750.954275
	697920.806626 20 238750.954275
	707571.21164 21 238750.954275
	717750.179793 22 238750.954275
	728506.658037 23 238750.954275
	739899.12615 24 238750.954275
	752000.493355 25 238750.954275
	764905.934527 26 238750.954275
	778745.990838 27 238750.954275
	793710.024757 28 238750.954275
	810092.322909 29 238750.954275
	828395.148048 30 238750.954275
	849607.524702 31 238750.954275
	876252.964451 32 238750.954275
	656247.332586 15 301707.742329
	663817.687827 16 301707.742329
	671737.935553 17 301707.742329
	680040.286627 18 301707.742329
	688756.465704 19 301707.742329
	697920.806626 20 301707.742329
	707571.21164 21 301707.742329
	717750.179793 22 301707.742329
	728506.658037 23 301707.742329
	739899.12615 24 301707.742329
	752000.493355 25 301707.742329
	764905.934527 26 301707.742329
	778745.990838 27 301707.742329
	793710.024757 28 301707.742329
	810092.322909 29 301707.742329
	828395.148048 30 301707.742329
	849607.524702 31 301707.742329
	876252.964451 32 301707.742329
	656247.332586 15 374785.393765
	663817.687827 16 374785.393765
	671737.935553 17 374785.393765
	680040.286627 18 374785.393765
	688756.465704 19 374785.393765
	697920.806626 20 374785.393765
	707571.21164 21 374785.393765
	717750.179793 22 374785.393765
	728506.658037 23 374785.393765
	739899.12615 24 374785.393765
	752000.493355 25 374785.393765
	764905.934527 26 374785.393765
	778745.990838 27 374785.393765
	793710.024757 28 374785.393765
	810092.322909 29 374785.393765
	828395.148048 30 374785.393765
	849607.524702 31 374785.393765
	876252.964451 32 374785.393765
	656247.332586 15 458841.448339
	663817.687827 16 458841.448339
	671737.935553 17 458841.448339
	680040.286627 18 458841.448339
	688756.465704 19 458841.448339
	697920.806626 20 458841.448339
	707571.21164 21 458841.448339
	717750.179793 22 458841.448339
	728506.658037 23 458841.448339
	739899.12615 24 458841.448339
	752000.493355 25 458841.448339
	764905.934527 26 458841.448339
	778745.990838 27 458841.448339
	793710.024757 28 458841.448339
	810092.322909 29 458841.448339
	828395.148048 30 458841.448339
	849607.524702 31 458841.448339
	876252.964451 32 458841.448339
	656247.332586 15 554766.22248
	663817.687827 16 554766.22248
	671737.935553 17 554766.22248
	680040.286627 18 554766.22248
	688756.465704 19 554766.22248
	697920.806626 20 554766.22248
	707571.21164 21 554766.22248
	717750.179793 22 554766.22248
	728506.658037 23 554766.22248
	739899.12615 24 554766.22248
	752000.493355 25 554766.22248
	764905.934527 26 554766.22248
	778745.990838 27 554766.22248
	793710.024757 28 554766.22248
	810092.322909 29 554766.22248
	828395.148048 30 554766.22248
	849607.524702 31 554766.22248
	876252.964451 32 554766.22248
	656247.332586 15 663500.731221
	663817.687827 16 663500.731221
	671737.935553 17 663500.731221
	680040.286627 18 663500.731221
	688756.465704 19 663500.731221
	697920.806626 20 663500.731221
	707571.21164 21 663500.731221
	717750.179793 22 663500.731221
	728506.658037 23 663500.731221
	739899.12615 24 663500.731221
	752000.493355 25 663500.731221
	764905.934527 26 663500.731221
	778745.990838 27 663500.731221
	793710.024757 28 663500.731221
	810092.322909 29 663500.731221
	828395.148048 30 663500.731221
	849607.524702 31 663500.731221
	876252.964451 32 663500.731221
	656247.332586 15 786066.838275
	663817.687827 16 786066.838275
	671737.935553 17 786066.838275
	680040.286627 18 786066.838275
	688756.465704 19 786066.838275
	697920.806626 20 786066.838275
	707571.21164 21 786066.838275
	717750.179793 22 786066.838275
	728506.658037 23 786066.838275
	739899.12615 24 786066.838275
	752000.493355 25 786066.838275
	764905.934527 26 786066.838275
	778745.990838 27 786066.838275
	793710.024757 28 786066.838275
	810092.322909 29 786066.838275
	828395.148048 30 786066.838275
	849607.524702 31 786066.838275
	876252.964451 32 786066.838275
	656247.332586 15 923624.384563
	663817.687827 16 923624.384563
	671737.935553 17 923624.384563
	680040.286627 18 923624.384563
	688756.465704 19 923624.384563
	697920.806626 20 923624.384563
	707571.21164 21 923624.384563
	717750.179793 22 923624.384563
	728506.658037 23 923624.384563
	739899.12615 24 923624.384563
	752000.493355 25 923624.384563
	764905.934527 26 923624.384563
	778745.990838 27 923624.384563
	793710.024757 28 923624.384563
	810092.322909 29 923624.384563
	828395.148048 30 923624.384563
	849607.524702 31 923624.384563
	876252.964451 32 923624.384563
	656247.332586 15 1077604.15848
	663817.687827 16 1077604.15848
	671737.935553 17 1077604.15848
	680040.286627 18 1077604.15848
	688756.465704 19 1077604.15848
	697920.806626 20 1077604.15848
	707571.21164 21 1077604.15848
	717750.179793 22 1077604.15848
	728506.658037 23 1077604.15848
	739899.12615 24 1077604.15848
	752000.493355 25 1077604.15848
	764905.934527 26 1077604.15848
	778745.990838 27 1077604.15848
	793710.024757 28 1077604.15848
	810092.322909 29 1077604.15848
	828395.148048 30 1077604.15848
	849607.524702 31 1077604.15848
	876252.964451 32 1077604.15848
