
	1052342.45304 15 12867.7284758
	1057722.16667 16 12867.7284758
	1062818.87006 17 12867.7284758
	1067572.54678 18 12867.7284758
	1071914.08991 19 12867.7284758
	1075770.29788 20 12867.7284758
	1079067.29351 21 12867.7284758
	1081731.24975 22 12867.7284758
	1083686.3564 23 12867.7284758
	1084850.19716 24 12867.7284758
	1085126.38963 25 12867.7284758
	1084393.55913 26 12867.7284758
	1082488.19435 27 12867.7284758
	1079175.63428 28 12867.7284758
	1074095.08014 29 12867.7284758
	1066639.34597 30 12867.7284758
	1055634.59266 31 12867.7284758
	1038158.86874 32 12867.7284758
	1052342.45304 15 27654.9555158
	1057722.16667 16 27654.9555158
	1062818.87006 17 27654.9555158
	1067572.54678 18 27654.9555158
	1071914.08991 19 27654.9555158
	1075770.29788 20 27654.9555158
	1079067.29351 21 27654.9555158
	1081731.24975 22 27654.9555158
	1083686.3564 23 27654.9555158
	1084850.19716 24 27654.9555158
	1085126.38963 25 27654.9555158
	1084393.55913 26 27654.9555158
	1082488.19435 27 27654.9555158
	1079175.63428 28 27654.9555158
	1074095.08014 29 27654.9555158
	1066639.34597 30 27654.9555158
	1055634.59266 31 27654.9555158
	1038158.86874 32 27654.9555158
	1052342.45304 15 46988.3429898
	1057722.16667 16 46988.3429898
	1062818.87006 17 46988.3429898
	1067572.54678 18 46988.3429898
	1071914.08991 19 46988.3429898
	1075770.29788 20 46988.3429898
	1079067.29351 21 46988.3429898
	1081731.24975 22 46988.3429898
	1083686.3564 23 46988.3429898
	1084850.19716 24 46988.3429898
	1085126.38963 25 46988.3429898
	1084393.55913 26 46988.3429898
	1082488.19435 27 46988.3429898
	1079175.63428 28 46988.3429898
	1074095.08014 29 46988.3429898
	1066639.34597 30 46988.3429898
	1055634.59266 31 46988.3429898
	1038158.86874 32 46988.3429898
	1052342.45304 15 71618.6700037
	1057722.16667 16 71618.6700037
	1062818.87006 17 71618.6700037
	1067572.54678 18 71618.6700037
	1071914.08991 19 71618.6700037
	1075770.29788 20 71618.6700037
	1079067.29351 21 71618.6700037
	1081731.24975 22 71618.6700037
	1083686.3564 23 71618.6700037
	1084850.19716 24 71618.6700037
	1085126.38963 25 71618.6700037
	1084393.55913 26 71618.6700037
	1082488.19435 27 71618.6700037
	1079175.63428 28 71618.6700037
	1074095.08014 29 71618.6700037
	1066639.34597 30 71618.6700037
	1055634.59266 31 71618.6700037
	1038158.86874 32 71618.6700037
	1052342.45304 15 102317.291853
	1057722.16667 16 102317.291853
	1062818.87006 17 102317.291853
	1067572.54678 18 102317.291853
	1071914.08991 19 102317.291853
	1075770.29788 20 102317.291853
	1079067.29351 21 102317.291853
	1081731.24975 22 102317.291853
	1083686.3564 23 102317.291853
	1084850.19716 24 102317.291853
	1085126.38963 25 102317.291853
	1084393.55913 26 102317.291853
	1082488.19435 27 102317.291853
	1079175.63428 28 102317.291853
	1074095.08014 29 102317.291853
	1066639.34597 30 102317.291853
	1055634.59266 31 102317.291853
	1038158.86874 32 102317.291853
	1052342.45304 15 139871.095625
	1057722.16667 16 139871.095625
	1062818.87006 17 139871.095625
	1067572.54678 18 139871.095625
	1071914.08991 19 139871.095625
	1075770.29788 20 139871.095625
	1079067.29351 21 139871.095625
	1081731.24975 22 139871.095625
	1083686.3564 23 139871.095625
	1084850.19716 24 139871.095625
	1085126.38963 25 139871.095625
	1084393.55913 26 139871.095625
	1082488.19435 27 139871.095625
	1079175.63428 28 139871.095625
	1074095.08014 29 139871.095625
	1066639.34597 30 139871.095625
	1055634.59266 31 139871.095625
	1038158.86874 32 139871.095625
	1052342.45304 15 185079.09658
	1057722.16667 16 185079.09658
	1062818.87006 17 185079.09658
	1067572.54678 18 185079.09658
	1071914.08991 19 185079.09658
	1075770.29788 20 185079.09658
	1079067.29351 21 185079.09658
	1081731.24975 22 185079.09658
	1083686.3564 23 185079.09658
	1084850.19716 24 185079.09658
	1085126.38963 25 185079.09658
	1084393.55913 26 185079.09658
	1082488.19435 27 185079.09658
	1079175.63428 28 185079.09658
	1074095.08014 29 185079.09658
	1066639.34597 30 185079.09658
	1055634.59266 31 185079.09658
	1038158.86874 32 185079.09658
	1052342.45304 15 238750.954275
	1057722.16667 16 238750.954275
	1062818.87006 17 238750.954275
	1067572.54678 18 238750.954275
	1071914.08991 19 238750.954275
	1075770.29788 20 238750.954275
	1079067.29351 21 238750.954275
	1081731.24975 22 238750.954275
	1083686.3564 23 238750.954275
	1084850.19716 24 238750.954275
	1085126.38963 25 238750.954275
	1084393.55913 26 238750.954275
	1082488.19435 27 238750.954275
	1079175.63428 28 238750.954275
	1074095.08014 29 238750.954275
	1066639.34597 30 238750.954275
	1055634.59266 31 238750.954275
	1038158.86874 32 238750.954275
	1052342.45304 15 301707.742329
	1057722.16667 16 301707.742329
	1062818.87006 17 301707.742329
	1067572.54678 18 301707.742329
	1071914.08991 19 301707.742329
	1075770.29788 20 301707.742329
	1079067.29351 21 301707.742329
	1081731.24975 22 301707.742329
	1083686.3564 23 301707.742329
	1084850.19716 24 301707.742329
	1085126.38963 25 301707.742329
	1084393.55913 26 301707.742329
	1082488.19435 27 301707.742329
	1079175.63428 28 301707.742329
	1074095.08014 29 301707.742329
	1066639.34597 30 301707.742329
	1055634.59266 31 301707.742329
	1038158.86874 32 301707.742329
	1052342.45304 15 374785.393765
	1057722.16667 16 374785.393765
	1062818.87006 17 374785.393765
	1067572.54678 18 374785.393765
	1071914.08991 19 374785.393765
	1075770.29788 20 374785.393765
	1079067.29351 21 374785.393765
	1081731.24975 22 374785.393765
	1083686.3564 23 374785.393765
	1084850.19716 24 374785.393765
	1085126.38963 25 374785.393765
	1084393.55913 26 374785.393765
	1082488.19435 27 374785.393765
	1079175.63428 28 374785.393765
	1074095.08014 29 374785.393765
	1066639.34597 30 374785.393765
	1055634.59266 31 374785.393765
	1038158.86874 32 374785.393765
	1052342.45304 15 458841.448339
	1057722.16667 16 458841.448339
	1062818.87006 17 458841.448339
	1067572.54678 18 458841.448339
	1071914.08991 19 458841.448339
	1075770.29788 20 458841.448339
	1079067.29351 21 458841.448339
	1081731.24975 22 458841.448339
	1083686.3564 23 458841.448339
	1084850.19716 24 458841.448339
	1085126.38963 25 458841.448339
	1084393.55913 26 458841.448339
	1082488.19435 27 458841.448339
	1079175.63428 28 458841.448339
	1074095.08014 29 458841.448339
	1066639.34597 30 458841.448339
	1055634.59266 31 458841.448339
	1038158.86874 32 458841.448339
	1052342.45304 15 554766.22248
	1057722.16667 16 554766.22248
	1062818.87006 17 554766.22248
	1067572.54678 18 554766.22248
	1071914.08991 19 554766.22248
	1075770.29788 20 554766.22248
	1079067.29351 21 554766.22248
	1081731.24975 22 554766.22248
	1083686.3564 23 554766.22248
	1084850.19716 24 554766.22248
	1085126.38963 25 554766.22248
	1084393.55913 26 554766.22248
	1082488.19435 27 554766.22248
	1079175.63428 28 554766.22248
	1074095.08014 29 554766.22248
	1066639.34597 30 554766.22248
	1055634.59266 31 554766.22248
	1038158.86874 32 554766.22248
	1052342.45304 15 663500.731221
	1057722.16667 16 663500.731221
	1062818.87006 17 663500.731221
	1067572.54678 18 663500.731221
	1071914.08991 19 663500.731221
	1075770.29788 20 663500.731221
	1079067.29351 21 663500.731221
	1081731.24975 22 663500.731221
	1083686.3564 23 663500.731221
	1084850.19716 24 663500.731221
	1085126.38963 25 663500.731221
	1084393.55913 26 663500.731221
	1082488.19435 27 663500.731221
	1079175.63428 28 663500.731221
	1074095.08014 29 663500.731221
	1066639.34597 30 663500.731221
	1055634.59266 31 663500.731221
	1038158.86874 32 663500.731221
	1052342.45304 15 786066.838275
	1057722.16667 16 786066.838275
	1062818.87006 17 786066.838275
	1067572.54678 18 786066.838275
	1071914.08991 19 786066.838275
	1075770.29788 20 786066.838275
	1079067.29351 21 786066.838275
	1081731.24975 22 786066.838275
	1083686.3564 23 786066.838275
	1084850.19716 24 786066.838275
	1085126.38963 25 786066.838275
	1084393.55913 26 786066.838275
	1082488.19435 27 786066.838275
	1079175.63428 28 786066.838275
	1074095.08014 29 786066.838275
	1066639.34597 30 786066.838275
	1055634.59266 31 786066.838275
	1038158.86874 32 786066.838275
	1052342.45304 15 923624.384563
	1057722.16667 16 923624.384563
	1062818.87006 17 923624.384563
	1067572.54678 18 923624.384563
	1071914.08991 19 923624.384563
	1075770.29788 20 923624.384563
	1079067.29351 21 923624.384563
	1081731.24975 22 923624.384563
	1083686.3564 23 923624.384563
	1084850.19716 24 923624.384563
	1085126.38963 25 923624.384563
	1084393.55913 26 923624.384563
	1082488.19435 27 923624.384563
	1079175.63428 28 923624.384563
	1074095.08014 29 923624.384563
	1066639.34597 30 923624.384563
	1055634.59266 31 923624.384563
	1038158.86874 32 923624.384563
	1052342.45304 15 1077604.15848
	1057722.16667 16 1077604.15848
	1062818.87006 17 1077604.15848
	1067572.54678 18 1077604.15848
	1071914.08991 19 1077604.15848
	1075770.29788 20 1077604.15848
	1079067.29351 21 1077604.15848
	1081731.24975 22 1077604.15848
	1083686.3564 23 1077604.15848
	1084850.19716 24 1077604.15848
	1085126.38963 25 1077604.15848
	1084393.55913 26 1077604.15848
	1082488.19435 27 1077604.15848
	1079175.63428 28 1077604.15848
	1074095.08014 29 1077604.15848
	1066639.34597 30 1077604.15848
	1055634.59266 31 1077604.15848
	1038158.86874 32 1077604.15848
