
	0.0116923741752 15 12867.7284758
	0.0121340667939 16 12867.7284758
	0.0129587619781 17 12867.7284758
	0.0137888184153 18 12867.7284758
	0.0146225129132 19 12867.7284758
	0.0154581389716 20 12867.7284758
	0.0162940096071 21 12867.7284758
	0.0171284718346 22 12867.7284758
	0.0179599277787 23 12867.7284758
	0.0187868591335 24 12867.7284758
	0.0196078525903 25 12867.7284758
	0.0204216243678 26 12867.7284758
	0.0212270423525 27 12867.7284758
	0.0220231446715 28 12867.7284758
	0.0228091538361 29 12867.7284758
	0.0235844859068 30 12867.7284758
	0.0243487544439 31 12867.7284758
	0.0251017693054 32 12867.7284758
	0.101985998632 15 185428.153148
	0.09418154393 16 185428.153148
	0.0965233556021 17 185428.153148
	0.0984250377657 18 185428.153148
	0.0998849827393 19 185428.153148
	0.100902125707 20 185428.153148
	0.101475494258 21 185428.153148
	0.101602991649 22 185428.153148
	0.0197890453494 23 185428.153148
	0.0204860702599 24 185428.153148
	0.0212002196643 25 185428.153148
	0.0219232938895 26 185428.153148
	0.022650010432 27 185428.153148
	0.0233767201545 28 185428.153148
	0.0241007988155 29 185428.153148
	0.0248203319771 30 185428.153148
	0.0255339378733 31 185428.153148
	0.0262406589582 32 185428.153148
	0.102146552544 15 357988.57782
	0.0943502216267 16 357988.57782
	0.0967379519673 17 357988.57782
	0.0986877781875 18 357988.57782
	0.100198758757 19 357988.57782
	0.101270649248 20 357988.57782
	0.101903611719 21 357988.57782
	0.102097242838 22 357988.57782
	0.101848866652 23 357988.57782
	0.101217996158 24 357988.57782
	0.100167949144 25 357988.57782
	0.0240527942843 26 357988.57782
	0.0245489708584 27 357988.57782
	0.0251061909999 28 357988.57782
	0.0256978609671 29 357988.57782
	0.0263095945142 30 357988.57782
	0.0269328135306 31 357988.57782
	0.0275620742526 32 357988.57782
	0.102305750888 15 530549.002492
	0.0945172333407 16 530549.002492
	0.0969503950758 17 530549.002492
	0.0989477133415 18 530549.002492
	0.100508845292 19 530549.002492
	0.101634267059 20 530549.002492
	0.102325118907 21 530549.002492
	0.102582433017 22 530549.002492
	0.102405755969 23 530549.002492
	0.101802210718 24 530549.002492
	0.100882329616 25 530549.002492
	0.0994529475068 26 530549.002492
	0.0975217807004 27 530549.002492
	0.027764683509 28 530549.002492
	0.0279298731905 29 530549.002492
	0.0282662218076 30 530549.002492
	0.0286927075342 31 530549.002492
	0.0291719580114 32 530549.002492
	0.102463652089 15 703109.427165
	0.0946826486159 16 703109.427165
	0.0971607826995 17 703109.427165
	0.0992049833917 18 703109.427165
	0.100815446885 19 703109.427165
	0.101993283234 20 703109.427165
	0.102740477927 21 703109.427165
	0.103059284119 22 703109.427165
	0.102951105812 23 703109.427165
	0.102414683408 24 703109.427165
	0.101573483185 25 703109.427165
	0.100255430955 26 703109.427165
	0.0984671389165 27 703109.427165
	0.0961532033893 28 703109.427165
	0.0931772244235 29 703109.427165
	0.0313711122432 30 703109.427165
	0.031183187408 31 703109.427165
	0.0312951835846 32 703109.427165
	0.10262031141 15 875669.851837
	0.0948465329245 16 875669.851837
	0.0973692062641 17 875669.851837
	0.0994597183874 18 875669.851837
	0.101118751606 19 875669.851837
	0.102347974394 20 875669.851837
	0.103150103704 21 875669.851837
	0.103528433981 22 875669.851837
	0.103485928594 23 875669.851837
	0.10302375913 24 875669.851837
	0.102243216907 25 875669.851837
	0.101028676057 26 875669.851837
	0.099366885499 27 875669.851837
	0.0972258038253 28 875669.851837
	0.0945175394699 29 875669.851837
	0.0910336005806 30 875669.851837
	0.0359044132774 31 875669.851837
	0.0345677260365 32 875669.851837
	0.102775781167 15 1048230.27651
	0.0950089479869 16 1048230.27651
	0.097575751401 17 1048230.27651
	0.0997120392377 18 1048230.27651
	0.101418932818 19 1048230.27651
	0.102698592978 20 1048230.27651
	0.103554370345 21 1048230.27651
	0.103990449229 22 1048230.27651
	0.104011107038 23 1048230.27651
	0.103619528113 24 1048230.27651
	0.102891902705 25 1048230.27651
	0.101776314497 26 1048230.27651
	0.100228294276 27 1048230.27651
	0.0982357690306 28 1048230.27651
	0.0957424907689 29 1048230.27651
	0.0926184805337 30 1048230.27651
	0.0885515160345 31 1048230.27651
	0.0424234299828 32 1048230.27651
