
	0.101837481724 15 12867.7284758
	0.102703547973 16 12867.7284758
	0.10341049965 17 12867.7284758
	0.103956649974 18 12867.7284758
	0.104340232905 19 12867.7284758
	0.104558707176 20 12867.7284758
	0.104608134366 21 12867.7284758
	0.104482485274 22 12867.7284758
	0.104172752029 23 12867.7284758
	0.103800796213 24 12867.7284758
	0.103253191863 25 12867.7284758
	0.102457681953 26 12867.7284758
	0.10141140014 27 12867.7284758
	0.100080349987 28 12867.7284758
	0.0984128213207 29 12867.7284758
	0.0963462306618 30 12867.7284758
	0.0938720181791 31 12867.7284758
	0.0916366513911 32 12867.7284758
	0.101837481724 15 27654.9555158
	0.102703547973 16 27654.9555158
	0.10341049965 17 27654.9555158
	0.103956649974 18 27654.9555158
	0.104340232905 19 27654.9555158
	0.104558707176 20 27654.9555158
	0.104608134366 21 27654.9555158
	0.104482485274 22 27654.9555158
	0.104172752029 23 27654.9555158
	0.103800796213 24 27654.9555158
	0.103253191863 25 27654.9555158
	0.102457681953 26 27654.9555158
	0.10141140014 27 27654.9555158
	0.100080349987 28 27654.9555158
	0.0984128213207 29 27654.9555158
	0.0963462306618 30 27654.9555158
	0.0938720181791 31 27654.9555158
	0.0916366513911 32 27654.9555158
	0.101837481724 15 46988.3429898
	0.102703547973 16 46988.3429898
	0.10341049965 17 46988.3429898
	0.103956649974 18 46988.3429898
	0.104340232905 19 46988.3429898
	0.104558707176 20 46988.3429898
	0.104608134366 21 46988.3429898
	0.104482485274 22 46988.3429898
	0.104172752029 23 46988.3429898
	0.103800796213 24 46988.3429898
	0.103253191863 25 46988.3429898
	0.102457681953 26 46988.3429898
	0.10141140014 27 46988.3429898
	0.100080349987 28 46988.3429898
	0.0984128213207 29 46988.3429898
	0.0963462306618 30 46988.3429898
	0.0938720181791 31 46988.3429898
	0.0916366513911 32 46988.3429898
	0.101837481724 15 71618.6700037
	0.102703547973 16 71618.6700037
	0.10341049965 17 71618.6700037
	0.103956649974 18 71618.6700037
	0.104340232905 19 71618.6700037
	0.104558707176 20 71618.6700037
	0.104608134366 21 71618.6700037
	0.104482485274 22 71618.6700037
	0.104172752029 23 71618.6700037
	0.103800796213 24 71618.6700037
	0.103253191863 25 71618.6700037
	0.102457681953 26 71618.6700037
	0.10141140014 27 71618.6700037
	0.100080349987 28 71618.6700037
	0.0984128213207 29 71618.6700037
	0.0963462306618 30 71618.6700037
	0.0938720181791 31 71618.6700037
	0.0916366513911 32 71618.6700037
	0.101837481724 15 102317.291853
	0.102703547973 16 102317.291853
	0.10341049965 17 102317.291853
	0.103956649974 18 102317.291853
	0.104340232905 19 102317.291853
	0.104558707176 20 102317.291853
	0.104608134366 21 102317.291853
	0.104482485274 22 102317.291853
	0.104172752029 23 102317.291853
	0.103800796213 24 102317.291853
	0.103253191863 25 102317.291853
	0.102457681953 26 102317.291853
	0.10141140014 27 102317.291853
	0.100080349987 28 102317.291853
	0.0984128213207 29 102317.291853
	0.0963462306618 30 102317.291853
	0.0938720181791 31 102317.291853
	0.0916366513911 32 102317.291853
	0.101837481724 15 139871.095625
	0.102703547973 16 139871.095625
	0.10341049965 17 139871.095625
	0.103956649974 18 139871.095625
	0.104340232905 19 139871.095625
	0.104558707176 20 139871.095625
	0.104608134366 21 139871.095625
	0.104482485274 22 139871.095625
	0.104172752029 23 139871.095625
	0.103800796213 24 139871.095625
	0.103253191863 25 139871.095625
	0.102457681953 26 139871.095625
	0.10141140014 27 139871.095625
	0.100080349987 28 139871.095625
	0.0984128213207 29 139871.095625
	0.0963462306618 30 139871.095625
	0.0938720181791 31 139871.095625
	0.0916366513911 32 139871.095625
	0.101837481724 15 185079.09658
	0.102703547973 16 185079.09658
	0.10341049965 17 185079.09658
	0.103956649974 18 185079.09658
	0.104340232905 19 185079.09658
	0.104558707176 20 185079.09658
	0.104608134366 21 185079.09658
	0.104482485274 22 185079.09658
	0.104172752029 23 185079.09658
	0.103800796213 24 185079.09658
	0.103253191863 25 185079.09658
	0.102457681953 26 185079.09658
	0.10141140014 27 185079.09658
	0.100080349987 28 185079.09658
	0.0984128213207 29 185079.09658
	0.0963462306618 30 185079.09658
	0.0938720181791 31 185079.09658
	0.0916366513911 32 185079.09658
	0.101837481724 15 238750.954275
	0.102703547973 16 238750.954275
	0.10341049965 17 238750.954275
	0.103956649974 18 238750.954275
	0.104340232905 19 238750.954275
	0.104558707176 20 238750.954275
	0.104608134366 21 238750.954275
	0.104482485274 22 238750.954275
	0.104172752029 23 238750.954275
	0.103800796213 24 238750.954275
	0.103253191863 25 238750.954275
	0.102457681953 26 238750.954275
	0.10141140014 27 238750.954275
	0.100080349987 28 238750.954275
	0.0984128213207 29 238750.954275
	0.0963462306618 30 238750.954275
	0.0938720181791 31 238750.954275
	0.0916366513911 32 238750.954275
	0.101837481724 15 301707.742329
	0.102703547973 16 301707.742329
	0.10341049965 17 301707.742329
	0.103956649974 18 301707.742329
	0.104340232905 19 301707.742329
	0.104558707176 20 301707.742329
	0.104608134366 21 301707.742329
	0.104482485274 22 301707.742329
	0.104172752029 23 301707.742329
	0.103800796213 24 301707.742329
	0.103253191863 25 301707.742329
	0.102457681953 26 301707.742329
	0.10141140014 27 301707.742329
	0.100080349987 28 301707.742329
	0.0984128213207 29 301707.742329
	0.0963462306618 30 301707.742329
	0.0938720181791 31 301707.742329
	0.0916366513911 32 301707.742329
	0.101837481724 15 374785.393765
	0.102703547973 16 374785.393765
	0.10341049965 17 374785.393765
	0.103956649974 18 374785.393765
	0.104340232905 19 374785.393765
	0.104558707176 20 374785.393765
	0.104608134366 21 374785.393765
	0.104482485274 22 374785.393765
	0.104172752029 23 374785.393765
	0.103800796213 24 374785.393765
	0.103253191863 25 374785.393765
	0.102457681953 26 374785.393765
	0.10141140014 27 374785.393765
	0.100080349987 28 374785.393765
	0.0984128213207 29 374785.393765
	0.0963462306618 30 374785.393765
	0.0938720181791 31 374785.393765
	0.0916366513911 32 374785.393765
	0.101837481724 15 458841.448339
	0.102703547973 16 458841.448339
	0.10341049965 17 458841.448339
	0.103956649974 18 458841.448339
	0.104340232905 19 458841.448339
	0.104558707176 20 458841.448339
	0.104608134366 21 458841.448339
	0.104482485274 22 458841.448339
	0.104172752029 23 458841.448339
	0.103800796213 24 458841.448339
	0.103253191863 25 458841.448339
	0.102457681953 26 458841.448339
	0.10141140014 27 458841.448339
	0.100080349987 28 458841.448339
	0.0984128213207 29 458841.448339
	0.0963462306618 30 458841.448339
	0.0938720181791 31 458841.448339
	0.0916366513911 32 458841.448339
	0.101837481724 15 554766.22248
	0.102703547973 16 554766.22248
	0.10341049965 17 554766.22248
	0.103956649974 18 554766.22248
	0.104340232905 19 554766.22248
	0.104558707176 20 554766.22248
	0.104608134366 21 554766.22248
	0.104482485274 22 554766.22248
	0.104172752029 23 554766.22248
	0.103800796213 24 554766.22248
	0.103253191863 25 554766.22248
	0.102457681953 26 554766.22248
	0.10141140014 27 554766.22248
	0.100080349987 28 554766.22248
	0.0984128213207 29 554766.22248
	0.0963462306618 30 554766.22248
	0.0938720181791 31 554766.22248
	0.0916366513911 32 554766.22248
	0.101837481724 15 663500.731221
	0.102703547973 16 663500.731221
	0.10341049965 17 663500.731221
	0.103956649974 18 663500.731221
	0.104340232905 19 663500.731221
	0.104558707176 20 663500.731221
	0.104608134366 21 663500.731221
	0.104482485274 22 663500.731221
	0.104172752029 23 663500.731221
	0.103800796213 24 663500.731221
	0.103253191863 25 663500.731221
	0.102457681953 26 663500.731221
	0.10141140014 27 663500.731221
	0.100080349987 28 663500.731221
	0.0984128213207 29 663500.731221
	0.0963462306618 30 663500.731221
	0.0938720181791 31 663500.731221
	0.0916366513911 32 663500.731221
	0.101837481724 15 786066.838275
	0.102703547973 16 786066.838275
	0.10341049965 17 786066.838275
	0.103956649974 18 786066.838275
	0.104340232905 19 786066.838275
	0.104558707176 20 786066.838275
	0.104608134366 21 786066.838275
	0.104482485274 22 786066.838275
	0.104172752029 23 786066.838275
	0.103800796213 24 786066.838275
	0.103253191863 25 786066.838275
	0.102457681953 26 786066.838275
	0.10141140014 27 786066.838275
	0.100080349987 28 786066.838275
	0.0984128213207 29 786066.838275
	0.0963462306618 30 786066.838275
	0.0938720181791 31 786066.838275
	0.0916366513911 32 786066.838275
	0.101837481724 15 923624.384563
	0.102703547973 16 923624.384563
	0.10341049965 17 923624.384563
	0.103956649974 18 923624.384563
	0.104340232905 19 923624.384563
	0.104558707176 20 923624.384563
	0.104608134366 21 923624.384563
	0.104482485274 22 923624.384563
	0.104172752029 23 923624.384563
	0.103800796213 24 923624.384563
	0.103253191863 25 923624.384563
	0.102457681953 26 923624.384563
	0.10141140014 27 923624.384563
	0.100080349987 28 923624.384563
	0.0984128213207 29 923624.384563
	0.0963462306618 30 923624.384563
	0.0938720181791 31 923624.384563
	0.0916366513911 32 923624.384563
	0.101837481724 15 1077604.15848
	0.102703547973 16 1077604.15848
	0.10341049965 17 1077604.15848
	0.103956649974 18 1077604.15848
	0.104340232905 19 1077604.15848
	0.104558707176 20 1077604.15848
	0.104608134366 21 1077604.15848
	0.104482485274 22 1077604.15848
	0.104172752029 23 1077604.15848
	0.103800796213 24 1077604.15848
	0.103253191863 25 1077604.15848
	0.102457681953 26 1077604.15848
	0.10141140014 27 1077604.15848
	0.100080349987 28 1077604.15848
	0.0984128213207 29 1077604.15848
	0.0963462306618 30 1077604.15848
	0.0938720181791 31 1077604.15848
	0.0916366513911 32 1077604.15848
