	7.02646064132e-07 15 12867.7284758
	7.57257185774e-07 16 12867.7284758
	8.1164952861e-07 17 12867.7284758
	8.66032994579e-07 18 12867.7284758
	9.20649975233e-07 19 12867.7284758
	9.7578682462e-07 20 12867.7284758
	1.03178810866e-06 21 12867.7284758
	1.08907509616e-06 22 12867.7284758
	1.14817151556e-06 23 12867.7284758
	1.20974166144e-06 24 12867.7284758
	1.27464955823e-06 25 12867.7284758
	1.34405515175e-06 26 12867.7284758
	1.4195793193e-06 27 12867.7284758
	1.50360723738e-06 28 12867.7284758
	1.59990108743e-06 29 12867.7284758
	1.71501409535e-06 30 12867.7284758
	1.8622907947e-06 31 12867.7284758
	2.07810386975e-06 32 12867.7284758
	7.02646064132e-07 15 27654.9555158
	7.57257185774e-07 16 27654.9555158
	8.1164952861e-07 17 27654.9555158
	8.66032994579e-07 18 27654.9555158
	9.20649975233e-07 19 27654.9555158
	9.7578682462e-07 20 27654.9555158
	1.03178810866e-06 21 27654.9555158
	1.08907509616e-06 22 27654.9555158
	1.14817151556e-06 23 27654.9555158
	1.20974166144e-06 24 27654.9555158
	1.27464955823e-06 25 27654.9555158
	1.34405515175e-06 26 27654.9555158
	1.4195793193e-06 27 27654.9555158
	1.50360723738e-06 28 27654.9555158
	1.59990108743e-06 29 27654.9555158
	1.71501409535e-06 30 27654.9555158
	1.8622907947e-06 31 27654.9555158
	2.07810386975e-06 32 27654.9555158
	7.02646064132e-07 15 46988.3429898
	7.57257185774e-07 16 46988.3429898
	8.1164952861e-07 17 46988.3429898
	8.66032994579e-07 18 46988.3429898
	9.20649975233e-07 19 46988.3429898
	9.7578682462e-07 20 46988.3429898
	1.03178810866e-06 21 46988.3429898
	1.08907509616e-06 22 46988.3429898
	1.14817151556e-06 23 46988.3429898
	1.20974166144e-06 24 46988.3429898
	1.27464955823e-06 25 46988.3429898
	1.34405515175e-06 26 46988.3429898
	1.4195793193e-06 27 46988.3429898
	1.50360723738e-06 28 46988.3429898
	1.59990108743e-06 29 46988.3429898
	1.71501409535e-06 30 46988.3429898
	1.8622907947e-06 31 46988.3429898
	2.07810386975e-06 32 46988.3429898
	7.02646064132e-07 15 71618.6700037
	7.57257185774e-07 16 71618.6700037
	8.1164952861e-07 17 71618.6700037
	8.66032994579e-07 18 71618.6700037
	9.20649975233e-07 19 71618.6700037
	9.7578682462e-07 20 71618.6700037
	1.03178810866e-06 21 71618.6700037
	1.08907509616e-06 22 71618.6700037
	1.14817151556e-06 23 71618.6700037
	1.20974166144e-06 24 71618.6700037
	1.27464955823e-06 25 71618.6700037
	1.34405515175e-06 26 71618.6700037
	1.4195793193e-06 27 71618.6700037
	1.50360723738e-06 28 71618.6700037
	1.59990108743e-06 29 71618.6700037
	1.71501409535e-06 30 71618.6700037
	1.8622907947e-06 31 71618.6700037
	2.07810386975e-06 32 71618.6700037
	7.02646064132e-07 15 102317.291853
	7.57257185774e-07 16 102317.291853
	8.1164952861e-07 17 102317.291853
	8.66032994579e-07 18 102317.291853
	9.20649975233e-07 19 102317.291853
	9.7578682462e-07 20 102317.291853
	1.03178810866e-06 21 102317.291853
	1.08907509616e-06 22 102317.291853
	1.14817151556e-06 23 102317.291853
	1.20974166144e-06 24 102317.291853
	1.27464955823e-06 25 102317.291853
	1.34405515175e-06 26 102317.291853
	1.4195793193e-06 27 102317.291853
	1.50360723738e-06 28 102317.291853
	1.59990108743e-06 29 102317.291853
	1.71501409535e-06 30 102317.291853
	1.8622907947e-06 31 102317.291853
	2.07810386975e-06 32 102317.291853
	7.02646064132e-07 15 139871.095625
	7.57257185774e-07 16 139871.095625
	8.1164952861e-07 17 139871.095625
	8.66032994579e-07 18 139871.095625
	9.20649975233e-07 19 139871.095625
	9.7578682462e-07 20 139871.095625
	1.03178810866e-06 21 139871.095625
	1.08907509616e-06 22 139871.095625
	1.14817151556e-06 23 139871.095625
	1.20974166144e-06 24 139871.095625
	1.27464955823e-06 25 139871.095625
	1.34405515175e-06 26 139871.095625
	1.4195793193e-06 27 139871.095625
	1.50360723738e-06 28 139871.095625
	1.59990108743e-06 29 139871.095625
	1.71501409535e-06 30 139871.095625
	1.8622907947e-06 31 139871.095625
	2.07810386975e-06 32 139871.095625
	7.02646064132e-07 15 185079.09658
	7.57257185774e-07 16 185079.09658
	8.1164952861e-07 17 185079.09658
	8.66032994579e-07 18 185079.09658
	9.20649975233e-07 19 185079.09658
	9.7578682462e-07 20 185079.09658
	1.03178810866e-06 21 185079.09658
	1.08907509616e-06 22 185079.09658
	1.14817151556e-06 23 185079.09658
	1.20974166144e-06 24 185079.09658
	1.27464955823e-06 25 185079.09658
	1.34405515175e-06 26 185079.09658
	1.4195793193e-06 27 185079.09658
	1.50360723738e-06 28 185079.09658
	1.59990108743e-06 29 185079.09658
	1.71501409535e-06 30 185079.09658
	1.8622907947e-06 31 185079.09658
	2.07810386975e-06 32 185079.09658
	7.02646064132e-07 15 238750.954275
	7.57257185774e-07 16 238750.954275
	8.1164952861e-07 17 238750.954275
	8.66032994579e-07 18 238750.954275
	9.20649975233e-07 19 238750.954275
	9.7578682462e-07 20 238750.954275
	1.03178810866e-06 21 238750.954275
	1.08907509616e-06 22 238750.954275
	1.14817151556e-06 23 238750.954275
	1.20974166144e-06 24 238750.954275
	1.27464955823e-06 25 238750.954275
	1.34405515175e-06 26 238750.954275
	1.4195793193e-06 27 238750.954275
	1.50360723738e-06 28 238750.954275
	1.59990108743e-06 29 238750.954275
	1.71501409535e-06 30 238750.954275
	1.8622907947e-06 31 238750.954275
	2.07810386975e-06 32 238750.954275
	7.02646064132e-07 15 301707.742329
	7.57257185774e-07 16 301707.742329
	8.1164952861e-07 17 301707.742329
	8.66032994579e-07 18 301707.742329
	9.20649975233e-07 19 301707.742329
	9.7578682462e-07 20 301707.742329
	1.03178810866e-06 21 301707.742329
	1.08907509616e-06 22 301707.742329
	1.14817151556e-06 23 301707.742329
	1.20974166144e-06 24 301707.742329
	1.27464955823e-06 25 301707.742329
	1.34405515175e-06 26 301707.742329
	1.4195793193e-06 27 301707.742329
	1.50360723738e-06 28 301707.742329
	1.59990108743e-06 29 301707.742329
	1.71501409535e-06 30 301707.742329
	1.8622907947e-06 31 301707.742329
	2.07810386975e-06 32 301707.742329
	7.02646064132e-07 15 374785.393765
	7.57257185774e-07 16 374785.393765
	8.1164952861e-07 17 374785.393765
	8.66032994579e-07 18 374785.393765
	9.20649975233e-07 19 374785.393765
	9.7578682462e-07 20 374785.393765
	1.03178810866e-06 21 374785.393765
	1.08907509616e-06 22 374785.393765
	1.14817151556e-06 23 374785.393765
	1.20974166144e-06 24 374785.393765
	1.27464955823e-06 25 374785.393765
	1.34405515175e-06 26 374785.393765
	1.4195793193e-06 27 374785.393765
	1.50360723738e-06 28 374785.393765
	1.59990108743e-06 29 374785.393765
	1.71501409535e-06 30 374785.393765
	1.8622907947e-06 31 374785.393765
	2.07810386975e-06 32 374785.393765
	7.02646064132e-07 15 458841.448339
	7.57257185774e-07 16 458841.448339
	8.1164952861e-07 17 458841.448339
	8.66032994579e-07 18 458841.448339
	9.20649975233e-07 19 458841.448339
	9.7578682462e-07 20 458841.448339
	1.03178810866e-06 21 458841.448339
	1.08907509616e-06 22 458841.448339
	1.14817151556e-06 23 458841.448339
	1.20974166144e-06 24 458841.448339
	1.27464955823e-06 25 458841.448339
	1.34405515175e-06 26 458841.448339
	1.4195793193e-06 27 458841.448339
	1.50360723738e-06 28 458841.448339
	1.59990108743e-06 29 458841.448339
	1.71501409535e-06 30 458841.448339
	1.8622907947e-06 31 458841.448339
	2.07810386975e-06 32 458841.448339
	7.02646064132e-07 15 554766.22248
	7.57257185774e-07 16 554766.22248
	8.1164952861e-07 17 554766.22248
	8.66032994579e-07 18 554766.22248
	9.20649975233e-07 19 554766.22248
	9.7578682462e-07 20 554766.22248
	1.03178810866e-06 21 554766.22248
	1.08907509616e-06 22 554766.22248
	1.14817151556e-06 23 554766.22248
	1.20974166144e-06 24 554766.22248
	1.27464955823e-06 25 554766.22248
	1.34405515175e-06 26 554766.22248
	1.4195793193e-06 27 554766.22248
	1.50360723738e-06 28 554766.22248
	1.59990108743e-06 29 554766.22248
	1.71501409535e-06 30 554766.22248
	1.8622907947e-06 31 554766.22248
	2.07810386975e-06 32 554766.22248
	7.02646064132e-07 15 663500.731221
	7.57257185774e-07 16 663500.731221
	8.1164952861e-07 17 663500.731221
	8.66032994579e-07 18 663500.731221
	9.20649975233e-07 19 663500.731221
	9.7578682462e-07 20 663500.731221
	1.03178810866e-06 21 663500.731221
	1.08907509616e-06 22 663500.731221
	1.14817151556e-06 23 663500.731221
	1.20974166144e-06 24 663500.731221
	1.27464955823e-06 25 663500.731221
	1.34405515175e-06 26 663500.731221
	1.4195793193e-06 27 663500.731221
	1.50360723738e-06 28 663500.731221
	1.59990108743e-06 29 663500.731221
	1.71501409535e-06 30 663500.731221
	1.8622907947e-06 31 663500.731221
	2.07810386975e-06 32 663500.731221
	7.02646064132e-07 15 786066.838275
	7.57257185774e-07 16 786066.838275
	8.1164952861e-07 17 786066.838275
	8.66032994579e-07 18 786066.838275
	9.20649975233e-07 19 786066.838275
	9.7578682462e-07 20 786066.838275
	1.03178810866e-06 21 786066.838275
	1.08907509616e-06 22 786066.838275
	1.14817151556e-06 23 786066.838275
	1.20974166144e-06 24 786066.838275
	1.27464955823e-06 25 786066.838275
	1.34405515175e-06 26 786066.838275
	1.4195793193e-06 27 786066.838275
	1.50360723738e-06 28 786066.838275
	1.59990108743e-06 29 786066.838275
	1.71501409535e-06 30 786066.838275
	1.8622907947e-06 31 786066.838275
	2.07810386975e-06 32 786066.838275
	7.02646064132e-07 15 923624.384563
	7.57257185774e-07 16 923624.384563
	8.1164952861e-07 17 923624.384563
	8.66032994579e-07 18 923624.384563
	9.20649975233e-07 19 923624.384563
	9.7578682462e-07 20 923624.384563
	1.03178810866e-06 21 923624.384563
	1.08907509616e-06 22 923624.384563
	1.14817151556e-06 23 923624.384563
	1.20974166144e-06 24 923624.384563
	1.27464955823e-06 25 923624.384563
	1.34405515175e-06 26 923624.384563
	1.4195793193e-06 27 923624.384563
	1.50360723738e-06 28 923624.384563
	1.59990108743e-06 29 923624.384563
	1.71501409535e-06 30 923624.384563
	1.8622907947e-06 31 923624.384563
	2.07810386975e-06 32 923624.384563
	7.02646064132e-07 15 1077604.15848
	7.57257185774e-07 16 1077604.15848
	8.1164952861e-07 17 1077604.15848
	8.66032994579e-07 18 1077604.15848
	9.20649975233e-07 19 1077604.15848
	9.7578682462e-07 20 1077604.15848
	1.03178810866e-06 21 1077604.15848
	1.08907509616e-06 22 1077604.15848
	1.14817151556e-06 23 1077604.15848
	1.20974166144e-06 24 1077604.15848
	1.27464955823e-06 25 1077604.15848
	1.34405515175e-06 26 1077604.15848
	1.4195793193e-06 27 1077604.15848
	1.50360723738e-06 28 1077604.15848
	1.59990108743e-06 29 1077604.15848
	1.71501409535e-06 30 1077604.15848
	1.8622907947e-06 31 1077604.15848
	2.07810386975e-06 32 1077604.15848
