
	0.212446859202 15 12867.7284758
	0.198563605568 16 12867.7284758
	0.186435890866 17 12867.7284758
	0.175738359982 18 12867.7284758
	0.166224199835 19 12867.7284758
	0.157702274205 20 12867.7284758
	0.150021878828 21 12867.7284758
	0.143062265705 22 12867.7284758
	0.136725305949 23 12867.7284758
	0.130930258367 24 12867.7284758
	0.125609969565 25 12867.7284758
	0.120708061567 26 12867.7284758
	0.116176812464 27 12867.7284758
	0.111975532565 28 12867.7284758
	0.108069301575 29 12867.7284758
	0.104427973613 30 12867.7284758
	0.101025384202 31 12867.7284758
	0.0978387118852 32 12867.7284758
	76.3159196357 15 185428.153148
	75.4361124883 16 185428.153148
	74.5151968367 17 185428.153148
	73.5435231037 18 185428.153148
	72.5125019796 19 185428.153148
	71.4133472166 20 185428.153148
	70.2359234066 21 185428.153148
	68.9674971129 22 185428.153148
	2.250469997 23 185428.153148
	2.11883596503 24 185428.153148
	2.00522166413 25 185428.153148
	1.90541013027 26 185428.153148
	1.81659052679 27 185428.153148
	1.7367742651 28 185428.153148
	1.66448866022 29 185428.153148
	1.59860379947 30 185428.153148
	1.53822850208 31 185428.153148
	1.48264443505 32 185428.153148
	76.4698391051 15 357988.57782
	75.5993459598 16 357988.57782
	74.6894764979 17 357988.57782
	73.7309361168 18 357988.57782
	72.7155708962 19 357988.57782
	71.635195661 20 357988.57782
	70.4805484409 21 357988.57782
	69.2402083328 22 357988.57782
	67.8991928798 23 357988.57782
	66.4367859455 24 357988.57782
	64.8227174812 25 357988.57782
	4.1812931769 26 357988.57782
	3.90894716637 27 357988.57782
	3.68233228552 28 357988.57782
	3.48824949162 29 357988.57782
	3.3187142355 30 357988.57782
	3.16847847438 31 357988.57782
	3.03387666972 32 357988.57782
	76.6217016705 15 530549.002492
	75.760231371 16 530549.002492
	74.8610201159 17 530549.002492
	73.9150976822 18 530549.002492
	72.914700728 19 530549.002492
	71.8521762973 20 530549.002492
	70.7190259788 21 530549.002492
	69.5049584072 22 530549.002492
	68.1967186102 23 530549.002492
	66.7763538581 24 530549.002492
	65.2182982144 25 530549.002492
	63.483916852 26 530549.002492
	61.5099800165 27 530549.002492
	6.23705698928 28 530549.002492
	5.76503424344 29 530549.002492
	5.39150489746 30 530549.002492
	5.08188698952 31 530549.002492
	4.81757642582 32 530549.002492
	76.7715698389 15 703109.427165
	75.9188478144 16 703109.427165
	75.0299305725 17 703109.427165
	74.0961451019 18 703109.427165
	73.1100793924 19 703109.427165
	72.0645532417 20 703109.427165
	70.9517384803 21 703109.427165
	69.7623211062 22 703109.427165
	68.4845132959 23 703109.427165
	67.1026520846 24 703109.427165
	65.5949415988 25 703109.427165
	63.9294297093 26 703109.427165
	62.0560386146 27 703109.427165
	59.8884596378 28 703109.427165
	57.2536040738 29 703109.427165
	8.13089056074 30 703109.427165
	7.4658512162 31 703109.427165
	6.95483444871 32 703109.427165
	76.919503073 15 875669.851837
	76.07527006 16 875669.851837
	75.1963044515 17 875669.851837
	74.2742062584 18 875669.851837
	73.3018803171 19 875669.851837
	72.2725676111 20 875669.851837
	71.1790305376 21 875669.851837
	70.0128050217 22 875669.851837
	68.7633576564 23 875669.851837
	67.4169402586 24 875669.851837
	65.9548179011 25 875669.851837
	64.350249284 26 875669.851837
	62.5628330107 27 875669.851837
	60.5266386695 28 875669.851837
	58.1209494096 29 875669.851837
	55.0767520702 30 875669.851837
	10.8799410464 31 875669.851837
	9.72273678279 32 875669.851837
	77.0655579998 15 1048230.27651
	76.2295688864 16 1048230.27651
	75.3602325748 17 1048230.27651
	74.4494005045 18 1048230.27651
	73.4902639668 19 1048230.27651
	72.4764402404 20 1048230.27651
	71.4012139244 21 1048230.27651
	70.2568634598 22 1048230.27651
	69.0339345303 23 1048230.27651
	67.7202933973 24 1048230.27651
	66.2997189025 25 1048230.27651
	64.7496005601 26 1048230.27651
	63.0368391465 27 1048230.27651
	61.1097989387 28 1048230.27651
	58.8803388865 29 1048230.27651
	56.175243599 30 1048230.27651
	52.552759986 31 1048230.27651
	14.1671074285 32 1048230.27651
