
	27885.8636618 15 12867.7284758
	28570.0207714 16 12867.7284758
	29208.8683444 17 12867.7284758
	29808.4380351 18 12867.7284758
	30373.5847988 19 12867.7284758
	30908.3369373 20 12867.7284758
	31416.0488973 21 12867.7284758
	31899.5191066 22 12867.7284758
	32361.0955427 23 12867.7284758
	32802.7663455 24 12867.7284758
	33226.233292 25 12867.7284758
	33632.9691513 26 12867.7284758
	34024.2616014 27 12867.7284758
	34401.2466899 28 12867.7284758
	34764.9344534 29 12867.7284758
	35116.2287643 30 12867.7284758
	35455.9429377 31 12867.7284758
	35784.8122151 32 12867.7284758
	-2572.91014686 15 185428.153148
	-2084.74055619 16 185428.153148
	-1604.59511013 17 185428.153148
	-1129.28921203 18 185428.153148
	-656.042685622 19 185428.153148
	-182.172364808 20 185428.153148
	295.071458507 21 185428.153148
	778.688861229 22 185428.153148
	20598.687555 23 185428.153148
	21134.4961086 24 185428.153148
	21629.5853292 25 185428.153148
	22093.2528264 26 185428.153148
	22531.4642892 27 185428.153148
	22948.2444913 28 185428.153148
	23346.440087 29 185428.153148
	23728.1577093 30 185428.153148
	24095.0238411 31 185428.153148
	24448.3428912 32 185428.153148
	-2598.30068801 15 357988.57782
	-2111.77650291 16 357988.57782
	-1633.7019051 17 357988.57782
	-1160.88130754 18 357988.57782
	-690.56692152 19 357988.57782
	-220.15506464 20 357988.57782
	252.969153424 21 357988.57782
	731.594199064 22 357988.57782
	1218.91532989 23 357988.57782
	1718.90387329 24 357988.57782
	2236.94519089 25 357988.57782
	18600.6475456 26 357988.57782
	19157.3833851 27 357988.57782
	19660.1274361 28 357988.57782
	20123.9636828 29 357988.57782
	20557.8441795 30 357988.57782
	20967.4837898 31 357988.57782
	21356.7536547 32 357988.57782
	-2623.34143088 15 530549.002492
	-2138.39688104 16 530549.002492
	-1662.31002658 17 530549.002492
	-1191.87094144 18 530549.002492
	-724.357314842 19 530549.002492
	-257.233474976 20 530549.002492
	211.999102247 21 530549.002492
	685.947732612 22 530549.002492
	1167.52713927 23 530549.002492
	1660.25964945 24 530549.002492
	2168.76872374 25 530549.002492
	2699.67847123 26 530549.002492
	3263.47955786 27 530549.002492
	17208.3314897 28 530549.002492
	17822.9984021 29 530549.002492
	18359.4372814 30 530549.002492
	18843.912414 31 530549.002492
	19290.6015379 32 530549.002492
	-2648.04341542 15 703109.427165
	-2164.61634672 16 703109.427165
	-1690.4390244 17 703109.427165
	-1222.2843763 18 703109.427165
	-757.449588389 19 703109.427165
	-293.457103652 20 703109.427165
	172.090921967 21 703109.427165
	641.646012378 22 703109.427165
	1117.88527159 23 703109.427165
	1603.95937497 24 703109.427165
	2103.88121556 25 703109.427165
	2623.19665013 26 703109.427165
	3170.28371078 27 703109.427165
	3759.26610066 28 703109.427165
	4418.08693157 29 703109.427165
	16387.8271911 30 703109.427165
	17032.0553975 31 703109.427165
	17583.5116704 32 703109.427165
	-2672.41708775 15 875669.851837
	-2190.44870151 16 875669.851837
	-1718.10720588 17 875669.851837
	-1252.14604044 18 875669.851837
	-789.876698869 19 875669.851837
	-328.87116875 20 875669.851837
	133.181122931 21 875669.851837
	598.5971727 22 875669.851837
	1069.85156943 23 875669.851837
	1549.78462612 24 875669.851837
	2041.91366676 25 875669.851837
	2550.94338729 26 875669.851837
	3083.69557335 27 875669.851837
	3651.03018217 28 875669.851837
	4272.54120655 29 875669.851837
	4991.49296272 30 875669.851837
	15139.5798052 31 875669.851837
	15945.4455583 32 875669.851837
	-2696.47234364 15 1048230.27651
	-2215.9069599 16 1048230.27651
	-1745.3317426 17 1048230.27651
	-1281.47870105 18 1048230.27651
	-821.669126024 19 1048230.27651
	-363.517099467 20 1048230.27651
	95.2122018791 21 1048230.27651
	556.719197301 22 1048230.27651
	1023.30492536 23 1048230.27651
	1497.5484705 24 1048230.27651
	1982.56040622 25 1048230.27651
	2482.37844147 26 1048230.27651
	3002.64881093 27 1048230.27651
	3551.93800359 28 1048230.27651
	4144.63231585 29 1048230.27651
	4808.73782742 30 1048230.27651
	5615.27813512 31 1048230.27651
	13968.783638 32 1048230.27651
