
	27885.8636618 15 12867.7284758
	26545.2147931 16 12867.7284758
	25359.1937988 17 12867.7284758
	24296.1387548 18 12867.7284758
	23330.7638859 19 12867.7284758
	22442.787124 20 12867.7284758
	21615.8539013 21 12867.7284758
	20836.6147278 22 12867.7284758
	20093.9104736 23 12867.7284758
	19378.040321 24 12867.7284758
	18680.0762126 25 12867.7284758
	17991.1587833 26 12867.7284758
	17301.654709 27 12867.7284758
	16599.9336021 28 12867.7284758
	15870.2072763 29 12867.7284758
	15087.9135008 30 12867.7284758
	14207.4694357 31 12867.7284758
	13117.0337641 32 12867.7284758
	27885.8636618 15 27654.9555158
	26545.2147931 16 27654.9555158
	25359.1937988 17 27654.9555158
	24296.1387548 18 27654.9555158
	23330.7638859 19 27654.9555158
	22442.787124 20 27654.9555158
	21615.8539013 21 27654.9555158
	20836.6147278 22 27654.9555158
	20093.9104736 23 27654.9555158
	19378.040321 24 27654.9555158
	18680.0762126 25 27654.9555158
	17991.1587833 26 27654.9555158
	17301.654709 27 27654.9555158
	16599.9336021 28 27654.9555158
	15870.2072763 29 27654.9555158
	15087.9135008 30 27654.9555158
	14207.4694357 31 27654.9555158
	13117.0337641 32 27654.9555158
	27885.8636618 15 46988.3429898
	26545.2147931 16 46988.3429898
	25359.1937988 17 46988.3429898
	24296.1387548 18 46988.3429898
	23330.7638859 19 46988.3429898
	22442.787124 20 46988.3429898
	21615.8539013 21 46988.3429898
	20836.6147278 22 46988.3429898
	20093.9104736 23 46988.3429898
	19378.040321 24 46988.3429898
	18680.0762126 25 46988.3429898
	17991.1587833 26 46988.3429898
	17301.654709 27 46988.3429898
	16599.9336021 28 46988.3429898
	15870.2072763 29 46988.3429898
	15087.9135008 30 46988.3429898
	14207.4694357 31 46988.3429898
	13117.0337641 32 46988.3429898
	27885.8636618 15 71618.6700037
	26545.2147931 16 71618.6700037
	25359.1937988 17 71618.6700037
	24296.1387548 18 71618.6700037
	23330.7638859 19 71618.6700037
	22442.787124 20 71618.6700037
	21615.8539013 21 71618.6700037
	20836.6147278 22 71618.6700037
	20093.9104736 23 71618.6700037
	19378.040321 24 71618.6700037
	18680.0762126 25 71618.6700037
	17991.1587833 26 71618.6700037
	17301.654709 27 71618.6700037
	16599.9336021 28 71618.6700037
	15870.2072763 29 71618.6700037
	15087.9135008 30 71618.6700037
	14207.4694357 31 71618.6700037
	13117.0337641 32 71618.6700037
	27885.8636618 15 102317.291853
	26545.2147931 16 102317.291853
	25359.1937988 17 102317.291853
	24296.1387548 18 102317.291853
	23330.7638859 19 102317.291853
	22442.787124 20 102317.291853
	21615.8539013 21 102317.291853
	20836.6147278 22 102317.291853
	20093.9104736 23 102317.291853
	19378.040321 24 102317.291853
	18680.0762126 25 102317.291853
	17991.1587833 26 102317.291853
	17301.654709 27 102317.291853
	16599.9336021 28 102317.291853
	15870.2072763 29 102317.291853
	15087.9135008 30 102317.291853
	14207.4694357 31 102317.291853
	13117.0337641 32 102317.291853
	27885.8636618 15 139871.095625
	26545.2147931 16 139871.095625
	25359.1937988 17 139871.095625
	24296.1387548 18 139871.095625
	23330.7638859 19 139871.095625
	22442.787124 20 139871.095625
	21615.8539013 21 139871.095625
	20836.6147278 22 139871.095625
	20093.9104736 23 139871.095625
	19378.040321 24 139871.095625
	18680.0762126 25 139871.095625
	17991.1587833 26 139871.095625
	17301.654709 27 139871.095625
	16599.9336021 28 139871.095625
	15870.2072763 29 139871.095625
	15087.9135008 30 139871.095625
	14207.4694357 31 139871.095625
	13117.0337641 32 139871.095625
	27885.8636618 15 185079.09658
	26545.2147931 16 185079.09658
	25359.1937988 17 185079.09658
	24296.1387548 18 185079.09658
	23330.7638859 19 185079.09658
	22442.787124 20 185079.09658
	21615.8539013 21 185079.09658
	20836.6147278 22 185079.09658
	20093.9104736 23 185079.09658
	19378.040321 24 185079.09658
	18680.0762126 25 185079.09658
	17991.1587833 26 185079.09658
	17301.654709 27 185079.09658
	16599.9336021 28 185079.09658
	15870.2072763 29 185079.09658
	15087.9135008 30 185079.09658
	14207.4694357 31 185079.09658
	13117.0337641 32 185079.09658
	27885.8636618 15 238750.954275
	26545.2147931 16 238750.954275
	25359.1937988 17 238750.954275
	24296.1387548 18 238750.954275
	23330.7638859 19 238750.954275
	22442.787124 20 238750.954275
	21615.8539013 21 238750.954275
	20836.6147278 22 238750.954275
	20093.9104736 23 238750.954275
	19378.040321 24 238750.954275
	18680.0762126 25 238750.954275
	17991.1587833 26 238750.954275
	17301.654709 27 238750.954275
	16599.9336021 28 238750.954275
	15870.2072763 29 238750.954275
	15087.9135008 30 238750.954275
	14207.4694357 31 238750.954275
	13117.0337641 32 238750.954275
	27885.8636618 15 301707.742329
	26545.2147931 16 301707.742329
	25359.1937988 17 301707.742329
	24296.1387548 18 301707.742329
	23330.7638859 19 301707.742329
	22442.787124 20 301707.742329
	21615.8539013 21 301707.742329
	20836.6147278 22 301707.742329
	20093.9104736 23 301707.742329
	19378.040321 24 301707.742329
	18680.0762126 25 301707.742329
	17991.1587833 26 301707.742329
	17301.654709 27 301707.742329
	16599.9336021 28 301707.742329
	15870.2072763 29 301707.742329
	15087.9135008 30 301707.742329
	14207.4694357 31 301707.742329
	13117.0337641 32 301707.742329
	27885.8636618 15 374785.393765
	26545.2147931 16 374785.393765
	25359.1937988 17 374785.393765
	24296.1387548 18 374785.393765
	23330.7638859 19 374785.393765
	22442.787124 20 374785.393765
	21615.8539013 21 374785.393765
	20836.6147278 22 374785.393765
	20093.9104736 23 374785.393765
	19378.040321 24 374785.393765
	18680.0762126 25 374785.393765
	17991.1587833 26 374785.393765
	17301.654709 27 374785.393765
	16599.9336021 28 374785.393765
	15870.2072763 29 374785.393765
	15087.9135008 30 374785.393765
	14207.4694357 31 374785.393765
	13117.0337641 32 374785.393765
	27885.8636618 15 458841.448339
	26545.2147931 16 458841.448339
	25359.1937988 17 458841.448339
	24296.1387548 18 458841.448339
	23330.7638859 19 458841.448339
	22442.787124 20 458841.448339
	21615.8539013 21 458841.448339
	20836.6147278 22 458841.448339
	20093.9104736 23 458841.448339
	19378.040321 24 458841.448339
	18680.0762126 25 458841.448339
	17991.1587833 26 458841.448339
	17301.654709 27 458841.448339
	16599.9336021 28 458841.448339
	15870.2072763 29 458841.448339
	15087.9135008 30 458841.448339
	14207.4694357 31 458841.448339
	13117.0337641 32 458841.448339
	27885.8636618 15 554766.22248
	26545.2147931 16 554766.22248
	25359.1937988 17 554766.22248
	24296.1387548 18 554766.22248
	23330.7638859 19 554766.22248
	22442.787124 20 554766.22248
	21615.8539013 21 554766.22248
	20836.6147278 22 554766.22248
	20093.9104736 23 554766.22248
	19378.040321 24 554766.22248
	18680.0762126 25 554766.22248
	17991.1587833 26 554766.22248
	17301.654709 27 554766.22248
	16599.9336021 28 554766.22248
	15870.2072763 29 554766.22248
	15087.9135008 30 554766.22248
	14207.4694357 31 554766.22248
	13117.0337641 32 554766.22248
	27885.8636618 15 663500.731221
	26545.2147931 16 663500.731221
	25359.1937988 17 663500.731221
	24296.1387548 18 663500.731221
	23330.7638859 19 663500.731221
	22442.787124 20 663500.731221
	21615.8539013 21 663500.731221
	20836.6147278 22 663500.731221
	20093.9104736 23 663500.731221
	19378.040321 24 663500.731221
	18680.0762126 25 663500.731221
	17991.1587833 26 663500.731221
	17301.654709 27 663500.731221
	16599.9336021 28 663500.731221
	15870.2072763 29 663500.731221
	15087.9135008 30 663500.731221
	14207.4694357 31 663500.731221
	13117.0337641 32 663500.731221
	27885.8636618 15 786066.838275
	26545.2147931 16 786066.838275
	25359.1937988 17 786066.838275
	24296.1387548 18 786066.838275
	23330.7638859 19 786066.838275
	22442.787124 20 786066.838275
	21615.8539013 21 786066.838275
	20836.6147278 22 786066.838275
	20093.9104736 23 786066.838275
	19378.040321 24 786066.838275
	18680.0762126 25 786066.838275
	17991.1587833 26 786066.838275
	17301.654709 27 786066.838275
	16599.9336021 28 786066.838275
	15870.2072763 29 786066.838275
	15087.9135008 30 786066.838275
	14207.4694357 31 786066.838275
	13117.0337641 32 786066.838275
	27885.8636618 15 923624.384563
	26545.2147931 16 923624.384563
	25359.1937988 17 923624.384563
	24296.1387548 18 923624.384563
	23330.7638859 19 923624.384563
	22442.787124 20 923624.384563
	21615.8539013 21 923624.384563
	20836.6147278 22 923624.384563
	20093.9104736 23 923624.384563
	19378.040321 24 923624.384563
	18680.0762126 25 923624.384563
	17991.1587833 26 923624.384563
	17301.654709 27 923624.384563
	16599.9336021 28 923624.384563
	15870.2072763 29 923624.384563
	15087.9135008 30 923624.384563
	14207.4694357 31 923624.384563
	13117.0337641 32 923624.384563
	27885.8636618 15 1077604.15848
	26545.2147931 16 1077604.15848
	25359.1937988 17 1077604.15848
	24296.1387548 18 1077604.15848
	23330.7638859 19 1077604.15848
	22442.787124 20 1077604.15848
	21615.8539013 21 1077604.15848
	20836.6147278 22 1077604.15848
	20093.9104736 23 1077604.15848
	19378.040321 24 1077604.15848
	18680.0762126 25 1077604.15848
	17991.1587833 26 1077604.15848
	17301.654709 27 1077604.15848
	16599.9336021 28 1077604.15848
	15870.2072763 29 1077604.15848
	15087.9135008 30 1077604.15848
	14207.4694357 31 1077604.15848
	13117.0337641 32 1077604.15848
