
	39121.1725675 40 10000.0
	41434.5048821 50 10000.0
	43348.5764428 60 10000.0
	45016.7315176 70 10000.0
	46535.0216159 80 10000.0
	47961.4063541 90 10000.0
	31675.5513594 40 60000.0
	34010.6746402 50 60000.0
	35936.0557397 60 60000.0
	37610.7568603 70 60000.0
	39133.1507382 80 60000.0
	40562.268091 90 60000.0
	29119.2624297 40 110000.0
	31476.7471589 50 110000.0
	33413.5765543 60 110000.0
	35094.8641434 70 110000.0
	36621.3742361 80 110000.0
	38053.227617 90 110000.0
	27516.7700137 40 160000.0
	29897.2128449 50 160000.0
	31845.6311237 60 160000.0
	33533.5453382 70 160000.0
	35064.1837552 80 160000.0
	36498.776361 90 160000.0
	26337.2959249 40 210000.0
	28741.3212307 50 210000.0
	30701.4708 60 210000.0
	32396.0515103 70 210000.0
	33930.8300289 80 210000.0
	35368.1648389 90 210000.0
	25397.6824815 40 260000.0
	27825.9440148 50 260000.0
	29797.9690888 60 260000.0
	31499.2558574 70 260000.0
	33038.1859174 80 260000.0
	34478.2656924 90 260000.0
	24612.6193415 40 310000.0
	27065.8020206 50 310000.0
	29049.8486048 60 310000.0
	30757.8806653 70 310000.0
	32300.9733629 80 310000.0
	33743.8006448 90 310000.0
	23935.3651749 40 360000.0
	26414.187001 50 360000.0
	28410.4028746 60 360000.0
	30125.2191107 70 360000.0
	31672.4851931 80 360000.0
	33118.0623036 90 360000.0
	23337.5065775 40 410000.0
	25842.7206964 50 410000.0
	27851.255392 60 410000.0
	29572.8943152 70 410000.0
	31124.3441749 80 410000.0
	32572.6732157 90 410000.0
	22800.4670216 40 460000.0
	25332.8639402 50 460000.0
	27353.8687199 60 460000.0
	29082.3684484 70 460000.0
	30638.0121181 80 460000.0
	32089.0949697 90 460000.0
	22311.4258537 40 510000.0
	24871.8358232 50 510000.0
	26905.4636521 60 510000.0
	28640.8618884 70 510000.0
	30200.7090356 80 510000.0
	31654.5473574 90 510000.0
