
	524.119566554 40 10000.0
	586.150853909 50 10000.0
	642.160973696 60 10000.0
	693.522306674 70 10000.0
	740.973099544 80 10000.0
	784.859972818 90 10000.0
	522.883750016 40 60000.0
	585.629376311 50 60000.0
	642.046658833 60 60000.0
	693.650902992 70 60000.0
	741.251501527 80 60000.0
	785.232416294 90 60000.0
	521.626684032 40 110000.0
	585.104938513 50 110000.0
	641.93396604 60 110000.0
	693.782196988 70 110000.0
	741.532632861 80 110000.0
	785.607312664 90 110000.0
	520.350352271 40 160000.0
	584.578726827 50 160000.0
	641.823513417 60 160000.0
	693.916522657 70 160000.0
	741.816683054 80 160000.0
	785.984774383 90 160000.0
	519.056750904 40 210000.0
	584.051924166 50 210000.0
	641.715911221 60 210000.0
	694.054207993 70 210000.0
	742.10383766 80 210000.0
	786.364911373 90 210000.0
	517.747892715 40 260000.0
	583.525710781 50 260000.0
	641.611762035 60 260000.0
	694.195575068 70 260000.0
	742.394278334 80 260000.0
	786.747831061 90 260000.0
	516.425811165 40 310000.0
	583.001264924 50 310000.0
	641.511660911 60 310000.0
	694.34094011 70 310000.0
	742.688182884 80 310000.0
	787.133638412 90 310000.0
	515.092564481 40 360000.0
	582.479763413 50 360000.0
	641.416195488 60 360000.0
	694.490613575 70 360000.0
	742.985725317 80 360000.0
	787.522435965 90 360000.0
	513.750239854 40 410000.0
	581.96238214 50 410000.0
	641.325946083 60 410000.0
	694.644900202 70 410000.0
	743.287075884 80 410000.0
	787.914323859 90 410000.0
	512.400957842 40 460000.0
	581.450296487 50 460000.0
	641.241485767 60 460000.0
	694.804099073 70 460000.0
	743.592401127 80 460000.0
	788.30939987 90 460000.0
	511.046877106 40 510000.0
	580.944681684 50 510000.0
	641.163380414 60 510000.0
	694.968503663 70 510000.0
	743.901863918 80 510000.0
	788.707759435 90 510000.0
