
	669943.399113 40 10000.0
	773254.778893 50 10000.0
	876497.584293 60 10000.0
	979730.697712 70 10000.0
	1083058.67682 80 10000.0
	1186673.24899 90 10000.0
	666457.454288 40 60000.0
	770793.860668 50 60000.0
	874683.664491 60 60000.0
	978348.494376 70 60000.0
	1081980.79096 80 60000.0
	1185820.06274 90 60000.0
	662927.78952 40 110000.0
	768315.538751 50 110000.0
	872861.521181 60 110000.0
	976962.073394 70 110000.0
	1080900.68067 80 110000.0
	1184965.72991 90 110000.0
	659353.571999 40 160000.0
	765820.019252 50 160000.0
	871031.386358 60 160000.0
	975571.604351 70 160000.0
	1079818.46299 80 160000.0
	1184110.33134 90 160000.0
	655733.906917 40 210000.0
	763307.509847 50 210000.0
	869193.492373 60 210000.0
	974177.256081 70 210000.0
	1078734.25406 80 210000.0
	1183253.94706 90 210000.0
	652067.833171 40 260000.0
	760778.220135 50 260000.0
	867348.072038 60 260000.0
	972779.196686 70 260000.0
	1077648.16912 80 260000.0
	1182396.65632 90 260000.0
	648354.318578 40 310000.0
	758232.361992 50 310000.0
	865495.358716 60 310000.0
	971377.59357 70 310000.0
	1076560.32248 80 310000.0
	1181538.53761 90 310000.0
	644592.254565 40 360000.0
	755670.149893 50 360000.0
	863635.586399 60 360000.0
	969972.613456 70 360000.0
	1075470.82759 80 360000.0
	1180679.66862 90 360000.0
	640780.450285 40 410000.0
	753091.801236 50 410000.0
	861768.989787 60 410000.0
	968564.422403 70 410000.0
	1074379.79702 80 410000.0
	1179820.12632 90 410000.0
	636917.626131 40 460000.0
	750497.536646 50 460000.0
	859895.804342 60 460000.0
	967153.185824 70 460000.0
	1073287.34245 80 460000.0
	1178959.98687 90 460000.0
	633002.406577 40 510000.0
	747887.580262 50 510000.0
	858016.266347 60 510000.0
	965739.068493 70 510000.0
	1072193.57473 80 510000.0
	1178099.32571 90 510000.0
