
	1.97828748782e-06 40 10000.0
	2.39612280669e-06 50 10000.0
	2.78176257297e-06 60 10000.0
	3.14220537222e-06 70 10000.0
	3.48238767529e-06 80 10000.0
	3.80590586006e-06 90 10000.0
	1.98382460872e-06 40 60000.0
	2.4014827371e-06 50 60000.0
	2.78651005568e-06 60 60000.0
	3.14630970929e-06 70 60000.0
	3.48591791241e-06 80 60000.0
	3.80894762916e-06 90 60000.0
	1.98963767675e-06 40 110000.0
	2.40700074882e-06 50 110000.0
	2.79135653732e-06 60 110000.0
	3.15048103851e-06 70 110000.0
	3.489496374e-06 80 110000.0
	3.81202584636e-06 90 110000.0
	1.99573941199e-06 40 160000.0
	2.41268053167e-06 50 160000.0
	2.79630327137e-06 60 160000.0
	3.15471982195e-06 70 160000.0
	3.49312322981e-06 80 160000.0
	3.81514056406e-06 90 160000.0
	2.00214338024e-06 40 210000.0
	2.41852587796e-06 50 210000.0
	2.80135152314e-06 60 210000.0
	3.15902652084e-06 70 210000.0
	3.49679864761e-06 80 210000.0
	3.81829183318e-06 90 210000.0
	2.00886405812e-06 40 260000.0
	2.42454068324e-06 50 260000.0
	2.80650256889e-06 60 260000.0
	3.1634015952e-06 70 260000.0
	3.50052279305e-06 80 260000.0
	3.82147970305e-06 90 260000.0
	2.01591690464e-06 40 310000.0
	2.43072894699e-06 50 310000.0
	2.81175769503e-06 60 310000.0
	3.16784550342e-06 70 310000.0
	3.50429582947e-06 80 310000.0
	3.82470422141e-06 90 310000.0
	2.02331844035e-06 40 360000.0
	2.43709477318e-06 50 360000.0
	2.81711819718e-06 60 360000.0
	3.17235870189e-06 70 360000.0
	3.50811791778e-06 80 360000.0
	3.82796543431e-06 90 360000.0
	2.03108633466e-06 40 410000.0
	2.44364237073e-06 50 410000.0
	2.82258537927e-06 60 410000.0
	3.17694164463e-06 70 410000.0
	3.51198921626e-06 80 410000.0
	3.83126338604e-06 90 410000.0
	2.03923950277e-06 40 460000.0
	2.45037605383e-06 50 460000.0
	2.82816055258e-06 60 460000.0
	3.18159478284e-06 70 460000.0
	3.51590988048e-06 80 460000.0
	3.83459811909e-06 90 460000.0
	2.04779821311e-06 40 510000.0
	2.45730024211e-06 50 510000.0
	2.83384503476e-06 60 510000.0
	3.18631856456e-06 70 510000.0
	3.51988006306e-06 80 510000.0
	3.83796967408e-06 90 510000.0
