
	10703.2809341 15 10000.0
	10869.2875801 16 10000.0
	11062.7665769 17 10000.0
	11293.533468 18 10000.0
	11574.3567783 19 10000.0
	11920.3511985 20 10000.0
	12349.4190968 21 10000.0
	12883.7801195 22 10000.0
	13552.8081391 23 10000.0
	14397.8370465 24 10000.0
	15480.4820328 25 10000.0
	16897.9655482 26 10000.0
	18813.7539708 27 10000.0
	21525.4047997 28 10000.0
	25636.419725 29 10000.0
	32582.8971837 30 10000.0
	46818.2252046 31 10000.0
	92391.9141901 32 10000.0
	10703.2809341 15 60000.0
	10869.2875801 16 60000.0
	11062.7665769 17 60000.0
	11293.533468 18 60000.0
	11574.3567783 19 60000.0
	11920.3511985 20 60000.0
	12349.4190968 21 60000.0
	12883.7801195 22 60000.0
	13552.8081391 23 60000.0
	14397.8370465 24 60000.0
	15480.4820328 25 60000.0
	16897.9655482 26 60000.0
	18813.7539708 27 60000.0
	21525.4047997 28 60000.0
	25636.419725 29 60000.0
	32582.8971837 30 60000.0
	46818.2252046 31 60000.0
	92391.9141901 32 60000.0
	10703.2809341 15 110000.0
	10869.2875801 16 110000.0
	11062.7665769 17 110000.0
	11293.533468 18 110000.0
	11574.3567783 19 110000.0
	11920.3511985 20 110000.0
	12349.4190968 21 110000.0
	12883.7801195 22 110000.0
	13552.8081391 23 110000.0
	14397.8370465 24 110000.0
	15480.4820328 25 110000.0
	16897.9655482 26 110000.0
	18813.7539708 27 110000.0
	21525.4047997 28 110000.0
	25636.419725 29 110000.0
	32582.8971837 30 110000.0
	46818.2252046 31 110000.0
	92391.9141901 32 110000.0
	10703.2809341 15 160000.0
	10869.2875801 16 160000.0
	11062.7665769 17 160000.0
	11293.533468 18 160000.0
	11574.3567783 19 160000.0
	11920.3511985 20 160000.0
	12349.4190968 21 160000.0
	12883.7801195 22 160000.0
	13552.8081391 23 160000.0
	14397.8370465 24 160000.0
	15480.4820328 25 160000.0
	16897.9655482 26 160000.0
	18813.7539708 27 160000.0
	21525.4047997 28 160000.0
	25636.419725 29 160000.0
	32582.8971837 30 160000.0
	46818.2252046 31 160000.0
	92391.9141901 32 160000.0
	10703.2809341 15 210000.0
	10869.2875801 16 210000.0
	11062.7665769 17 210000.0
	11293.533468 18 210000.0
	11574.3567783 19 210000.0
	11920.3511985 20 210000.0
	12349.4190968 21 210000.0
	12883.7801195 22 210000.0
	13552.8081391 23 210000.0
	14397.8370465 24 210000.0
	15480.4820328 25 210000.0
	16897.9655482 26 210000.0
	18813.7539708 27 210000.0
	21525.4047997 28 210000.0
	25636.419725 29 210000.0
	32582.8971837 30 210000.0
	46818.2252046 31 210000.0
	92391.9141901 32 210000.0
	10703.2809341 15 260000.0
	10869.2875801 16 260000.0
	11062.7665769 17 260000.0
	11293.533468 18 260000.0
	11574.3567783 19 260000.0
	11920.3511985 20 260000.0
	12349.4190968 21 260000.0
	12883.7801195 22 260000.0
	13552.8081391 23 260000.0
	14397.8370465 24 260000.0
	15480.4820328 25 260000.0
	16897.9655482 26 260000.0
	18813.7539708 27 260000.0
	21525.4047997 28 260000.0
	25636.419725 29 260000.0
	32582.8971837 30 260000.0
	46818.2252046 31 260000.0
	92391.9141901 32 260000.0
	10703.2809341 15 310000.0
	10869.2875801 16 310000.0
	11062.7665769 17 310000.0
	11293.533468 18 310000.0
	11574.3567783 19 310000.0
	11920.3511985 20 310000.0
	12349.4190968 21 310000.0
	12883.7801195 22 310000.0
	13552.8081391 23 310000.0
	14397.8370465 24 310000.0
	15480.4820328 25 310000.0
	16897.9655482 26 310000.0
	18813.7539708 27 310000.0
	21525.4047997 28 310000.0
	25636.419725 29 310000.0
	32582.8971837 30 310000.0
	46818.2252046 31 310000.0
	92391.9141901 32 310000.0
	10703.2809341 15 360000.0
	10869.2875801 16 360000.0
	11062.7665769 17 360000.0
	11293.533468 18 360000.0
	11574.3567783 19 360000.0
	11920.3511985 20 360000.0
	12349.4190968 21 360000.0
	12883.7801195 22 360000.0
	13552.8081391 23 360000.0
	14397.8370465 24 360000.0
	15480.4820328 25 360000.0
	16897.9655482 26 360000.0
	18813.7539708 27 360000.0
	21525.4047997 28 360000.0
	25636.419725 29 360000.0
	32582.8971837 30 360000.0
	46818.2252046 31 360000.0
	92391.9141901 32 360000.0
	10703.2809341 15 410000.0
	10869.2875801 16 410000.0
	11062.7665769 17 410000.0
	11293.533468 18 410000.0
	11574.3567783 19 410000.0
	11920.3511985 20 410000.0
	12349.4190968 21 410000.0
	12883.7801195 22 410000.0
	13552.8081391 23 410000.0
	14397.8370465 24 410000.0
	15480.4820328 25 410000.0
	16897.9655482 26 410000.0
	18813.7539708 27 410000.0
	21525.4047997 28 410000.0
	25636.419725 29 410000.0
	32582.8971837 30 410000.0
	46818.2252046 31 410000.0
	92391.9141901 32 410000.0
	10703.2809341 15 460000.0
	10869.2875801 16 460000.0
	11062.7665769 17 460000.0
	11293.533468 18 460000.0
	11574.3567783 19 460000.0
	11920.3511985 20 460000.0
	12349.4190968 21 460000.0
	12883.7801195 22 460000.0
	13552.8081391 23 460000.0
	14397.8370465 24 460000.0
	15480.4820328 25 460000.0
	16897.9655482 26 460000.0
	18813.7539708 27 460000.0
	21525.4047997 28 460000.0
	25636.419725 29 460000.0
	32582.8971837 30 460000.0
	46818.2252046 31 460000.0
	92391.9141901 32 460000.0
	10703.2809341 15 510000.0
	10869.2875801 16 510000.0
	11062.7665769 17 510000.0
	11293.533468 18 510000.0
	11574.3567783 19 510000.0
	11920.3511985 20 510000.0
	12349.4190968 21 510000.0
	12883.7801195 22 510000.0
	13552.8081391 23 510000.0
	14397.8370465 24 510000.0
	15480.4820328 25 510000.0
	16897.9655482 26 510000.0
	18813.7539708 27 510000.0
	21525.4047997 28 510000.0
	25636.419725 29 510000.0
	32582.8971837 30 510000.0
	46818.2252046 31 510000.0
	92391.9141901 32 510000.0
