
	4336.84037229 15 10000.0
	4300.1352618 16 10000.0
	4272.57186073 17 10000.0
	4251.70608803 18 10000.0
	4235.5975208 19 10000.0
	4222.85389925 20 10000.0
	4212.51774231 21 10000.0
	4203.9401591 22 10000.0
	4196.68074202 23 10000.0
	4190.43693268 24 10000.0
	4184.99677596 25 10000.0
	4180.20811791 26 10000.0
	4175.95873699 27 10000.0
	4172.16354356 28 10000.0
	4168.7562882 29 10000.0
	4165.68413283 30 10000.0
	4162.9040422 31 10000.0
	4160.38033976 32 10000.0
	2028.95874609 15 60000.0
	2316.07443668 16 60000.0
	2654.73061209 17 60000.0
	3037.5908593 18 60000.0
	4992.27922486 19 60000.0
	4855.06974903 20 60000.0
	4753.6072211 21 60000.0
	4675.67435569 22 60000.0
	4613.83563894 23 60000.0
	4563.41339103 24 60000.0
	4521.37135554 25 60000.0
	4485.67742022 26 60000.0
	4454.92972071 27 60000.0
	4428.13201696 28 60000.0
	4404.55577626 29 60000.0
	4383.6536958 30 60000.0
	4365.0043328 31 60000.0
	4348.27589276 32 60000.0
	2019.99342974 15 110000.0
	2305.50562147 16 110000.0
	2641.9982298 17 110000.0
	3022.04248769 18 110000.0
	3446.82404824 19 110000.0
	3923.78354693 20 110000.0
	5546.21236701 21 110000.0
	5322.02653081 22 110000.0
	5156.49274553 23 110000.0
	5029.20044875 24 110000.0
	4928.03736487 25 110000.0
	4845.46780006 26 110000.0
	4776.60870628 27 110000.0
	4718.17862365 28 110000.0
	4667.89786615 29 110000.0
	4624.13361619 30 110000.0
	4585.68324952 31 110000.0
	4551.63827362 32 110000.0
	2011.12807065 15 160000.0
	2295.0596633 16 160000.0
	2629.42318672 17 160000.0
	3006.70236708 18 160000.0
	3427.89216017 19 160000.0
	3900.10695325 20 160000.0
	4436.18245077 21 160000.0
	6261.32374962 22 160000.0
	5893.17408461 23 160000.0
	5629.58649309 24 160000.0
	5431.54781818 25 160000.0
	5277.02614605 26 160000.0
	5152.78349626 27 160000.0
	5050.45769536 28 160000.0
	4964.53837794 29 160000.0
	4891.25812905 30 160000.0
	4827.95566068 31 160000.0
	4772.69541889 32 160000.0
	2002.36104939 15 210000.0
	2284.7344017 16 210000.0
	2617.0024387 17 210000.0
	2991.56600752 18 210000.0
	3409.23749421 19 210000.0
	3876.81935614 20 210000.0
	4406.63415357 21 210000.0
	5017.82563698 22 210000.0
	5739.98217715 23 210000.0
	6435.80941999 24 210000.0
	6073.69980987 25 210000.0
	5806.13981688 26 210000.0
	5600.01231605 27 210000.0
	5435.95315871 28 210000.0
	5301.96320674 29 210000.0
	5190.24671075 30 210000.0
	5095.53219621 31 210000.0
	5014.12974171 32 210000.0
	1993.69078167 15 260000.0
	2274.52772842 16 260000.0
	2604.73302407 17 260000.0
	2976.62905649 18 260000.0
	3390.85338055 19 260000.0
	3853.91008415 20 260000.0
	4377.63322145 21 260000.0
	4980.34799851 22 260000.0
	5690.19499989 23 260000.0
	7580.94215038 24 260000.0
	6924.57513648 25 260000.0
	6472.68344213 26 260000.0
	6142.33699084 27 260000.0
	5889.83125982 28 260000.0
	5690.09324693 29 260000.0
	5527.78507059 30 260000.0
	5393.03152677 31 260000.0
	5279.19947305 32 260000.0
	1985.11571738 15 310000.0
	2264.43758572 16 310000.0
	2592.61206072 17 310000.0
	2961.88729327 18 310000.0
	3372.73337869 19 310000.0
	3831.36888546 20 310000.0
	4349.16254524 21 310000.0
	4943.66523004 22 310000.0
	5641.66056643 23 310000.0
	6485.75262798 24 310000.0
	8112.19408696 25 310000.0
	7342.00408433 26 310000.0
	6816.12504199 27 310000.0
	6433.66451464 28 310000.0
	6142.36905695 29 310000.0
	5912.58024805 30 310000.0
	5726.27582625 31 310000.0
	5571.90111394 32 310000.0
	1976.63433957 15 360000.0
	2254.4619648 16 360000.0
	2580.63674323 17 360000.0
	2947.33662368 18 360000.0
	3354.87126696 19 360000.0
	3809.18590617 20 360000.0
	4321.20578174 21 360000.0
	4907.74869617 22 360000.0
	5594.32512805 23 360000.0
	6421.16215794 24 360000.0
	7456.24747553 25 360000.0
	8529.8455486 26 360000.0
	7679.32650901 27 360000.0
	7099.27219777 28 360000.0
	6677.48105757 29 360000.0
	6356.19142455 30 360000.0
	6102.71045942 31 360000.0
	5897.19032246 32 360000.0
	1968.2451635 15 410000.0
	2244.59890417 16 410000.0
	2568.8043401 17 410000.0
	2932.97307496 18 410000.0
	3337.26103269 19 410000.0
	3787.35167003 20 410000.0
	4293.747309 21 410000.0
	4872.57123462 22 410000.0
	5548.13821257 23 410000.0
	6358.46864917 24 410000.0
	7367.07312631 25 410000.0
	8690.76658228 26 410000.0
	8830.80858411 27 410000.0
	7935.76579482 28 410000.0
	7322.2503588 29 410000.0
	6874.31279388 30 410000.0
	6532.01405338 31 410000.0
	6261.28749555 32 410000.0
	1959.94673575 15 460000.0
	2234.8464882 16 460000.0
	2557.1121912 17 460000.0
	2918.79279104 18 460000.0
	3319.89686296 19 460000.0
	3765.85705935 20 460000.0
	4266.77218465 21 460000.0
	4838.10705797 22 460000.0
	5503.05236708 23 460000.0
	6297.5771813 24 460000.0
	7281.09333283 25 460000.0
	8561.1287783 26 460000.0
	10455.8349522 27 460000.0
	9023.49996845 28 460000.0
	8116.68110443 29 460000.0
	7488.82835465 30 460000.0
	7027.00910285 31 460000.0
	6672.10881924 32 460000.0
	1951.7376333 15 510000.0
	2225.20284566 16 510000.0
	2545.55770523 17 510000.0
	2904.79202793 18 510000.0
	3302.77313573 19 510000.0
	3744.69329718 20 510000.0
	4240.26610733 21 510000.0
	4804.33166327 22 510000.0
	5459.02292514 23 510000.0
	6238.39953904 24 510000.0
	7198.11383646 25 510000.0
	8437.35246583 26 510000.0
	10156.7333736 27 510000.0
	10504.6004676 28 510000.0
	9123.40972197 29 510000.0
	8231.2498993 30 510000.0
	7605.063452 31 510000.0
	7139.88782931 32 510000.0
