
	-45343.6039585 15 10000.0
	-37890.129279 16 10000.0
	-30069.2188234 17 10000.0
	-21841.3633422 18 10000.0
	-13166.3741825 19 10000.0
	-4004.72769543 20 10000.0
	5683.23541212 21 10000.0
	15939.6509003 22 10000.0
	26812.5055148 23 10000.0
	38360.0375832 24 10000.0
	50656.6986683 25 10000.0
	63801.9413612 26 10000.0
	77934.4712074 27 10000.0
	93257.7937999 28 10000.0
	110091.557197 29 10000.0
	128991.308747 30 10000.0
	151097.690848 31 10000.0
	179672.769412 32 10000.0
	-45343.6039585 15 60000.0
	-37890.129279 16 60000.0
	-30069.2188234 17 60000.0
	-21841.3633422 18 60000.0
	-13166.3741825 19 60000.0
	-4004.72769543 20 60000.0
	5683.23541212 21 60000.0
	15939.6509003 22 60000.0
	26812.5055148 23 60000.0
	38360.0375832 24 60000.0
	50656.6986683 25 60000.0
	63801.9413612 26 60000.0
	77934.4712074 27 60000.0
	93257.7937999 28 60000.0
	110091.557197 29 60000.0
	128991.308747 30 60000.0
	151097.690848 31 60000.0
	179672.769412 32 60000.0
	-45343.6039585 15 110000.0
	-37890.129279 16 110000.0
	-30069.2188234 17 110000.0
	-21841.3633422 18 110000.0
	-13166.3741825 19 110000.0
	-4004.72769543 20 110000.0
	5683.23541212 21 110000.0
	15939.6509003 22 110000.0
	26812.5055148 23 110000.0
	38360.0375832 24 110000.0
	50656.6986683 25 110000.0
	63801.9413612 26 110000.0
	77934.4712074 27 110000.0
	93257.7937999 28 110000.0
	110091.557197 29 110000.0
	128991.308747 30 110000.0
	151097.690848 31 110000.0
	179672.769412 32 110000.0
	-45343.6039585 15 160000.0
	-37890.129279 16 160000.0
	-30069.2188234 17 160000.0
	-21841.3633422 18 160000.0
	-13166.3741825 19 160000.0
	-4004.72769543 20 160000.0
	5683.23541212 21 160000.0
	15939.6509003 22 160000.0
	26812.5055148 23 160000.0
	38360.0375832 24 160000.0
	50656.6986683 25 160000.0
	63801.9413612 26 160000.0
	77934.4712074 27 160000.0
	93257.7937999 28 160000.0
	110091.557197 29 160000.0
	128991.308747 30 160000.0
	151097.690848 31 160000.0
	179672.769412 32 160000.0
	-45343.6039585 15 210000.0
	-37890.129279 16 210000.0
	-30069.2188234 17 210000.0
	-21841.3633422 18 210000.0
	-13166.3741825 19 210000.0
	-4004.72769543 20 210000.0
	5683.23541212 21 210000.0
	15939.6509003 22 210000.0
	26812.5055148 23 210000.0
	38360.0375832 24 210000.0
	50656.6986683 25 210000.0
	63801.9413612 26 210000.0
	77934.4712074 27 210000.0
	93257.7937999 28 210000.0
	110091.557197 29 210000.0
	128991.308747 30 210000.0
	151097.690848 31 210000.0
	179672.769412 32 210000.0
	-45343.6039585 15 260000.0
	-37890.129279 16 260000.0
	-30069.2188234 17 260000.0
	-21841.3633422 18 260000.0
	-13166.3741825 19 260000.0
	-4004.72769543 20 260000.0
	5683.23541212 21 260000.0
	15939.6509003 22 260000.0
	26812.5055148 23 260000.0
	38360.0375832 24 260000.0
	50656.6986683 25 260000.0
	63801.9413612 26 260000.0
	77934.4712074 27 260000.0
	93257.7937999 28 260000.0
	110091.557197 29 260000.0
	128991.308747 30 260000.0
	151097.690848 31 260000.0
	179672.769412 32 260000.0
	-45343.6039585 15 310000.0
	-37890.129279 16 310000.0
	-30069.2188234 17 310000.0
	-21841.3633422 18 310000.0
	-13166.3741825 19 310000.0
	-4004.72769543 20 310000.0
	5683.23541212 21 310000.0
	15939.6509003 22 310000.0
	26812.5055148 23 310000.0
	38360.0375832 24 310000.0
	50656.6986683 25 310000.0
	63801.9413612 26 310000.0
	77934.4712074 27 310000.0
	93257.7937999 28 310000.0
	110091.557197 29 310000.0
	128991.308747 30 310000.0
	151097.690848 31 310000.0
	179672.769412 32 310000.0
	-45343.6039585 15 360000.0
	-37890.129279 16 360000.0
	-30069.2188234 17 360000.0
	-21841.3633422 18 360000.0
	-13166.3741825 19 360000.0
	-4004.72769543 20 360000.0
	5683.23541212 21 360000.0
	15939.6509003 22 360000.0
	26812.5055148 23 360000.0
	38360.0375832 24 360000.0
	50656.6986683 25 360000.0
	63801.9413612 26 360000.0
	77934.4712074 27 360000.0
	93257.7937999 28 360000.0
	110091.557197 29 360000.0
	128991.308747 30 360000.0
	151097.690848 31 360000.0
	179672.769412 32 360000.0
	-45343.6039585 15 410000.0
	-37890.129279 16 410000.0
	-30069.2188234 17 410000.0
	-21841.3633422 18 410000.0
	-13166.3741825 19 410000.0
	-4004.72769543 20 410000.0
	5683.23541212 21 410000.0
	15939.6509003 22 410000.0
	26812.5055148 23 410000.0
	38360.0375832 24 410000.0
	50656.6986683 25 410000.0
	63801.9413612 26 410000.0
	77934.4712074 27 410000.0
	93257.7937999 28 410000.0
	110091.557197 29 410000.0
	128991.308747 30 410000.0
	151097.690848 31 410000.0
	179672.769412 32 410000.0
	-45343.6039585 15 460000.0
	-37890.129279 16 460000.0
	-30069.2188234 17 460000.0
	-21841.3633422 18 460000.0
	-13166.3741825 19 460000.0
	-4004.72769543 20 460000.0
	5683.23541212 21 460000.0
	15939.6509003 22 460000.0
	26812.5055148 23 460000.0
	38360.0375832 24 460000.0
	50656.6986683 25 460000.0
	63801.9413612 26 460000.0
	77934.4712074 27 460000.0
	93257.7937999 28 460000.0
	110091.557197 29 460000.0
	128991.308747 30 460000.0
	151097.690848 31 460000.0
	179672.769412 32 460000.0
	-45343.6039585 15 510000.0
	-37890.129279 16 510000.0
	-30069.2188234 17 510000.0
	-21841.3633422 18 510000.0
	-13166.3741825 19 510000.0
	-4004.72769543 20 510000.0
	5683.23541212 21 510000.0
	15939.6509003 22 510000.0
	26812.5055148 23 510000.0
	38360.0375832 24 510000.0
	50656.6986683 25 510000.0
	63801.9413612 26 510000.0
	77934.4712074 27 510000.0
	93257.7937999 28 510000.0
	110091.557197 29 510000.0
	128991.308747 30 510000.0
	151097.690848 31 510000.0
	179672.769412 32 510000.0
