
	346786.508479 15 10000.0
	352010.38097 16 10000.0
	356947.062486 17 10000.0
	361539.303307 18 10000.0
	365727.312077 19 10000.0
	369450.033775 20 10000.0
	372644.750519 21 10000.0
	375245.165816 22 10000.0
	377178.044277 23 10000.0
	378358.188786 24 10000.0
	378681.045195 25 10000.0
	378011.354194 26 10000.0
	376164.499546 27 10000.0
	372873.067794 28 10000.0
	367720.014143 29 10000.0
	359984.150131 30 10000.0
	348195.446386 31 10000.0
	328221.157849 32 10000.0
	346786.508479 15 60000.0
	352010.38097 16 60000.0
	356947.062486 17 60000.0
	361539.303307 18 60000.0
	365727.312077 19 60000.0
	369450.033775 20 60000.0
	372644.750519 21 60000.0
	375245.165816 22 60000.0
	377178.044277 23 60000.0
	378358.188786 24 60000.0
	378681.045195 25 60000.0
	378011.354194 26 60000.0
	376164.499546 27 60000.0
	372873.067794 28 60000.0
	367720.014143 29 60000.0
	359984.150131 30 60000.0
	348195.446386 31 60000.0
	328221.157849 32 60000.0
	346786.508479 15 110000.0
	352010.38097 16 110000.0
	356947.062486 17 110000.0
	361539.303307 18 110000.0
	365727.312077 19 110000.0
	369450.033775 20 110000.0
	372644.750519 21 110000.0
	375245.165816 22 110000.0
	377178.044277 23 110000.0
	378358.188786 24 110000.0
	378681.045195 25 110000.0
	378011.354194 26 110000.0
	376164.499546 27 110000.0
	372873.067794 28 110000.0
	367720.014143 29 110000.0
	359984.150131 30 110000.0
	348195.446386 31 110000.0
	328221.157849 32 110000.0
	346786.508479 15 160000.0
	352010.38097 16 160000.0
	356947.062486 17 160000.0
	361539.303307 18 160000.0
	365727.312077 19 160000.0
	369450.033775 20 160000.0
	372644.750519 21 160000.0
	375245.165816 22 160000.0
	377178.044277 23 160000.0
	378358.188786 24 160000.0
	378681.045195 25 160000.0
	378011.354194 26 160000.0
	376164.499546 27 160000.0
	372873.067794 28 160000.0
	367720.014143 29 160000.0
	359984.150131 30 160000.0
	348195.446386 31 160000.0
	328221.157849 32 160000.0
	346786.508479 15 210000.0
	352010.38097 16 210000.0
	356947.062486 17 210000.0
	361539.303307 18 210000.0
	365727.312077 19 210000.0
	369450.033775 20 210000.0
	372644.750519 21 210000.0
	375245.165816 22 210000.0
	377178.044277 23 210000.0
	378358.188786 24 210000.0
	378681.045195 25 210000.0
	378011.354194 26 210000.0
	376164.499546 27 210000.0
	372873.067794 28 210000.0
	367720.014143 29 210000.0
	359984.150131 30 210000.0
	348195.446386 31 210000.0
	328221.157849 32 210000.0
	346786.508479 15 260000.0
	352010.38097 16 260000.0
	356947.062486 17 260000.0
	361539.303307 18 260000.0
	365727.312077 19 260000.0
	369450.033775 20 260000.0
	372644.750519 21 260000.0
	375245.165816 22 260000.0
	377178.044277 23 260000.0
	378358.188786 24 260000.0
	378681.045195 25 260000.0
	378011.354194 26 260000.0
	376164.499546 27 260000.0
	372873.067794 28 260000.0
	367720.014143 29 260000.0
	359984.150131 30 260000.0
	348195.446386 31 260000.0
	328221.157849 32 260000.0
	346786.508479 15 310000.0
	352010.38097 16 310000.0
	356947.062486 17 310000.0
	361539.303307 18 310000.0
	365727.312077 19 310000.0
	369450.033775 20 310000.0
	372644.750519 21 310000.0
	375245.165816 22 310000.0
	377178.044277 23 310000.0
	378358.188786 24 310000.0
	378681.045195 25 310000.0
	378011.354194 26 310000.0
	376164.499546 27 310000.0
	372873.067794 28 310000.0
	367720.014143 29 310000.0
	359984.150131 30 310000.0
	348195.446386 31 310000.0
	328221.157849 32 310000.0
	346786.508479 15 360000.0
	352010.38097 16 360000.0
	356947.062486 17 360000.0
	361539.303307 18 360000.0
	365727.312077 19 360000.0
	369450.033775 20 360000.0
	372644.750519 21 360000.0
	375245.165816 22 360000.0
	377178.044277 23 360000.0
	378358.188786 24 360000.0
	378681.045195 25 360000.0
	378011.354194 26 360000.0
	376164.499546 27 360000.0
	372873.067794 28 360000.0
	367720.014143 29 360000.0
	359984.150131 30 360000.0
	348195.446386 31 360000.0
	328221.157849 32 360000.0
	346786.508479 15 410000.0
	352010.38097 16 410000.0
	356947.062486 17 410000.0
	361539.303307 18 410000.0
	365727.312077 19 410000.0
	369450.033775 20 410000.0
	372644.750519 21 410000.0
	375245.165816 22 410000.0
	377178.044277 23 410000.0
	378358.188786 24 410000.0
	378681.045195 25 410000.0
	378011.354194 26 410000.0
	376164.499546 27 410000.0
	372873.067794 28 410000.0
	367720.014143 29 410000.0
	359984.150131 30 410000.0
	348195.446386 31 410000.0
	328221.157849 32 410000.0
	346786.508479 15 460000.0
	352010.38097 16 460000.0
	356947.062486 17 460000.0
	361539.303307 18 460000.0
	365727.312077 19 460000.0
	369450.033775 20 460000.0
	372644.750519 21 460000.0
	375245.165816 22 460000.0
	377178.044277 23 460000.0
	378358.188786 24 460000.0
	378681.045195 25 460000.0
	378011.354194 26 460000.0
	376164.499546 27 460000.0
	372873.067794 28 460000.0
	367720.014143 29 460000.0
	359984.150131 30 460000.0
	348195.446386 31 460000.0
	328221.157849 32 460000.0
	346786.508479 15 510000.0
	352010.38097 16 510000.0
	356947.062486 17 510000.0
	361539.303307 18 510000.0
	365727.312077 19 510000.0
	369450.033775 20 510000.0
	372644.750519 21 510000.0
	375245.165816 22 510000.0
	377178.044277 23 510000.0
	378358.188786 24 510000.0
	378681.045195 25 510000.0
	378011.354194 26 510000.0
	376164.499546 27 510000.0
	372873.067794 28 510000.0
	367720.014143 29 510000.0
	359984.150131 30 510000.0
	348195.446386 31 510000.0
	328221.157849 32 510000.0
