	7.02646064132e-07 15 10000.0
	7.57257185774e-07 16 10000.0
	8.1164952861e-07 17 10000.0
	8.66032994579e-07 18 10000.0
	9.20649975233e-07 19 10000.0
	9.7578682462e-07 20 10000.0
	1.03178810866e-06 21 10000.0
	1.08907509616e-06 22 10000.0
	1.14817151556e-06 23 10000.0
	1.20974166144e-06 24 10000.0
	1.27464955823e-06 25 10000.0
	1.34405515175e-06 26 10000.0
	1.4195793193e-06 27 10000.0
	1.50360723738e-06 28 10000.0
	1.59990108743e-06 29 10000.0
	1.71501409535e-06 30 10000.0
	1.8622907947e-06 31 10000.0
	2.07810386975e-06 32 10000.0
	7.02646064132e-07 15 60000.0
	7.57257185774e-07 16 60000.0
	8.1164952861e-07 17 60000.0
	8.66032994579e-07 18 60000.0
	9.20649975233e-07 19 60000.0
	9.7578682462e-07 20 60000.0
	1.03178810866e-06 21 60000.0
	1.08907509616e-06 22 60000.0
	1.14817151556e-06 23 60000.0
	1.20974166144e-06 24 60000.0
	1.27464955823e-06 25 60000.0
	1.34405515175e-06 26 60000.0
	1.4195793193e-06 27 60000.0
	1.50360723738e-06 28 60000.0
	1.59990108743e-06 29 60000.0
	1.71501409535e-06 30 60000.0
	1.8622907947e-06 31 60000.0
	2.07810386975e-06 32 60000.0
	7.02646064132e-07 15 110000.0
	7.57257185774e-07 16 110000.0
	8.1164952861e-07 17 110000.0
	8.66032994579e-07 18 110000.0
	9.20649975233e-07 19 110000.0
	9.7578682462e-07 20 110000.0
	1.03178810866e-06 21 110000.0
	1.08907509616e-06 22 110000.0
	1.14817151556e-06 23 110000.0
	1.20974166144e-06 24 110000.0
	1.27464955823e-06 25 110000.0
	1.34405515175e-06 26 110000.0
	1.4195793193e-06 27 110000.0
	1.50360723738e-06 28 110000.0
	1.59990108743e-06 29 110000.0
	1.71501409535e-06 30 110000.0
	1.8622907947e-06 31 110000.0
	2.07810386975e-06 32 110000.0
	7.02646064132e-07 15 160000.0
	7.57257185774e-07 16 160000.0
	8.1164952861e-07 17 160000.0
	8.66032994579e-07 18 160000.0
	9.20649975233e-07 19 160000.0
	9.7578682462e-07 20 160000.0
	1.03178810866e-06 21 160000.0
	1.08907509616e-06 22 160000.0
	1.14817151556e-06 23 160000.0
	1.20974166144e-06 24 160000.0
	1.27464955823e-06 25 160000.0
	1.34405515175e-06 26 160000.0
	1.4195793193e-06 27 160000.0
	1.50360723738e-06 28 160000.0
	1.59990108743e-06 29 160000.0
	1.71501409535e-06 30 160000.0
	1.8622907947e-06 31 160000.0
	2.07810386975e-06 32 160000.0
	7.02646064132e-07 15 210000.0
	7.57257185774e-07 16 210000.0
	8.1164952861e-07 17 210000.0
	8.66032994579e-07 18 210000.0
	9.20649975233e-07 19 210000.0
	9.7578682462e-07 20 210000.0
	1.03178810866e-06 21 210000.0
	1.08907509616e-06 22 210000.0
	1.14817151556e-06 23 210000.0
	1.20974166144e-06 24 210000.0
	1.27464955823e-06 25 210000.0
	1.34405515175e-06 26 210000.0
	1.4195793193e-06 27 210000.0
	1.50360723738e-06 28 210000.0
	1.59990108743e-06 29 210000.0
	1.71501409535e-06 30 210000.0
	1.8622907947e-06 31 210000.0
	2.07810386975e-06 32 210000.0
	7.02646064132e-07 15 260000.0
	7.57257185774e-07 16 260000.0
	8.1164952861e-07 17 260000.0
	8.66032994579e-07 18 260000.0
	9.20649975233e-07 19 260000.0
	9.7578682462e-07 20 260000.0
	1.03178810866e-06 21 260000.0
	1.08907509616e-06 22 260000.0
	1.14817151556e-06 23 260000.0
	1.20974166144e-06 24 260000.0
	1.27464955823e-06 25 260000.0
	1.34405515175e-06 26 260000.0
	1.4195793193e-06 27 260000.0
	1.50360723738e-06 28 260000.0
	1.59990108743e-06 29 260000.0
	1.71501409535e-06 30 260000.0
	1.8622907947e-06 31 260000.0
	2.07810386975e-06 32 260000.0
	7.02646064132e-07 15 310000.0
	7.57257185774e-07 16 310000.0
	8.1164952861e-07 17 310000.0
	8.66032994579e-07 18 310000.0
	9.20649975233e-07 19 310000.0
	9.7578682462e-07 20 310000.0
	1.03178810866e-06 21 310000.0
	1.08907509616e-06 22 310000.0
	1.14817151556e-06 23 310000.0
	1.20974166144e-06 24 310000.0
	1.27464955823e-06 25 310000.0
	1.34405515175e-06 26 310000.0
	1.4195793193e-06 27 310000.0
	1.50360723738e-06 28 310000.0
	1.59990108743e-06 29 310000.0
	1.71501409535e-06 30 310000.0
	1.8622907947e-06 31 310000.0
	2.07810386975e-06 32 310000.0
	7.02646064132e-07 15 360000.0
	7.57257185774e-07 16 360000.0
	8.1164952861e-07 17 360000.0
	8.66032994579e-07 18 360000.0
	9.20649975233e-07 19 360000.0
	9.7578682462e-07 20 360000.0
	1.03178810866e-06 21 360000.0
	1.08907509616e-06 22 360000.0
	1.14817151556e-06 23 360000.0
	1.20974166144e-06 24 360000.0
	1.27464955823e-06 25 360000.0
	1.34405515175e-06 26 360000.0
	1.4195793193e-06 27 360000.0
	1.50360723738e-06 28 360000.0
	1.59990108743e-06 29 360000.0
	1.71501409535e-06 30 360000.0
	1.8622907947e-06 31 360000.0
	2.07810386975e-06 32 360000.0
	7.02646064132e-07 15 410000.0
	7.57257185774e-07 16 410000.0
	8.1164952861e-07 17 410000.0
	8.66032994579e-07 18 410000.0
	9.20649975233e-07 19 410000.0
	9.7578682462e-07 20 410000.0
	1.03178810866e-06 21 410000.0
	1.08907509616e-06 22 410000.0
	1.14817151556e-06 23 410000.0
	1.20974166144e-06 24 410000.0
	1.27464955823e-06 25 410000.0
	1.34405515175e-06 26 410000.0
	1.4195793193e-06 27 410000.0
	1.50360723738e-06 28 410000.0
	1.59990108743e-06 29 410000.0
	1.71501409535e-06 30 410000.0
	1.8622907947e-06 31 410000.0
	2.07810386975e-06 32 410000.0
	7.02646064132e-07 15 460000.0
	7.57257185774e-07 16 460000.0
	8.1164952861e-07 17 460000.0
	8.66032994579e-07 18 460000.0
	9.20649975233e-07 19 460000.0
	9.7578682462e-07 20 460000.0
	1.03178810866e-06 21 460000.0
	1.08907509616e-06 22 460000.0
	1.14817151556e-06 23 460000.0
	1.20974166144e-06 24 460000.0
	1.27464955823e-06 25 460000.0
	1.34405515175e-06 26 460000.0
	1.4195793193e-06 27 460000.0
	1.50360723738e-06 28 460000.0
	1.59990108743e-06 29 460000.0
	1.71501409535e-06 30 460000.0
	1.8622907947e-06 31 460000.0
	2.07810386975e-06 32 460000.0
	7.02646064132e-07 15 510000.0
	7.57257185774e-07 16 510000.0
	8.1164952861e-07 17 510000.0
	8.66032994579e-07 18 510000.0
	9.20649975233e-07 19 510000.0
	9.7578682462e-07 20 510000.0
	1.03178810866e-06 21 510000.0
	1.08907509616e-06 22 510000.0
	1.14817151556e-06 23 510000.0
	1.20974166144e-06 24 510000.0
	1.27464955823e-06 25 510000.0
	1.34405515175e-06 26 510000.0
	1.4195793193e-06 27 510000.0
	1.50360723738e-06 28 510000.0
	1.59990108743e-06 29 510000.0
	1.71501409535e-06 30 510000.0
	1.8622907947e-06 31 510000.0
	2.07810386975e-06 32 510000.0
