
	317.963981825 15 10000.0
	339.410462211 17 10000.0
	359.546116814 19 10000.0
	378.502468318 21 10000.0
	396.470257706 23 10000.0
	413.605293257 25 10000.0
	430.024800749 27 10000.0
	445.817592205 29 10000.0
	461.052489087 31 10000.0
	475.783659269 33 10000.0
	1232.88524235 15 60000.0
	1191.19724297 17 60000.0
	349.276092657 19 60000.0
	370.762575262 21 60000.0
	390.403884057 23 60000.0
	408.7019906 25 60000.0
	425.975388237 27 60000.0
	442.425026169 29 60000.0
	458.183444246 31 60000.0
	473.342778196 33 60000.0
	1234.5564268 15 110000.0
	1193.24473371 17 110000.0
	1146.78981038 19 110000.0
	361.882817411 21 110000.0
	383.744353645 23 110000.0
	403.47297052 25 110000.0
	421.73952805 27 110000.0
	438.92293664 29 110000.0
	455.249601055 31 110000.0
	470.864206182 33 110000.0
	1236.22220836 15 160000.0
	1195.28165259 17 160000.0
	1149.21399007 19 160000.0
	1092.17686028 21 160000.0
	376.303869662 23 160000.0
	397.842614834 25 160000.0
	417.285270968 27 160000.0
	435.29769734 29 160000.0
	452.245434578 31 160000.0
	468.346118241 33 160000.0
	1237.88268718 15 210000.0
	1197.3082083 17 210000.0
	1151.62115342 19 210000.0
	1095.09072057 21 210000.0
	1025.87112913 23 210000.0
	391.707691035 25 210000.0
	412.571838027 27 210000.0
	431.532674305 29 210000.0
	449.164383788 31 210000.0
	465.786353962 33 210000.0
	1239.5379604 15 260000.0
	1199.3246031 17 260000.0
	1154.01168443 19 260000.0
	1097.97710479 21 260000.0
	1029.5052582 23 260000.0
	384.921475192 25 260000.0
	407.54613075 27 260000.0
	427.607347505 29 260000.0
	445.998617978 31 260000.0
	463.182357047 33 260000.0
	1241.18812234 15 310000.0
	1201.33103314 17 310000.0
	1156.3859539 19 310000.0
	1100.8367608 21 310000.0
	1033.0918128 23 310000.0
	377.263215196 25 310000.0
	402.137212405 27 310000.0
	423.496078734 29 310000.0
	442.738735011 31 310000.0
	460.531102002 33 310000.0
	1242.83326452 15 360000.0
	1203.3276886 17 360000.0
	1158.74431997 19 360000.0
	1103.67040581 21 360000.0
	1036.63245054 23 360000.0
	954.144979067 25 360000.0
	396.247069268 27 360000.0
	419.166331221 29 360000.0
	439.37336521 31 360000.0
	457.8290046 33 360000.0
	1244.47347578 15 410000.0
	1205.31475397 17 410000.0
	1161.08712868 19 410000.0
	1106.47872796 21 410000.0
	1040.12874281 23 410000.0
	958.799749832 25 410000.0
	389.733983701 27 410000.0
	414.57600442 29 410000.0
	435.888641645 31 410000.0
	455.071811516 33 410000.0
	1246.10884237 15 460000.0
	1207.29240826 17 460000.0
	1163.41471448 19 460000.0
	1109.2623879 21 460000.0
	1043.5821806 23 460000.0
	963.368507461 25 460000.0
	382.379604626 27 460000.0
	409.669270352 29 460000.0
	432.267476462 31 460000.0
	452.2544629 33 460000.0
	1247.73944805 15 510000.0
	1209.26082513 17 510000.0
	1165.72740071 19 510000.0
	1112.02202012 21 510000.0
	1046.9941798 23 510000.0
	967.85523295 25 510000.0
	866.324047607 27 510000.0
	404.369718363 29 510000.0
	428.488547282 31 510000.0
	449.370919268 33 510000.0
