
	10590.2320342 15 10000.0
	10496.9123218 17 10000.0
	10438.2435358 19 10000.0
	10405.2856375 21 10000.0
	10385.9304224 23 10000.0
	10373.3884568 25 10000.0
	10364.4286728 27 10000.0
	10357.5880229 29 10000.0
	10352.235622 31 10000.0
	10348.1582008 33 10000.0
	7291.38635343 15 60000.0
	8054.90580966 17 60000.0
	11364.6747466 19 60000.0
	11017.3776664 21 60000.0
	10834.8528915 23 60000.0
	10727.3633833 25 60000.0
	10656.5467794 27 60000.0
	10605.4688752 29 60000.0
	10566.2936574 31 60000.0
	10535.1936743 33 60000.0
	7283.27985537 15 110000.0
	8041.84324914 17 110000.0
	8998.23021486 19 110000.0
	11967.3966315 21 110000.0
	11447.9744451 23 110000.0
	11169.9319577 25 110000.0
	11000.4184624 27 110000.0
	10885.5190467 29 110000.0
	10801.3543804 31 110000.0
	10736.4897965 33 110000.0
	7275.24670415 15 160000.0
	8028.92424955 17 160000.0
	8979.02956645 19 160000.0
	10160.9334319 21 160000.0
	12306.1639287 23 160000.0
	11732.2115176 25 160000.0
	11409.6895941 27 160000.0
	11204.3080796 29 160000.0
	11060.8104412 31 160000.0
	10953.896309 33 160000.0
	7267.28566298 15 210000.0
	8016.14592278 17 210000.0
	8960.09867366 19 210000.0
	10131.3358872 21 210000.0
	11634.8994075 23 210000.0
	12462.1809166 25 210000.0
	11903.2530993 27 210000.0
	11570.2940148 29 210000.0
	11348.8078174 31 210000.0
	11189.5870412 33 210000.0
	7259.39552589 15 260000.0
	8003.50546511 17 260000.0
	8941.43077602 19 260000.0
	10102.2863918 21 260000.0
	11585.0878611 23 260000.0
	13438.6652209 25 260000.0
	12508.148741 27 260000.0
	11994.5723506 29 260000.0
	11670.4697798 31 260000.0
	11446.1341358 33 260000.0
	7251.5751167 15 310000.0
	7991.00015397 17 310000.0
	8923.01935518 19 310000.0
	10073.7672564 21 310000.0
	11536.5504214 23 310000.0
	14802.8065647 25 310000.0
	13264.7006601 27 310000.0
	12492.0223475 29 310000.0
	12032.2073543 31 310000.0
	11726.6038377 33 310000.0
	7243.82328812 15 360000.0
	7978.62734493 17 360000.0
	8904.85812363 19 360000.0
	10045.7615995 21 360000.0
	11489.2313241 23 360000.0
	13504.4606431 25 360000.0
	14236.2688462 27 360000.0
	13083.1261154 29 360000.0
	12442.1585876 31 360000.0
	12034.6816003 33 360000.0
	7236.13892079 15 410000.0
	7966.38446874 17 410000.0
	8886.94101415 19 410000.0
	10018.2533002 21 410000.0
	11443.0782299 23 410000.0
	13414.8148003 25 410000.0
	15529.4732019 27 410000.0
	13796.9822097 29 410000.0
	12910.8246658 31 410000.0
	12374.8376487 33 410000.0
	7228.52092241 15 460000.0
	7954.26902856 17 460000.0
	8869.26216977 19 460000.0
	9991.22695401 21 460000.0
	11398.0419552 23 460000.0
	13328.4396127 25 460000.0
	17341.4313141 27 460000.0
	14676.5648522 29 460000.0
	13452.0159327 31 460000.0
	12752.5492902 33 460000.0
	7220.96822691 15 510000.0
	7942.27859729 17 510000.0
	8851.81593432 19 510000.0
	9964.6678315 21 510000.0
	11354.0762292 23 510000.0
	13245.1343019 25 510000.0
	16346.4980171 27 510000.0
	15788.5127298 29 510000.0
	14084.3027343 31 510000.0
	13174.6042776 33 510000.0
