
	4336.84037229 15 10000.0
	4272.57186073 17 10000.0
	4235.5975208 19 10000.0
	4212.51774231 21 10000.0
	4196.68074202 23 10000.0
	4184.99677596 25 10000.0
	4175.95873699 27 10000.0
	4168.7562882 29 10000.0
	4162.9040422 31 10000.0
	4158.08301567 33 10000.0
	2028.95874609 15 60000.0
	2654.73061209 17 60000.0
	4992.27922486 19 60000.0
	4753.6072211 21 60000.0
	4613.83563894 23 60000.0
	4521.37135554 25 60000.0
	4454.92972071 27 60000.0
	4404.55577626 29 60000.0
	4365.0043328 31 60000.0
	4333.20202925 33 60000.0
	2019.99342974 15 110000.0
	2641.9982298 17 110000.0
	3446.82404824 19 110000.0
	5546.21236701 21 110000.0
	5156.49274553 23 110000.0
	4928.03736487 25 110000.0
	4776.60870628 27 110000.0
	4667.89786615 29 110000.0
	4585.68324952 31 110000.0
	4521.29663096 33 110000.0
	2011.12807065 15 160000.0
	2629.42318672 17 160000.0
	3427.89216017 19 160000.0
	4436.18245077 21 160000.0
	5893.17408461 23 160000.0
	5431.54781818 25 160000.0
	5152.78349626 27 160000.0
	4964.53837794 29 160000.0
	4827.95566068 31 160000.0
	4724.03252711 33 160000.0
	2002.36104939 15 210000.0
	2617.0024387 17 210000.0
	3409.23749421 19 210000.0
	4406.63415357 21 210000.0
	5739.98217715 23 210000.0
	6073.69980987 25 210000.0
	5600.01231605 27 210000.0
	5301.96320674 29 210000.0
	5095.53219621 31 210000.0
	4943.37709867 33 210000.0
	1993.69078167 15 260000.0
	2604.73302407 17 260000.0
	3390.85338055 19 260000.0
	4377.63322145 21 260000.0
	5690.19499989 23 260000.0
	6924.57513648 25 260000.0
	6142.33699084 27 260000.0
	5690.09324693 29 260000.0
	5393.03152677 31 260000.0
	5181.67027224 33 260000.0
	1985.11571738 15 310000.0
	2592.61206072 17 310000.0
	3372.73337869 19 310000.0
	4349.16254524 21 310000.0
	5641.66056643 23 310000.0
	8112.19408696 25 310000.0
	6816.12504199 27 310000.0
	6142.36905695 29 310000.0
	5726.27582625 31 310000.0
	5441.7162823 33 310000.0
	1976.63433957 15 360000.0
	2580.63674323 17 360000.0
	3354.87126696 19 360000.0
	4321.20578174 21 360000.0
	5594.32512805 23 360000.0
	7456.24747553 25 360000.0
	7679.32650901 27 360000.0
	6677.48105757 29 360000.0
	6102.71045942 31 360000.0
	5726.90389841 33 360000.0
	1968.2451635 15 410000.0
	2568.8043401 17 410000.0
	3337.26103269 19 410000.0
	4293.747309 21 410000.0
	5548.13821257 23 410000.0
	7367.07312631 25 410000.0
	8830.80858411 27 410000.0
	7322.2503588 29 410000.0
	6532.01405338 31 410000.0
	6041.36601443 33 410000.0
	1959.94673575 15 460000.0
	2557.1121912 17 460000.0
	3319.89686296 19 460000.0
	4266.77218465 21 460000.0
	5503.05236708 23 460000.0
	7281.09333283 25 460000.0
	10455.8349522 27 460000.0
	8116.68110443 29 460000.0
	7027.00910285 31 460000.0
	6390.1945611 33 460000.0
	1951.7376333 15 510000.0
	2545.55770523 17 510000.0
	3302.77313573 19 510000.0
	4240.26610733 21 510000.0
	5459.02292514 23 510000.0
	7198.11383646 25 510000.0
	10156.7333736 27 510000.0
	9123.40972197 29 510000.0
	7605.063452 31 510000.0
	6779.73459102 33 510000.0
