
	347329.709478 15 10000.0
	359986.190667 17 10000.0
	372539.138804 19 10000.0
	385032.0475 21 10000.0
	397493.244111 23 10000.0
	409936.860159 25 10000.0
	422369.567655 27 10000.0
	434794.676207 29 10000.0
	447214.13072 31 10000.0
	459629.467256 33 10000.0
	-45445.5656625 15 60000.0
	-30148.6404417 17 60000.0
	366776.429155 19 60000.0
	380146.296076 21 60000.0
	393186.593843 23 60000.0
	406057.363111 25 60000.0
	418830.640851 27 60000.0
	431540.603612 29 60000.0
	444205.034282 31 60000.0
	456834.515507 33 60000.0
	-45554.1584472 15 110000.0
	-30294.0987166 17 110000.0
	-13330.7765899 19 110000.0
	374516.131747 21 110000.0
	388454.781039 23 110000.0
	401914.266515 25 110000.0
	415117.857587 27 110000.0
	428166.309332 29 110000.0
	441109.703353 31 110000.0
	453975.905012 33 110000.0
	-45661.8415568 15 160000.0
	-30438.2751363 17 160000.0
	-13525.066203 19 160000.0
	5497.89268276 21 160000.0
	383174.802965 23 160000.0
	397452.477227 25 160000.0
	411203.851902 27 160000.0
	424657.140955 29 160000.0
	437919.83555 31 160000.0
	451048.721562 33 160000.0
	-45768.6247731 15 210000.0
	-30581.1862993 17 210000.0
	-13717.4724082 19 210000.0
	5235.98683825 21 210000.0
	26811.2819752 23 210000.0
	392596.716059 25 210000.0
	407054.029606 27 210000.0
	420995.533075 29 210000.0
	434625.85259 31 210000.0
	448047.457671 33 210000.0
	-45874.5177099 15 260000.0
	-30722.848455 17 260000.0
	-13908.025218 19 260000.0
	4977.03055928 21 260000.0
	26449.2047531 23 260000.0
	387239.435893 25 260000.0
	402623.618291 27 260000.0
	417160.143334 29 260000.0
	431216.614629 31 260000.0
	444965.90992 33 260000.0
	-45979.5298168 15 310000.0
	-30863.2775134 17 310000.0
	-14096.753863 19 310000.0
	4720.96369966 21 310000.0
	26092.2003284 23 310000.0
	381217.460888 25 310000.0
	397852.963497 27 310000.0
	413124.629648 29 310000.0
	427679.047472 31 310000.0
	441797.052647 33 310000.0
	-46083.6703833 15 360000.0
	-31002.4890562 17 360000.0
	-14283.6868202 19 360000.0
	4467.72812063 21 360000.0
	25740.1287278 23 360000.0
	50338.4696049 25 360000.0
	392659.600012 27 360000.0
	408855.868058 29 360000.0
	423997.647941 31 360000.0
	438532.88103 33 360000.0
	-46186.9485429 15 410000.0
	-31140.4983454 17 410000.0
	-14468.8518407 19 410000.0
	4217.26759712 21 410000.0
	25392.8562784 23 410000.0
	49830.2281466 25 410000.0
	386923.902478 27 410000.0
	404311.263245 29 410000.0
	420153.815037 31 410000.0
	435164.214031 33 410000.0
	-46289.3732762 15 460000.0
	-31277.3203336 17 460000.0
	-14652.2759755 19 460000.0
	3969.52772965 21 460000.0
	25050.2552147 23 460000.0
	49331.3684771 25 460000.0
	380460.534223 27 460000.0
	399434.515269 29 460000.0
	416124.925833 31 460000.0
	431680.444016 33 460000.0
	-46390.9534152 15 510000.0
	-31412.9696718 17 510000.0
	-14833.9856007 19 510000.0
	3724.45586135 21 510000.0
	24712.2033164 23 510000.0
	48841.5268841 25 510000.0
	77615.0612916 27 510000.0
	394148.601169 29 510000.0
	411883.026361 31 510000.0
	428069.214407 33 510000.0
