
	408119.122077 15 10000.0
	429201.372963 17 10000.0
	450131.01719 19 10000.0
	470971.437163 21 10000.0
	491761.096291 23 10000.0
	512519.624115 25 10000.0
	533257.001403 27 10000.0
	553978.734381 29 10000.0
	574688.336971 31 10000.0
	595388.521589 33 10000.0
	-44656.4901576 15 60000.0
	-29340.5395607 17 60000.0
	440191.119291 19 60000.0
	462533.431093 21 60000.0
	484367.966296 23 60000.0
	505921.824592 25 60000.0
	527301.433694 27 60000.0
	548560.985633 29 60000.0
	569731.162175 31 60000.0
	590831.504827 33 60000.0
	-44108.3848906 15 110000.0
	-28813.6258383 17 110000.0
	-11808.8554081 19 110000.0
	452977.30707 21 110000.0
	476333.296322 23 110000.0
	498925.726867 25 110000.0
	521083.837951 27 110000.0
	542963.210089 29 110000.0
	564646.151477 31 110000.0
	586181.380105 33 110000.0
	-43560.1497122 15 160000.0
	-28286.3709517 17 160000.0
	-11313.242564 19 160000.0
	7782.65824656 21 160000.0
	467471.496679 23 160000.0
	491448.585137 25 160000.0
	514563.479592 27 160000.0
	537163.906173 29 160000.0
	559421.369415 31 160000.0
	581431.279163 33 160000.0
	-43011.7884241 15 210000.0
	-27758.7826055 17 210000.0
	-10816.9016584 19 210000.0
	8231.57227082 21 210000.0
	29925.8599588 23 210000.0
	483377.218651 25 210000.0
	507688.804583 27 210000.0
	531137.26134 29 210000.0
	554043.022181 31 210000.0
	576573.487733 33 210000.0
	-42463.3047485 15 260000.0
	-27230.8683185 17 260000.0
	-10319.8491336 19 260000.0
	8681.96679749 21 260000.0
	30300.0237888 23 260000.0
	474549.818637 25 260000.0
	500393.030198 27 260000.0
	524851.875424 29 260000.0
	548495.042156 31 260000.0
	571599.299333 33 260000.0
	-41914.7023299 15 310000.0
	-26702.6354302 17 310000.0
	-9822.10096117 19 310000.0
	9133.80377548 21 310000.0
	30677.3005698 23 310000.0
	464720.795473 25 310000.0
	492587.120122 27 310000.0
	518268.955539 29 310000.0
	542758.546387 31 310000.0
	566498.835665 33 310000.0
	-41365.9847372 15 360000.0
	-26174.0911056 17 360000.0
	-9323.67265945 19 360000.0
	9587.04651236 21 360000.0
	31057.5899301 23 360000.0
	55914.6103506 25 360000.0
	484147.95349 27 360000.0
	511339.687925 29 360000.0
	536811.118966 31 360000.0
	561260.823828 33 360000.0
	-40817.1554657 15 410000.0
	-25645.2423412 17 410000.0
	-8824.57931092 19 410000.0
	10041.659609 21 410000.0
	31440.7962366 23 410000.0
	56168.8911656 25 410000.0
	474896.931795 27 410000.0
	504001.275922 29 410000.0
	530625.841989 31 410000.0
	555872.317067 33 410000.0
	-40268.2179393 15 460000.0
	-25116.0959699 17 460000.0
	-8324.83557846 19 460000.0
	10497.608898 21 460000.0
	31826.8282928 23 460000.0
	56429.9043293 25 460000.0
	464557.451058 27 460000.0
	496170.710566 29 460000.0
	524169.95851 31 460000.0
	550318.34059 33 460000.0
	-39719.1755115 15 510000.0
	-24586.6586658 17 510000.0
	-7824.45572088 19 510000.0
	10954.8613863 21 510000.0
	32215.5990605 23 510000.0
	56697.3595199 25 510000.0
	85965.0040539 27 510000.0
	487734.454355 29 510000.0
	517402.981213 31 510000.0
	544581.436505 33 510000.0
