
	0.0112758038521 15 10000.0
	0.0129235901353 17 10000.0
	0.0145914330609 19 10000.0
	0.0162661384481 21 10000.0
	0.0179346590369 23 10000.0
	0.0195847437811 25 10000.0
	0.0212057575487 27 10000.0
	0.0227894309117 29 10000.0
	0.0243303845581 31 10000.0
	0.0258263445482 33 10000.0
	0.0911777501283 15 60000.0
	0.0961968888995 17 60000.0
	0.0151761604062 19 60000.0
	0.0167790118363 21 60000.0
	0.0183934874521 23 60000.0
	0.0200006851927 25 60000.0
	0.0215865239462 27 60000.0
	0.023140678551 29 60000.0
	0.0246564299159 31 60000.0
	0.0261305779254 33 60000.0
	0.0912142777106 15 110000.0
	0.0962607642843 17 110000.0
	0.0995242165116 19 110000.0
	0.0173651546912 21 110000.0
	0.0188982887448 23 110000.0
	0.0204480008755 25 110000.0
	0.0219898720222 27 110000.0
	0.0235087966461 29 110000.0
	0.0249954375717 31 110000.0
	0.0264449944296 33 110000.0
	0.0912506897492 15 160000.0
	0.0963244287468 17 160000.0
	0.0996180406881 19 160000.0
	0.101116762349 21 160000.0
	0.0194671492575 23 160000.0
	0.0209350813465 25 160000.0
	0.0224202459698 27 160000.0
	0.0238963625477 29 160000.0
	0.0253490051742 31 160000.0
	0.0267706369732 33 160000.0
	0.0912869878006 15 210000.0
	0.0963878856368 17 210000.0
	0.0997114925272 19 210000.0
	0.101244910578 21 210000.0
	0.100975075488 23 210000.0
	0.0214744496878 25 210000.0
	0.0228835782409 27 210000.0
	0.0243065734872 29 210000.0
	0.0257190163088 31 210000.0
	0.0271086906181 33 210000.0
	0.0913231733913 15 260000.0
	0.0964511382256 17 260000.0
	0.0998045791135 19 260000.0
	0.101372390806 21 260000.0
	0.101145505591 23 260000.0
	0.0220860740037 25 260000.0
	0.0233880819913 27 260000.0
	0.0247434837144 29 260000.0
	0.0261077234527 31 260000.0
	0.0274605152137 33 260000.0
	0.0913592480185 15 310000.0
	0.0965141897082 17 310000.0
	0.0998973073293 19 310000.0
	0.10149921884 21 310000.0
	0.1013146629 23 310000.0
	0.0228046070994 25 310000.0
	0.0239456165188 27 310000.0
	0.0252123546832 29 310000.0
	0.026517857143 31 310000.0
	0.0278276843397 33 310000.0
	0.0913952131507 15 360000.0
	0.096577043206 17 360000.0
	0.0999896838629 19 360000.0
	0.101625409921 21 360000.0
	0.101482587021 23 360000.0
	0.099701549149 25 360000.0
	0.0245742158258 27 360000.0
	0.0257201988118 29 360000.0
	0.0269527769457 31 360000.0
	0.0282120348136 33 360000.0
	0.0914310702286 15 410000.0
	0.0966397017689 17 410000.0
	0.100081715216 19 410000.0
	0.101750978749 21 410000.0
	0.101649315682 23 410000.0
	0.0999174600819 25 410000.0
	0.0253031768865 27 410000.0
	0.0262766607327 29 410000.0
	0.0274166859094 31 410000.0
	0.028615730995 33 410000.0
	0.0914668206661 15 460000.0
	0.0967021683777 17 460000.0
	0.10017340771 19 460000.0
	0.101875939511 21 460000.0
	0.101814884844 23 460000.0
	0.100131038111 25 460000.0
	0.0261844786764 27 460000.0
	0.0268955172481 29 460000.0
	0.0279149433031 31 460000.0
	0.0290413496761 33 460000.0
	0.0915024658503 15 510000.0
	0.0967644459464 17 510000.0
	0.100264767493 19 510000.0
	0.102000305905 21 510000.0
	0.10197932882 23 510000.0
	0.100342368591 25 510000.0
	0.0967917942659 27 510000.0
	0.0275973869511 29 510000.0
	0.0284545341291 31 510000.0
	0.0294919939559 33 510000.0
