	7.06466304476e-07 15 10000.0
	8.27381647257e-07 17 10000.0
	9.42910221818e-07 19 10000.0
	1.05433953564e-06 21 10000.0
	1.16233166986e-06 23 10000.0
	1.26728052609e-06 25 10000.0
	1.36945853007e-06 27 10000.0
	1.46907783692e-06 29 10000.0
	1.56631676143e-06 31 10000.0
	1.66133176825e-06 33 10000.0
	2.23785259653e-05 15 60000.0
	1.81221110584e-05 17 60000.0
	9.23140999623e-07 19 60000.0
	1.0442509234e-06 21 60000.0
	1.15794689977e-06 23 60000.0
	1.26643455336e-06 25 60000.0
	1.37089143255e-06 27 60000.0
	1.472014417e-06 29 60000.0
	1.57025758726e-06 31 60000.0
	1.66594285812e-06 33 60000.0
	2.24586846224e-05 15 110000.0
	1.81881908002e-05 17 110000.0
	1.50859270677e-05 19 110000.0
	1.03414645714e-06 21 110000.0
	1.15399526719e-06 23 110000.0
	1.26614498027e-06 25 110000.0
	1.37288673442e-06 27 110000.0
	1.47547694191e-06 29 110000.0
	1.57467468402e-06 31 110000.0
	1.6709791457e-06 33 110000.0
	2.25388178886e-05 15 160000.0
	1.82542000446e-05 17 160000.0
	1.51434819625e-05 19 160000.0
	1.27540513454e-05 21 160000.0
	1.15059541965e-06 23 160000.0
	1.26652377965e-06 25 160000.0
	1.37553088983e-06 27 160000.0
	1.47952915287e-06 29 160000.0
	1.57961464467e-06 31 160000.0
	1.67647481742e-06 33 160000.0
	2.26189268748e-05 15 210000.0
	1.83201404753e-05 17 210000.0
	1.52009203528e-05 19 210000.0
	1.28068712634e-05 21 210000.0
	1.08791693131e-05 23 210000.0
	1.26772370723e-06 25 210000.0
	1.37893325469e-06 27 210000.0
	1.48424761209e-06 29 210000.0
	1.58513139021e-06 31 210000.0
	1.6824683517e-06 33 210000.0
	2.2699012668e-05 15 260000.0
	1.83860137348e-05 17 260000.0
	1.52582448671e-05 19 260000.0
	1.28595103676e-05 21 260000.0
	1.09304689825e-05 23 260000.0
	1.26996305071e-06 25 260000.0
	1.38323561113e-06 27 260000.0
	1.48972559876e-06 29 260000.0
	1.59128786106e-06 31 260000.0
	1.68900329007e-06 33 260000.0
	2.27790763321e-05 15 310000.0
	1.84518214265e-05 17 310000.0
	1.53154580588e-05 19 310000.0
	1.29119732001e-05 21 310000.0
	1.09814753791e-05 23 310000.0
	1.2735737793e-06 25 310000.0
	1.38862745832e-06 27 310000.0
	1.49607866504e-06 29 310000.0
	1.59815824276e-06 31 310000.0
	1.69612919473e-06 33 310000.0
	2.28591189084e-05 15 360000.0
	1.85175651159e-05 17 360000.0
	1.5372562409e-05 19 360000.0
	1.29642641411e-05 21 360000.0
	1.10321976646e-05 23 360000.0
	9.39687234466e-06 25 360000.0
	1.39537197091e-06 27 360000.0
	1.5034527981e-06 29 360000.0
	1.60583094536e-06 31 360000.0
	1.70390284998e-06 33 360000.0
	2.29391414165e-05 15 410000.0
	1.85832463315e-05 17 410000.0
	1.54295603296e-05 19 410000.0
	1.30163874175e-05 21 410000.0
	1.10826445708e-05 23 410000.0
	9.44945244533e-06 25 410000.0
	1.40385333156e-06 27 410000.0
	1.51203684056e-06 29 410000.0
	1.61441266941e-06 31 410000.0
	1.7123897866e-06 33 410000.0
	2.30191448546e-05 15 460000.0
	1.86488665661e-05 17 460000.0
	1.54864541657e-05 19 460000.0
	1.30683471102e-05 21 460000.0
	1.11328244274e-05 23 460000.0
	9.50153664916e-06 25 460000.0
	1.41467165707e-06 27 460000.0
	1.52208221153e-06 29 460000.0
	1.62403407908e-06 31 460000.0
	1.72166624007e-06 33 460000.0
	2.30991302002e-05 15 510000.0
	1.87144272783e-05 17 510000.0
	1.55432461983e-05 19 510000.0
	1.31201471607e-05 21 510000.0
	1.11827451869e-05 23 510000.0
	9.55314561985e-06 25 510000.0
	8.08011991672e-06 27 510000.0
	1.53393590403e-06 29 510000.0
	1.63485792131e-06 31 510000.0
	1.73182170107e-06 33 510000.0
