
	0.164502329805 15 10000.0
	0.144476972656 17 10000.0
	0.128879467902 19 10000.0
	0.116361077722 21 10000.0
	0.106080702686 23 10000.0
	0.097482263242 25 10000.0
	0.0901815441294 27 10000.0
	0.0839038387622 29 10000.0
	0.0784472427332 31 10000.0
	0.0736599120336 33 10000.0
	76.0383507401 15 60000.0
	74.2481556589 17 60000.0
	0.817275124208 19 60000.0
	0.728269043317 21 60000.0
	0.658029138908 23 60000.0
	0.600814334849 25 60000.0
	0.553144292828 27 60000.0
	0.512731192322 29 60000.0
	0.477988136871 31 60000.0
	0.447771254448 33 60000.0
	76.0838372607 15 110000.0
	74.3005843724 17 110000.0
	72.2770675078 19 110000.0
	1.40196727296 21 110000.0
	1.25172802072 23 110000.0
	1.13388665217 25 110000.0
	1.03806900688 27 110000.0
	0.958214022109 29 110000.0
	0.890425470948 31 110000.0
	0.8320381582 33 110000.0
	76.1291434861 15 160000.0
	74.3527528549 17 160000.0
	72.3384980523 19 160000.0
	70.0290666731 21 160000.0
	1.89805783539 23 160000.0
	1.70219813946 25 160000.0
	1.54799319208 27 160000.0
	1.42213670164 29 160000.0
	1.31685580345 31 160000.0
	1.22715801058 33 160000.0
	76.1742713098 15 210000.0
	74.4046645261 17 210000.0
	72.3995441292 19 210000.0
	70.1031583731 21 210000.0
	67.4248649752 23 210000.0
	2.31327205735 25 210000.0
	2.08675380898 27 210000.0
	1.90663432749 29 210000.0
	1.75854109353 31 210000.0
	1.63391026627 33 210000.0
	76.2192225894 15 260000.0
	74.4563227281 17 260000.0
	72.460212064 19 260000.0
	70.1766463128 21 260000.0
	67.5181039642 23 260000.0
	2.97788180315 25 260000.0
	2.6593184405 27 260000.0
	2.41429861842 29 260000.0
	2.21694650484 31 260000.0
	2.05317097808 33 260000.0
	76.2639991485 15 310000.0
	74.5077307289 17 310000.0
	72.5205080078 19 310000.0
	70.2495433041 21 310000.0
	67.6102993783 23 310000.0
	3.71242659398 25 310000.0
	3.27231498166 27 310000.0
	2.9483283798 29 310000.0
	2.69378997062 31 310000.0
	2.48593077419 33 310000.0
	76.3086027766 15 360000.0
	74.5588917241 17 360000.0
	72.5804379442 19 360000.0
	70.3218617115 21 360000.0
	67.7014812718 23 360000.0
	64.56078073 25 360000.0
	3.9349270843 27 360000.0
	3.51274962687 29 360000.0
	3.19110826683 31 360000.0
	2.9333173179 33 360000.0
	76.3530352308 15 410000.0
	74.6098088391 17 410000.0
	72.6400076958 19 410000.0
	70.3936134736 21 410000.0
	67.7916782957 23 410000.0
	64.6824099612 25 410000.0
	4.66051928853 27 410000.0
	4.1127490005 29 410000.0
	3.71134676634 31 410000.0
	3.39662367056 33 410000.0
	76.3972982364 15 460000.0
	74.6604851319 17 460000.0
	72.6992229301 19 460000.0
	70.4648101239 21 460000.0
	67.8809177875 23 460000.0
	64.8020957528 25 460000.0
	5.46987948323 27 460000.0
	4.75520045616 29 460000.0
	4.25748401944 31 460000.0
	3.87734453561 33 460000.0
	76.4413934874 15 510000.0
	74.7109235944 17 510000.0
	72.7580891652 19 510000.0
	70.5354628091 21 510000.0
	67.9692258536 23 510000.0
	64.9199166583 25 510000.0
	61.078262992 27 510000.0
	5.44954159881 29 510000.0
	4.83320904297 31 510000.0
	4.37722318582 33 510000.0
