
	28917.4819275 15 10000.0
	30236.965143 17 10000.0
	31400.981982 19 10000.0
	32443.9000219 21 10000.0
	33389.5494427 23 10000.0
	34254.9964112 25 10000.0
	35052.9858985 27 10000.0
	35793.3655919 29 10000.0
	36483.9435065 31 10000.0
	37131.0363016 33 10000.0
	-2501.12488066 15 60000.0
	-1543.62322616 17 60000.0
	23697.7604081 19 60000.0
	24816.0960988 21 60000.0
	25809.3844772 23 60000.0
	26708.0441762 25 60000.0
	27530.7775174 27 60000.0
	28290.3919918 29 60000.0
	28996.3405823 31 60000.0
	29655.951184 33 60000.0
	-2508.40894218 15 110000.0
	-1552.22709869 17 110000.0
	-607.52836543 19 110000.0
	22032.9837297 21 110000.0
	23095.7068929 23 110000.0
	24037.7636593 25 110000.0
	24890.5026547 27 110000.0
	25672.2900588 29 110000.0
	26395.3537866 31 110000.0
	27068.5699847 33 110000.0
	-2515.65820243 15 160000.0
	-1560.78303991 17 160000.0
	-617.837596224 19 160000.0
	336.77000982 21 160000.0
	21305.708173 23 160000.0
	22305.6622146 25 160000.0
	23195.2937735 27 160000.0
	24002.8824182 29 160000.0
	24745.1259006 31 160000.0
	25433.1943854 33 160000.0
	-2522.87304911 15 210000.0
	-1569.29167965 17 210000.0
	-628.077711714 19 210000.0
	324.165378511 21 210000.0
	1309.91668251 23 210000.0
	20976.8741284 25 210000.0
	21912.670654 27 210000.0
	22750.6129568 29 210000.0
	23514.5031644 31 210000.0
	24218.8613105 33 210000.0
	-2530.05386311 15 260000.0
	-1577.75363437 17 260000.0
	-638.249820635 19 260000.0
	311.666996629 21 260000.0
	1293.96498168 23 260000.0
	19862.3336773 25 260000.0
	20857.249064 27 260000.0
	21731.3683012 29 260000.0
	22519.885663 31 260000.0
	23242.2017779 33 260000.0
	-2537.20101869 15 310000.0
	-1586.16950756 17 310000.0
	-648.355002707 19 310000.0
	299.272688599 21 310000.0
	1278.19283992 23 310000.0
	18867.6604834 25 310000.0
	19940.7206178 27 310000.0
	20858.6458013 29 310000.0
	21675.4377432 31 310000.0
	22417.6626976 33 310000.0
	-2544.31488361 15 360000.0
	-1594.53989014 17 360000.0
	-658.39430971 19 360000.0
	286.980351647 21 360000.0
	1262.59528365 23 360000.0
	2297.74532347 25 360000.0
	19112.1564067 27 360000.0
	20084.1891549 29 360000.0
	20933.7878383 31 360000.0
	21698.2222648 33 360000.0
	-2551.39581932 15 410000.0
	-1602.86536078 17 410000.0
	-668.368766489 19 410000.0
	274.787952399 21 410000.0
	1247.16756366 23 410000.0
	2276.96722 25 410000.0
	18337.0060674 27 410000.0
	19377.6170577 29 410000.0
	20265.7577591 31 410000.0
	21055.140961 33 410000.0
	-2558.4441811 15 460000.0
	-1611.14648631 17 460000.0
	-678.279371925 19 460000.0
	262.693523689 21 460000.0
	1231.90514114 23 460000.0
	2256.51608643 25 460000.0
	17587.0880548 27 460000.0
	18717.7264757 29 460000.0
	19651.8306091 31 460000.0
	20469.4604206 33 460000.0
	-2565.46031819 15 510000.0
	-1619.38382203 17 510000.0
	-688.127099858 19 510000.0
	250.69516155 21 510000.0
	1216.80367474 23 510000.0
	2236.37919032 25 510000.0
	3361.10468334 27 510000.0
	18088.0695768 29 510000.0
	19078.0115103 31 510000.0
	19927.9094091 33 510000.0
