
	470.9140589823921 32.941 100000.0
	493.12227403332855 35.941 100000.0
	514.1843638577205 38.941 100000.0
	534.2275972213538 41.941 100000.0
	553.326996292887 44.941 100000.0
	571.522103697752 47.941 100000.0
	588.829642659196 50.941 100000.0
	605.2543479787435 53.941 100000.0
	620.7983812217207 56.941 100000.0
	635.4690683188577 59.941 100000.0
	649.2845405805982 62.941 100000.0
	662.2769775857976 65.941 100000.0
	455.08899842279004 32.941 400000.0
	481.13127151777877 35.941 400000.0
	504.96141512048706 38.941 400000.0
	527.1035880796367 41.941 400000.0
	547.8438469555274 44.941 400000.0
	567.347701943662 47.941 400000.0
	585.7135170945719 50.941 400000.0
	603.0022163349427 53.941 400000.0
	619.2564496630214 56.941 400000.0
	634.5138082636937 59.941 400000.0
	648.8157374520816 62.941 400000.0
	662.2128204608492 65.941 400000.0
	436.97555701097724 32.941 700000.0
	468.6413785172521 35.941 700000.0
	495.8867720488319 38.941 700000.0
	520.3764303116507 41.941 700000.0
	542.8449734304305 44.941 700000.0
	563.6744955862871 47.941 700000.0
	583.0837618379181 50.941 700000.0
	601.2077765111095 53.941 700000.0
	618.1383393425502 56.941 700000.0
	633.9475924245629 59.941 700000.0
	648.7023988113435 62.941 700000.0
	662.472722474548 65.941 700000.0
	413.96898514099865 32.941 1000000.0
	455.61058249133856 35.941 1000000.0
	487.2522145405117 38.941 1000000.0
	514.3432780812641 41.941 1000000.0
	538.5778063916597 44.941 1000000.0
	560.6990252465447 47.941 1000000.0
	581.0950494437925 50.941 1000000.0
	599.9931699282515 53.941 1000000.0
	617.5412981917043 56.941 1000000.0
	633.848625621011 59.941 1000000.0
	649.0080776012913 62.941 1000000.0
	663.1088689967836 65.941 1000000.0
	431.45390004647794 32.941 1300000.0
	442.00329212374595 35.941 1300000.0
	479.51230685999633 38.941 1300000.0
	509.389139877575 41.941 1300000.0
	535.32900720471 44.941 1300000.0
	558.6320827359297 47.941 1300000.0
	579.9040957585705 50.941 1300000.0
	599.4768562568376 53.941 1300000.0
	617.5564334359489 56.941 1300000.0
	634.288152942426 59.941 1300000.0
	649.789357944525 62.941 1300000.0
	664.1668492286984 65.941 1300000.0
	623.6518710768031 32.941 1600000.0
	429.9993065822775 35.941 1600000.0
	473.6336195941467 38.941 1600000.0
	506.0713186130246 41.941 1600000.0
	533.4463063916803 44.941 1600000.0
	557.70357024121 47.941 1600000.0
	579.6698733997948 50.941 1600000.0
	599.7727810020406 53.941 1600000.0
	618.2678707196358 56.941 1600000.0
	635.3298583085118 59.941 1600000.0
	651.0955026475135 62.941 1600000.0
	665.6855010276885 65.941 1600000.0
