
	10696.516419798245 32.941 100000.0
	10630.948707116791 35.941 100000.0
	10584.245167924919 38.941 100000.0
	10553.207802932147 41.941 100000.0
	10537.081717304925 44.941 100000.0
	10536.435174259825 47.941 100000.0
	10552.536288973557 50.941 100000.0
	10586.93112955073 53.941 100000.0
	10641.13567134482 56.941 100000.0
	10716.412004063155 59.941 100000.0
	10813.614448497823 62.941 100000.0
	10933.09505034822 65.941 100000.0
	12316.142317545466 32.941 400000.0
	11834.39029901479 35.941 400000.0
	11529.095528615644 38.941 400000.0
	11321.052107986785 41.941 400000.0
	11176.053562577834 44.941 400000.0
	11077.601107394965 47.941 400000.0
	11017.242209178183 50.941 400000.0
	10990.514873034692 53.941 400000.0
	10994.98921049784 56.941 400000.0
	11029.21495089635 59.941 400000.0
	11092.115669138248 62.941 400000.0
	11182.630754566064 65.941 400000.0
	15417.004626239803 32.941 700000.0
	13669.817347287846 35.941 700000.0
	12795.458544956588 38.941 700000.0
	12270.438535864156 41.941 700000.0
	11924.875334258453 44.941 700000.0
	11688.556230839265 47.941 700000.0
	11527.889404495287 50.941 700000.0
	11425.146297736284 53.941 700000.0
	11370.234753230938 56.941 700000.0
	11356.960825653528 59.941 700000.0
	11381.147475214282 62.941 700000.0
	11439.618269167731 65.941 700000.0
	24071.10663264308 32.941 1000000.0
	16853.20979536144 35.941 1000000.0
	14592.538541094746 38.941 1000000.0
	13476.768928899583 41.941 1000000.0
	12813.73671991692 44.941 1000000.0
	12381.902782031417 47.941 1000000.0
	12089.62138076495 50.941 1000000.0
	11892.642981542178 53.941 1000000.0
	11767.178746934209 56.941 1000000.0
	11699.282510304232 59.941 1000000.0
	11680.067567980292 62.941 1000000.0
	11703.331602561891 65.941 1000000.0
	225252.40392637055 32.941 1300000.0
	23661.58504254599 35.941 1300000.0
	17324.635401922318 38.941 1300000.0
	15053.117330746463 41.941 1300000.0
	13880.918771444636 44.941 1300000.0
	13171.585145141502 47.941 1300000.0
	12707.35171081172 50.941 1300000.0
	12394.324497280199 53.941 1300000.0
	12185.683539591706 56.941 1300000.0
	12055.480125320883 59.941 1300000.0
	11988.001272481293 62.941 1300000.0
	11972.888967927835 65.941 1300000.0
	34563.062434398176 32.941 1600000.0
	44507.90053246759 35.941 1600000.0
	21795.794720743546 38.941 1600000.0
	17161.715301355387 41.941 1600000.0
	15171.498708380575 44.941 1600000.0
	14071.543437151638 47.941 1600000.0
	13385.05101807607 50.941 1600000.0
	12930.681428681972 53.941 1600000.0
	12625.025934533314 56.941 1600000.0
	12424.468219371893 59.941 1600000.0
	12303.828491812304 62.941 1600000.0
	12247.256444126973 65.941 1600000.0
