
	4484.079600992136 32.941 100000.0
	4417.61045817383 35.941 100000.0
	4367.81697284152 38.941 100000.0
	4329.500933530518 41.941 100000.0
	4299.392734926424 44.941 100000.0
	4275.321655691991 47.941 100000.0
	4255.791011880604 50.941 100000.0
	4239.7390545791395 53.941 100000.0
	4226.395185999399 56.941 100000.0
	4215.189299951572 59.941 100000.0
	4205.6925594065315 62.941 100000.0
	4197.577619859538 65.941 100000.0
	5987.171248017907 32.941 400000.0
	5534.956565717662 35.941 400000.0
	5241.899604706857 38.941 400000.0
	5036.537935640554 41.941 400000.0
	4885.172137501428 44.941 400000.0
	4769.575948047112 47.941 400000.0
	4678.919037637015 50.941 400000.0
	4606.319228174028 53.941 400000.0
	4547.180510720453 56.941 400000.0
	4498.314295171799 59.941 400000.0
	4457.440408118309 62.941 400000.0
	4422.887420988205 65.941 400000.0
	8850.873405726 32.941 700000.0
	7243.341380251487 35.941 700000.0
	6423.225773231572 38.941 700000.0
	5920.810190916153 41.941 700000.0
	5580.38965340906 44.941 700000.0
	5334.7057148648155 47.941 700000.0
	5149.577872556441 50.941 700000.0
	5005.620023399004 53.941 700000.0
	4890.941784862721 56.941 700000.0
	4797.8142495886705 59.941 700000.0
	4720.984700444587 62.941 700000.0
	4656.755449790052 65.941 700000.0
	16980.539231988645 32.941 1000000.0
	10223.880126150063 35.941 1000000.0
	8110.761456217575 38.941 1000000.0
	7054.1445014854935 41.941 1000000.0
	6413.825785595179 44.941 1000000.0
	5982.694675383167 47.941 1000000.0
	5672.60665826365 50.941 1000000.0
	5439.288713691702 53.941 1000000.0
	5257.876605786075 56.941 1000000.0
	5113.243826941041 59.941 1000000.0
	4995.621846239133 62.941 1000000.0
	4898.404949452454 65.941 1000000.0
	217583.20055330102 32.941 1300000.0
	16693.648319494252 35.941 1300000.0
	10695.86717392352 38.941 1300000.0
	8545.725735591539 41.941 1300000.0
	7422.349048770638 44.941 1300000.0
	6726.891748844235 47.941 1300000.0
	6252.628632910284 50.941 1300000.0
	5908.480323110019 53.941 1300000.0
	5647.739819697734 56.941 1300000.0
	5443.824418117132 59.941 1300000.0
	5280.414816162269 62.941 1300000.0
	5146.902335171602 65.941 1300000.0
	27875.043235089153 32.941 1600000.0
	37000.17872986947 35.941 1600000.0
	14971.55101342761 38.941 1600000.0
	10554.898609501128 41.941 1600000.0
	8650.03447343292 44.941 1600000.0
	7580.806431340715 47.941 1600000.0
	6893.390158746703 50.941 1600000.0
	6413.54676358073 53.941 1600000.0
	6059.710151137006 56.941 1600000.0
	5788.394645095529 59.941 1600000.0
	5574.181461857469 62.941 1600000.0
	5401.161403439298 65.941 1600000.0
