
	586488.12217171 32.941 100000.0
	618473.9010004686 35.941 100000.0
	650292.5251424004 38.941 100000.0
	681994.9615913411 41.941 100000.0
	713626.6407644376 44.941 100000.0
	745232.9088116689 47.941 100000.0
	776861.9906277489 50.941 100000.0
	808566.4216020394 53.941 100000.0
	840403.3958449151 56.941 100000.0
	872434.3212483954 59.941 100000.0
	904723.8109215777 62.941 100000.0
	937338.3044861272 65.941 100000.0
	556236.4509414717 32.941 400000.0
	592401.2647736925 35.941 400000.0
	627415.4297709841 38.941 400000.0
	661671.7831464718 41.941 400000.0
	695404.2519485663 44.941 400000.0
	728774.40092802 47.941 400000.0
	761907.8263669461 50.941 400000.0
	794911.4212426029 53.941 400000.0
	827882.0862644861 56.941 400000.0
	860911.0963760751 59.941 400000.0
	894086.0509969703 62.941 400000.0
	927491.4115042348 65.941 400000.0
	519790.13020382274 32.941 700000.0
	563067.2643336252 35.941 700000.0
	602640.3764232041 38.941 700000.0
	640180.2875529547 41.941 700000.0
	676439.6356749763 44.941 700000.0
	711837.6899928087 47.941 700000.0
	746646.1372972534 50.941 700000.0
	781062.7109279042 53.941 700000.0
	815244.7232745104 56.941 700000.0
	849325.6929749387 59.941 700000.0
	883423.9171036863 62.941 700000.0
	917646.8485734072 65.941 700000.0
	469928.8282015359 32.941 1000000.0
	528657.4622059447 35.941 1000000.0
	575359.1447448651 38.941 1000000.0
	617300.9353707997 41.941 1000000.0
	656660.5685440516 44.941 1000000.0
	694410.8788616686 47.941 1000000.0
	731090.1237544969 50.941 1000000.0
	767043.2811000943 53.941 1000000.0
	802517.1876544879 56.941 1000000.0
	837703.761447571 59.941 1000000.0
	872761.4785680467 62.941 1000000.0
	907826.6005010211 65.941 1000000.0
	250653.528909708 32.941 1300000.0
	485150.36533231323 35.941 1300000.0
	544616.6150739507 38.941 1300000.0
	592749.0361765516 41.941 1300000.0
	635987.4297024875 44.941 1300000.0
	676486.48323416 47.941 1300000.0
	715258.4883546163 50.941 1300000.0
	752880.3847819901 53.941 1300000.0
	789728.1770677328 56.941 1300000.0
	826072.6021994192 59.941 1300000.0
	862123.6125358696 62.941 1300000.0
	898052.8836295179 65.941 1300000.0
	206133.83686317963 32.941 1600000.0
	421234.22603657393 35.941 1600000.0
	508909.38726386055 38.941 1600000.0
	566177.3669785729 41.941 1600000.0
	614343.1390202813 44.941 1600000.0
	658066.8246788492 47.941 1600000.0
	699177.7864211196 50.941 1600000.0
	738606.3841125075 53.941 1600000.0
	776909.3787239643 56.941 1600000.0
	814461.064054773 59.941 1600000.0
	851535.8117516104 62.941 1600000.0
	888347.9433429675 65.941 1600000.0
