
	0.026338894316767923 32.941 100000.0
	0.028450421488077197 35.941 100000.0
	0.03048454295024833 38.941 100000.0
	0.032460772781647114 41.941 100000.0
	0.03440371281218541 44.941 100000.0
	0.036338931727058765 47.941 100000.0
	0.038290256172225104 50.941 100000.0
	0.040278387234699634 53.941 100000.0
	0.042320063752586935 56.941 100000.0
	0.044428483221776 59.941 100000.0
	0.04661353242589529 62.941 100000.0
	0.04888223007971851 65.941 100000.0
	0.028497251481212266 32.941 400000.0
	0.030337146689473415 35.941 400000.0
	0.03216838214918787 38.941 400000.0
	0.03398491809325041 41.941 400000.0
	0.035797648246702084 44.941 400000.0
	0.037623763689402304 47.941 400000.0
	0.03948202560425887 50.941 400000.0
	0.04139141317736575 53.941 400000.0
	0.04336407155912936 56.941 400000.0
	0.04541141779411688 59.941 400000.0
	0.04754198234568469 62.941 400000.0
	0.049761729590255946 65.941 400000.0
	0.031492933821448965 32.941 700000.0
	0.032702688704484756 35.941 700000.0
	0.034164227156272514 38.941 700000.0
	0.03572782273283855 41.941 700000.0
	0.037352342592566645 44.941 700000.0
	0.03903027511550322 47.941 700000.0
	0.04076787453012546 50.941 700000.0
	0.042581056862076944 53.941 700000.0
	0.04447161138293137 56.941 700000.0
	0.04644786387813455 59.941 700000.0
	0.048516128627844664 62.941 700000.0
	0.05068073317383493 65.941 700000.0
	0.036920098372068805 32.941 1000000.0
	0.03594774773102692 35.941 1000000.0
	0.03663470908554306 38.941 1000000.0
	0.03777134989372147 41.941 1000000.0
	0.039114573331537825 44.941 1000000.0
	0.04058741565230944 47.941 1000000.0
	0.04216675922998574 50.941 1000000.0
	0.043861070488055084 53.941 1000000.0
	0.04565305695974652 56.941 1000000.0
	0.04754590406971668 59.941 1000000.0
	0.049542441547395975 62.941 1000000.0
	0.051644539734728975 65.941 1000000.0
	0.0903870994441818 32.941 1300000.0
	0.04116062581416959 35.941 1300000.0
	0.03986120521612857 38.941 1300000.0
	0.04022835545751057 41.941 1300000.0
	0.04114034354754623 44.941 1300000.0
	0.042326567348937465 47.941 1300000.0
	0.04369770196802314 50.941 1300000.0
	0.04524457743076289 53.941 1300000.0
	0.046917925423689 56.941 1300000.0
	0.04871272668770438 59.941 1300000.0
	0.05062653599802077 62.941 1300000.0
	0.05265765970101895 65.941 1300000.0
	0.0852360667072091 32.941 1600000.0
	0.052423026496695946 35.941 1600000.0
	0.044363787247389395 38.941 1600000.0
	0.04325452790894152 41.941 1600000.0
	0.04349498366359638 44.941 1600000.0
	0.04428039190715228 47.941 1600000.0
	0.04537881266694345 50.941 1600000.0
	0.04674338189463488 53.941 1600000.0
	0.048274407770283544 56.941 1600000.0
	0.04995430895365269 59.941 1600000.0
	0.05177295764432574 62.941 1600000.0
	0.0537236704850578 65.941 1600000.0
