
	0.7557867246450709 32.941 100000.0
	0.6888674012638253 35.941 100000.0
	0.6331726503365185 38.941 100000.0
	0.5860305624858256 41.941 100000.0
	0.5455708070421583 44.941 100000.0
	0.5104405152982622 47.941 100000.0
	0.47963449164868205 50.941 100000.0
	0.452388888586481 53.941 100000.0
	0.42811204232636757 56.941 100000.0
	0.40633802659695506 59.941 100000.0
	0.38669460406414724 62.941 100000.0
	0.36888058654522315 65.941 100000.0
	3.3106686844033786 32.941 400000.0
	2.9526590401796007 35.941 400000.0
	2.673339593655414 38.941 400000.0
	2.447349663427453 41.941 400000.0
	2.259717238807952 44.941 400000.0
	2.1008527172307945 47.941 400000.0
	1.9642523781788217 50.941 400000.0
	1.8453124170643116 53.941 400000.0
	1.7406628533981277 56.941 400000.0
	1.647769115585265 59.941 400000.0
	1.5646816961450274 62.941 400000.0
	1.489872450925913 65.941 400000.0
	6.515043460059148 32.941 700000.0
	5.606389446915262 35.941 700000.0
	4.970199767092128 38.941 700000.0
	4.487248045644006 41.941 700000.0
	4.102819013548454 44.941 700000.0
	3.7869238458693353 47.941 700000.0
	3.5212763181692215 50.941 700000.0
	3.293896311741707 53.941 700000.0
	3.0965161142800186 56.941 700000.0
	2.9231991037490666 59.941 700000.0
	2.7695464585103675 62.941 700000.0
	2.632214360416 65.941 700000.0
	11.101948183163948 32.941 1000000.0
	8.860221666422737 35.941 1000000.0
	7.606750990957064 38.941 1000000.0
	6.743390486861922 41.941 1000000.0
	6.093209183786074 44.941 1000000.0
	5.577832043210003 47.941 1000000.0
	5.155252368048253 50.941 1000000.0
	4.800243828339503 53.941 1000000.0
	4.4964578570370985 56.941 1000000.0
	4.232701064252895 59.941 1000000.0
	4.000983419767322 62.941 1000000.0
	3.795411033252061 65.941 1000000.0
	39.134584860345015 32.941 1300000.0
	13.199174401068909 35.941 1300000.0
	10.715841916317299 38.941 1300000.0
	9.265022228515088 41.941 1300000.0
	8.251611303457748 44.941 1300000.0
	7.482679326858253 47.941 1300000.0
	6.870042664752184 50.941 1300000.0
	6.365715207604742 53.941 1300000.0
	5.940624703159846 56.941 1300000.0
	5.575819732647272 59.941 1300000.0
	5.258269254125597 62.941 1300000.0
	4.978640227773436 65.941 1300000.0
	48.65944552026181 32.941 1600000.0
	20.178164279454787 35.941 1600000.0
	14.524577446815632 38.941 1600000.0
	12.116826531502397 41.941 1600000.0
	10.600867875896475 44.941 1600000.0
	9.509975917517375 47.941 1600000.0
	8.668486918381381 50.941 1600000.0
	7.9907419226948715 53.941 1600000.0
	7.428411883696111 56.941 1600000.0
	6.951532015127472 59.941 1600000.0
	6.540251329854805 62.941 1600000.0
	6.180755593391023 65.941 1600000.0
