
	473.934167302 33.25 100000.0
	488.684513792 35.25 100000.0
	502.953925428 37.25 100000.0
	516.792772054 39.25 100000.0
	469.519335917 33.25 200000.0
	484.938085808 35.25 200000.0
	499.761487544 37.25 200000.0
	514.070833971 39.25 200000.0
	464.823700591 33.25 300000.0
	481.015113451 35.25 300000.0
	496.455262141 37.25 300000.0
	511.275074567 39.25 300000.0
	459.828033403 33.25 400000.0
	476.921170388 35.25 400000.0
	493.049404127 37.25 400000.0
	508.421797125 39.25 400000.0
	454.500147285 33.25 500000.0
	472.65870555 35.25 500000.0
	489.557770065 37.25 500000.0
	505.527698907 39.25 500000.0
	448.789548818 33.25 600000.0
	468.226218162 35.25 600000.0
	485.99395884 37.25 600000.0
	502.610023671 39.25 600000.0
	442.618967308 33.25 700000.0
	463.617198231 35.25 700000.0
	482.371402946 37.25 700000.0
	499.686754879 39.25 700000.0
	435.870108279 33.25 800000.0
	458.818842683 35.25 800000.0
	478.703591514 37.25 800000.0
	496.776886275 39.25 800000.0
	428.35758722 33.25 900000.0
	453.810653636 35.25 900000.0
	475.004573401 37.25 900000.0
	493.900826843 39.25 900000.0
	419.775344618 33.25 1000000.0
	448.563312533 35.25 1000000.0
	471.29001296 37.25 1000000.0
	491.081028283 39.25 1000000.0
	409.566458859 33.25 1100000.0
	443.039109045 35.25 1100000.0
	467.579307241 37.25 1100000.0
	488.342970566 39.25 1100000.0
	396.509971656 33.25 1200000.0
	437.198144495 35.25 1200000.0
	463.899738847 37.25 1200000.0
	485.716713362 39.25 1200000.0
