
	10678.775976 33.25 100000.0
	10643.3860775 35.25 100000.0
	10611.5023045 37.25 100000.0
	10582.695069 39.25 100000.0
	11108.7959208 33.25 200000.0
	11018.0667792 35.25 200000.0
	10941.9094601 37.25 200000.0
	10876.2322359 39.25 200000.0
	11619.3666436 33.25 300000.0
	11444.7569812 35.25 300000.0
	11307.5942855 37.25 300000.0
	11194.6644032 39.25 300000.0
	12236.4233892 33.25 400000.0
	11936.3616805 35.25 400000.0
	11715.3749047 37.25 400000.0
	11541.7491498 39.25 400000.0
	12997.7494766 33.25 500000.0
	12510.1971498 35.25 500000.0
	12173.8625222 37.25 500000.0
	11922.0146261 39.25 500000.0
	13960.6761593 33.25 600000.0
	13190.0205932 35.25 600000.0
	12694.0702281 37.25 600000.0
	12340.956315 39.25 600000.0
	15216.8305285 33.25 700000.0
	14009.2902682 35.25 700000.0
	13290.2789797 37.25 700000.0
	12805.2925709 39.25 700000.0
	16922.9886725 33.25 800000.0
	15016.6237341 35.25 800000.0
	13981.2917915 37.25 800000.0
	13323.2976168 39.25 800000.0
	19373.6421883 33.25 900000.0
	16285.3973074 35.25 900000.0
	14792.2855785 37.25 900000.0
	13905.2361282 39.25 900000.0
	23202.1915632 33.25 1000000.0
	17931.6554498 35.25 1000000.0
	15757.6010373 37.25 1000000.0
	14563.9293773 39.25 1000000.0
	30099.3850579 33.25 1100000.0
	20150.005183 35.25 1100000.0
	16925.0297824 37.25 1100000.0
	15315.4871719 39.25 1100000.0
	46897.3457852 33.25 1200000.0
	23292.1538164 35.25 1200000.0
	18362.5143148 37.25 1200000.0
	16180.2368925 39.25 1200000.0
