
	4483.40164304 33.25 100000.0
	4438.66819376 35.25 100000.0
	4401.06629467 37.25 100000.0
	4369.22349696 39.25 100000.0
	4899.39734622 33.25 200000.0
	4793.51731207 35.25 200000.0
	4707.5367066 37.25 200000.0
	4636.48204171 39.25 200000.0
	5388.44899113 33.25 300000.0
	5197.63516076 35.25 300000.0
	5048.7118103 37.25 300000.0
	4929.01949972 39.25 300000.0
	5973.60378246 33.25 400000.0
	5662.61882119 35.25 400000.0
	5430.78948288 37.25 400000.0
	5250.2900469 39.25 400000.0
	6688.98289753 33.25 500000.0
	6204.20007357 35.25 500000.0
	5861.65042753 37.25 500000.0
	5604.47017222 39.25 500000.0
	7587.21603915 33.25 600000.0
	6844.21632261 35.25 600000.0
	6351.45199484 37.25 600000.0
	5996.65095392 39.25 600000.0
	8753.78548373 33.25 700000.0
	7613.79884795 35.25 700000.0
	6913.47948642 37.25 700000.0
	6433.09016596 39.25 700000.0
	10337.2222525 33.25 800000.0
	8558.74254114 35.25 800000.0
	7565.38749706 37.25 800000.0
	6921.54370698 39.25 800000.0
	12620.5103514 33.25 900000.0
	9748.99648159 35.25 900000.0
	8331.04348893 37.25 900000.0
	7471.70166945 39.25 900000.0
	16219.9884183 33.25 1000000.0
	11296.4430028 35.25 1000000.0
	9243.31905849 37.25 1000000.0
	8095.76077851 39.25 1000000.0
	22798.5461406 33.25 1100000.0
	13390.6539808 35.25 1100000.0
	10348.3977694 37.25 1100000.0
	8809.1700445 39.25 1100000.0
	39134.6862231 33.25 1200000.0
	16377.3590369 35.25 1200000.0
	11712.5342279 37.25 1200000.0
	9631.58486505 39.25 1200000.0
