
	1161176.23022 33.25 100000.0
	1173917.59223 35.25 100000.0
	1186631.87758 37.25 100000.0
	1199319.40271 39.25 100000.0
	1155229.25103 33.25 200000.0
	1168404.54965 35.25 200000.0
	1181504.89869 37.25 200000.0
	1194538.72008 39.25 200000.0
	1148973.28005 33.25 300000.0
	1162667.13245 35.25 300000.0
	1176208.95399 37.25 300000.0
	1189627.08088 39.25 300000.0
	1142350.39842 33.25 400000.0
	1156673.2715 35.25 400000.0
	1170725.48899 37.25 400000.0
	1184573.43664 39.25 400000.0
	1135284.99502 33.25 500000.0
	1150383.59723 35.25 500000.0
	1165032.75642 37.25 500000.0
	1179365.30691 39.25 500000.0
	1127675.3797 33.25 600000.0
	1143748.94677 35.25 600000.0
	1159105.00328 37.25 600000.0
	1173988.50405 39.25 600000.0
	1119379.59129 33.25 700000.0
	1136706.70887 35.25 700000.0
	1152911.39286 37.25 700000.0
	1168426.79525 39.25 700000.0
	1110189.62316 33.25 800000.0
	1129175.28335 35.25 800000.0
	1146414.55441 37.25 800000.0
	1162661.48677 39.25 800000.0
	1099780.03943 33.25 900000.0
	1121045.34472 35.25 900000.0
	1139568.60242 37.25 900000.0
	1156670.91205 39.25 900000.0
	1087591.35569 33.25 1000000.0
	1112165.40299 35.25 1000000.0
	1132316.38984 37.25 1000000.0
	1150429.80407 39.25 1000000.0
	1072508.06428 33.25 1100000.0
	1102316.53911 35.25 1100000.0
	1124585.64323 37.25 1100000.0
	1143908.5328 39.25 1100000.0
	1051602.15939 33.25 1200000.0
	1091165.00496 35.25 1200000.0
	1116283.45977 37.25 1200000.0
	1137072.19736 39.25 1200000.0
