
	1294892.52509 33.25 100000.0
	1316214.04143 35.25 100000.0
	1337468.39249 37.25 100000.0
	1358662.09779 39.25 100000.0
	1285372.38286 33.25 200000.0
	1307496.29564 35.25 200000.0
	1329454.27011 37.25 200000.0
	1351270.88106 39.25 200000.0
	1275374.57906 33.25 300000.0
	1298430.77852 35.25 300000.0
	1321178.26904 37.25 300000.0
	1343677.18042 39.25 300000.0
	1264821.76329 33.25 400000.0
	1288977.25826 35.25 400000.0
	1312619.15827 37.25 400000.0
	1335870.00884 39.25 400000.0
	1253611.66881 33.25 500000.0
	1279085.50801 35.25 500000.0
	1303751.49493 37.25 500000.0
	1327836.58041 39.25 500000.0
	1241605.31677 33.25 600000.0
	1268691.90286 35.25 600000.0
	1294544.56212 37.25 600000.0
	1319561.9746 39.25 600000.0
	1228607.10369 33.25 700000.0
	1257714.44026 35.25 700000.0
	1284960.96065 37.25 700000.0
	1311028.7223 39.25 700000.0
	1214328.77241 33.25 800000.0
	1246045.22613 35.25 800000.0
	1274954.72411 37.25 800000.0
	1302216.29847 39.25 800000.0
	1198317.92412 33.25 900000.0
	1233538.70749 35.25 900000.0
	1264468.76927 37.25 900000.0
	1293100.50632 39.25 900000.0
	1179796.67377 33.25 1000000.0
	1219992.39391 35.25 1000000.0
	1253431.41096 37.25 1000000.0
	1283652.74023 39.25 1000000.0
	1157219.13452 33.25 1100000.0
	1205113.48649 35.25 1100000.0
	1241751.55221 37.25 1100000.0
	1273839.12397 39.25 1100000.0
	1126559.46076 33.25 1200000.0
	1188457.09392 35.25 1200000.0
	1229312.0112 37.25 1200000.0
	1263619.54384 39.25 1200000.0
