
	0.0266470432646 33.25 100000.0
	0.0280288136188 35.25 100000.0
	0.0294003835104 37.25 100000.0
	0.0307601337379 39.25 100000.0
	0.0276628060745 33.25 200000.0
	0.028978544269 35.25 200000.0
	0.0302939643493 37.25 200000.0
	0.0316051562989 39.25 200000.0
	0.0287088858671 33.25 300000.0
	0.0299447909067 35.25 300000.0
	0.0311951326777 37.25 300000.0
	0.0324517944195 39.25 300000.0
	0.029800111442 33.25 400000.0
	0.0309362370429 35.25 400000.0
	0.0321093884737 37.25 400000.0
	0.0333037772109 39.25 400000.0
	0.0309575620664 33.25 500000.0
	0.0319642255457 35.25 500000.0
	0.033043472104 37.25 500000.0
	0.0341654545769 39.25 500000.0
	0.0322124552375 33.25 600000.0
	0.0330439704297 35.25 600000.0
	0.0340057997968 37.25 600000.0
	0.03504197296 39.25 600000.0
	0.0336132051713 33.25 700000.0
	0.0341964288191 35.25 700000.0
	0.0350070614954 37.25 700000.0
	0.0359394948486 39.25 700000.0
	0.0352391592809 33.25 800000.0
	0.035451290647 35.25 800000.0
	0.0360610566482 37.25 800000.0
	0.0368654761932 39.25 800000.0
	0.0372298638245 33.25 900000.0
	0.0368519248533 35.25 900000.0
	0.0371858785683 37.25 900000.0
	0.0378290181909 39.25 900000.0
	0.0398559864598 33.25 1000000.0
	0.0384638975576 35.25 1000000.0
	0.0384056108144 37.25 1000000.0
	0.0388413123549 39.25 1000000.0
	0.0437300001603 33.25 1100000.0
	0.04039035291 35.25 1100000.0
	0.0397527731023 37.25 1100000.0
	0.03991619826 39.25 1100000.0
	0.0507229489123 33.25 1200000.0
	0.042801423538 35.25 1200000.0
	0.0412718447789 37.25 1200000.0
	0.0410708477951 39.25 1200000.0
