
	1.68177249518e-06 33.25 100000.0
	1.77516885256e-06 35.25 100000.0
	1.86634856202e-06 37.25 100000.0
	1.95550604714e-06 39.25 100000.0
	1.69314731027e-06 33.25 200000.0
	1.78712930855e-06 35.25 200000.0
	1.87861545477e-06 37.25 200000.0
	1.96788623074e-06 39.25 200000.0
	1.70661008908e-06 33.25 300000.0
	1.80087128369e-06 35.25 300000.0
	1.89241282555e-06 37.25 300000.0
	1.98159025232e-06 39.25 300000.0
	1.72256738869e-06 33.25 400000.0
	1.81667351274e-06 35.25 400000.0
	1.90793737608e-06 37.25 400000.0
	1.99676018019e-06 39.25 400000.0
	1.74155877193e-06 33.25 500000.0
	1.83488413056e-06 35.25 500000.0
	1.92542417861e-06 37.25 500000.0
	2.0135602169e-06 39.25 500000.0
	1.7643231681e-06 33.25 600000.0
	1.85594549796e-06 35.25 600000.0
	1.94515682477e-06 37.25 600000.0
	2.03218107894e-06 39.25 600000.0
	1.79191431844e-06 33.25 700000.0
	1.88043165044e-06 35.25 700000.0
	1.96748128818e-06 37.25 700000.0
	2.05284554753e-06 39.25 700000.0
	1.82591704264e-06 33.25 800000.0
	1.90910695639e-06 35.25 800000.0
	1.99282524929e-06 37.25 800000.0
	2.07581558032e-06 39.25 800000.0
	1.86889375709e-06 33.25 900000.0
	1.94302215569e-06 35.25 900000.0
	2.02172563562e-06 37.25 900000.0
	2.10140152274e-06 39.25 900000.0
	1.92543979567e-06 33.25 1000000.0
	1.98368014041e-06 35.25 1000000.0
	2.05486881181e-06 37.25 1000000.0
	2.12997416242e-06 39.25 1000000.0
	2.0052440814e-06 33.25 1100000.0
	2.0333412005e-06 35.25 1100000.0
	2.0931507297e-06 37.25 1100000.0
	2.16198064687e-06 39.25 1100000.0
	2.13585474342e-06 33.25 1200000.0
	2.0956322232e-06 35.25 1200000.0
	2.13776935922e-06 37.25 1200000.0
	2.19796564352e-06 39.25 1200000.0
