
	0.747852010867 33.25 100000.0
	0.702758224547 35.25 100000.0
	0.662969441196 37.25 100000.0
	0.62757818896 39.25 100000.0
	1.53676953366 33.25 200000.0
	1.43789984504 35.25 200000.0
	1.35181378657 37.25 200000.0
	1.27606228835 39.25 200000.0
	2.37339333014 33.25 300000.0
	2.20972262228 35.25 300000.0
	2.0694034451 37.25 300000.0
	1.94741841065 39.25 300000.0
	3.26606958615 33.25 400000.0
	3.02334048859 35.25 400000.0
	2.81901230712 37.25 400000.0
	2.6438140281 39.25 400000.0
	4.22558991985 33.25 500000.0
	3.88494620608 35.25 500000.0
	3.60441570737 37.25 500000.0
	3.3676548212 39.25 500000.0
	5.26639455277 33.25 600000.0
	4.80219148641 35.25 600000.0
	4.43002033627 37.25 600000.0
	4.12163011368 39.25 600000.0
	6.4086417847 33.25 700000.0
	5.78475434569 35.25 700000.0
	5.30103969041 37.25 700000.0
	4.90876956907 39.25 700000.0
	7.68202934044 33.25 800000.0
	6.84521598107 35.25 800000.0
	6.22373536537 37.25 800000.0
	5.7325146316 39.25 800000.0
	9.13354292999 33.25 900000.0
	8.00047200865 35.25 900000.0
	7.20575498562 37.25 900000.0
	6.59680918075 39.25 900000.0
	10.8453614257 33.25 1000000.0
	9.27411579771 35.25 1000000.0
	8.25661417329 37.25 1000000.0
	7.50621498684 39.25 1000000.0
	12.9853158146 33.25 1100000.0
	10.7007068595 35.25 1100000.0
	9.38839641628 37.25 1100000.0
	8.46605860971 39.25 1100000.0
	16.00911423 33.25 1200000.0
	12.333993574 35.25 1200000.0
	10.6167865093 37.25 1200000.0
	9.48261684953 39.25 1200000.0
