
	27574.4312644 33.25 100000.0
	28197.1443331 35.25 100000.0
	28783.6281496 37.25 100000.0
	29337.8448047 39.25 100000.0
	24533.291182 33.25 200000.0
	25179.4542515 35.25 200000.0
	25785.3645205 37.25 200000.0
	26355.8784015 39.25 200000.0
	22666.6809924 33.25 300000.0
	23340.0956281 35.25 300000.0
	23967.8066311 37.25 300000.0
	24556.1732551 39.25 300000.0
	21271.7107936 33.25 400000.0
	21977.2662888 35.25 400000.0
	22629.6781328 37.25 400000.0
	23237.7215875 39.25 400000.0
	20125.9114038 33.25 500000.0
	20870.0226345 35.25 500000.0
	21550.7214819 37.25 500000.0
	22180.5977537 39.25 500000.0
	19127.5537576 33.25 600000.0
	19918.8457064 35.25 600000.0
	20632.3289482 37.25 600000.0
	21286.6083402 39.25 600000.0
	18218.9277682 33.25 700000.0
	19069.3592899 35.25 700000.0
	19821.3598506 37.25 700000.0
	20503.1355339 39.25 700000.0
	17360.6921844 33.25 800000.0
	18287.5193408 35.25 800000.0
	19085.4863264 37.25 800000.0
	19798.5191214 39.25 800000.0
	16519.8154283 33.25 900000.0
	17549.3153703 35.25 900000.0
	18403.1509265 37.25 900000.0
	19152.0649597 39.25 900000.0
	15660.1672776 33.25 1000000.0
	16835.5569729 35.25 1000000.0
	17758.7925058 37.25 1000000.0
	18549.3432123 39.25 1000000.0
	14727.05117 33.25 1100000.0
	16128.5136805 35.25 1100000.0
	17140.2814713 37.25 1100000.0
	17979.7276003 39.25 1100000.0
	13595.1309851 33.25 1200000.0
	15408.8302264 35.25 1200000.0
	16537.3717675 37.25 1200000.0
	17434.9978258 39.25 1200000.0
