
	37282.337809 24.4 1000000.0
	110441.837469 29.4 1000000.0
	399007.310631 34.4 1000000.0
	447881.577174 39.4 1000000.0
	488382.375723 44.4 1000000.0
	525880.458423 49.4 1000000.0
	562004.429507 54.4 1000000.0
	597601.62305 59.4 1000000.0
	633267.273777 64.4 1000000.0
	669486.869227 69.4 1000000.0
	706676.662515 74.4 1000000.0
	745190.896177 79.4 1000000.0
	785318.419874 84.4 1000000.0
	25442.8409536 24.4 3000000.0
	81867.6283979 29.4 3000000.0
	156507.977653 34.4 3000000.0
	264623.220197 39.4 3000000.0
	371624.249516 44.4 3000000.0
	439909.350949 49.4 3000000.0
	492316.652625 54.4 3000000.0
	538329.074553 59.4 3000000.0
	581416.260349 64.4 3000000.0
	623280.679609 69.4 3000000.0
	664952.718196 74.4 3000000.0
	707136.186597 79.4 3000000.0
	750336.626029 84.4 3000000.0
	17412.3576448 24.4 5000000.0
	67046.2179457 29.4 5000000.0
	126543.286259 34.4 5000000.0
	197253.461957 39.4 5000000.0
	276988.154612 44.4 5000000.0
	354969.196636 49.4 5000000.0
	422082.558692 54.4 5000000.0
	479294.620655 59.4 5000000.0
	530436.348038 64.4 5000000.0
	578289.907707 69.4 5000000.0
	624601.742013 74.4 5000000.0
	670505.744803 79.4 5000000.0
	716771.93869 84.4 5000000.0
	11516.5232368 24.4 7000000.0
	57058.0166359 29.4 7000000.0
	109825.052138 34.4 7000000.0
	169572.418003 39.4 7000000.0
	235031.732982 44.4 7000000.0
	302786.78034 49.4 7000000.0
	368404.366622 54.4 7000000.0
	429204.492624 59.4 7000000.0
	485113.076748 64.4 7000000.0
	537404.273839 69.4 7000000.0
	587510.945745 74.4 7000000.0
	636607.394248 79.4 7000000.0
	685571.668037 84.4 7000000.0
	7017.82411349 24.4 9000000.0
	49698.4791626 29.4 9000000.0
	98352.9409576 34.4 9000000.0
	152334.083959 39.4 9000000.0
	210616.46288 44.4 9000000.0
	271402.743964 49.4 9000000.0
	332392.519766 54.4 9000000.0
	391685.268702 59.4 9000000.0
	448397.424943 64.4 9000000.0
	502616.88186 69.4 9000000.0
	554988.234647 74.4 9000000.0
	606314.560266 79.4 9000000.0
	657337.27609 84.4 9000000.0
	3516.63761259 24.4 11000000.0
	44026.6384291 29.4 11000000.0
	89798.0666149 34.4 11000000.0
	140050.816481 39.4 11000000.0
	193882.24953 44.4 11000000.0
	250089.586096 49.4 11000000.0
	307247.584497 54.4 11000000.0
	364082.193975 59.4 11000000.0
	419805.641755 64.4 11000000.0
	474187.011842 69.4 11000000.0
	527427.436675 74.4 11000000.0
	579968.901197 79.4 11000000.0
	632325.69884 84.4 11000000.0
	769.318323203 24.4 13000000.0
	39543.5757902 29.4 13000000.0
	83128.170788 34.4 13000000.0
	130696.829458 39.4 13000000.0
	181422.529769 44.4 13000000.0
	234385.445676 49.4 13000000.0
	288592.03332 54.4 13000000.0
	343144.10066 59.4 13000000.0
	397426.399409 64.4 13000000.0
	451174.391926 69.4 13000000.0
	504424.903963 74.4 13000000.0
	557416.081269 79.4 13000000.0
	610483.421294 84.4 13000000.0
	-1384.71861811 24.4 15000000.0
	35949.8436237 29.4 15000000.0
	77787.9488037 34.4 15000000.0
	123291.292943 39.4 15000000.0
	171684.706129 44.4 15000000.0
	222204.885733 49.4 15000000.0
	274099.291455 54.4 15000000.0
	326703.679844 59.4 15000000.0
	379545.195702 64.4 15000000.0
	432392.191208 69.4 15000000.0
	485231.245553 74.4 15000000.0
	538204.161854 79.4 15000000.0
	591537.8573 84.4 15000000.0
	-3057.41598919 24.4 17000000.0
	33050.3787589 29.4 17000000.0
	73441.9552888 34.4 17000000.0
	117282.141662 39.4 17000000.0
	163834.036837 44.4 17000000.0
	212430.177472 49.4 17000000.0
	262464.354486 54.4 17000000.0
	313424.78672 59.4 17000000.0
	364947.149869 64.4 17000000.0
	416844.839995 69.4 17000000.0
	469095.663432 74.4 17000000.0
	521797.758262 79.4 17000000.0
	575117.162708 84.4 17000000.0
	-4330.2086326 24.4 19000000.0
	30710.4235942 29.4 19000000.0
	69871.0328529 34.4 19000000.0
	112326.854235 39.4 19000000.0
	157370.800965 44.4 19000000.0
	204398.648061 49.4 19000000.0
	252898.753147 54.4 19000000.0
	302462.476657 59.4 19000000.0
	352807.181585 64.4 19000000.0
	403789.707159 69.4 19000000.0
	455394.761506 74.4 19000000.0
	507701.470697 79.4 19000000.0
	560841.821986 84.4 19000000.0
	-5264.37125718 24.4 21000000.0
	28832.6423159 29.4 21000000.0
	66923.5971027 34.4 21000000.0
	108197.786222 39.4 21000000.0
	151972.328168 44.4 21000000.0
	197687.210065 49.4 21000000.0
	244894.983851 54.4 21000000.0
	293259.003931 59.4 21000000.0
	342558.178125 64.4 21000000.0
	392687.495157 69.4 21000000.0
	443644.50298 74.4 21000000.0
	495501.483296 79.4 21000000.0
	548371.135538 84.4 21000000.0
	-5907.29410891 24.4 23000000.0
	27344.2196394 29.4 23000000.0
	64490.1330217 34.4 23000000.0
	104735.655468 39.4 23000000.0
	147418.197861 44.4 23000000.0
	192010.116983 49.4 23000000.0
	238109.324316 54.4 23000000.0
	285430.809409 59.4 23000000.0
	333800.123862 64.4 23000000.0
	383144.444661 69.4 23000000.0
	433475.901933 74.4 23000000.0
	484866.28559 79.4 23000000.0
	537417.486624 84.4 23000000.0
	-6296.47731983 24.4 25000000.0
	26189.1137216 29.4 25000000.0
	62488.7433426 34.4 25000000.0
	101824.45733 39.4 25000000.0
	143551.115211 44.4 25000000.0
	187165.679573 49.4 25000000.0
	232299.199251 54.4 25000000.0
	278704.591945 59.4 25000000.0
	326243.056238 64.4 25000000.0
	374868.389477 69.4 25000000.0
	424607.083859 74.4 25000000.0
	475533.784862 79.4 25000000.0
	527744.69621 84.4 25000000.0
	-6462.17533223 24.4 27000000.0
	25323.165336 29.4 27000000.0
	60856.4427165 34.4 27000000.0
	99376.9456799 39.4 27000000.0
	140254.843489 44.4 27000000.0
	183006.391187 49.4 27000000.0
	227287.534669 54.4 27000000.0
	272879.644089 59.4 27000000.0
	319671.421417 64.4 27000000.0
	367638.459694 69.4 27000000.0
	416820.491543 74.4 27000000.0
	467296.673081 79.4 27000000.0
	519160.705573 84.4 27000000.0
	-6429.20602379 24.4 29000000.0
	24710.8816548 29.4 29000000.0
	59543.6503573 34.4 29000000.0
	97325.7476218 39.4 29000000.0
	137440.995577 44.4 29000000.0
	179421.171088 49.4 29000000.0
	222941.376212 54.4 29000000.0
	267804.724263 59.4 29000000.0
	313921.347625 64.4 29000000.0
	361284.607546 69.4 29000000.0
	409946.003879 74.4 29000000.0
	459989.868018 79.4 29000000.0
	511509.382213 84.4 29000000.0
	-6218.2233294 24.4 31000000.0
	24323.2481575 29.4 31000000.0
	58510.5635839 34.4 31000000.0
	95617.6745532 39.4 31000000.0
	135040.73905 44.4 31000000.0
	176324.295241 49.4 31000000.0
	219158.486045 54.4 31000000.0
	263363.312754 59.4 31000000.0
	308865.767999 64.4 31000000.0
	355673.684152 69.4 31000000.0
	403848.791342 74.4 31000000.0
	453480.683616 79.4 31000000.0
	504663.227597 84.4 31000000.0
	-5846.6341855 24.4 33000000.0
	24136.1965227 29.4 33000000.0
	57724.6885101 34.4 33000000.0
	94209.9407261 39.4 33000000.0
	132999.375863 44.4 33000000.0
	173648.216744 49.4 33000000.0
	215858.622279 54.4 33000000.0
	259463.89774 59.4 33000000.0
	304404.42146 64.4 33000000.0
	350699.823657 69.4 33000000.0
	398420.607166 74.4 33000000.0
	447661.392778 79.4 33000000.0
	498517.419566 84.4 33000000.0
	-5329.27315729 24.4 35000000.0
	24129.5049589 29.4 35000000.0
	57159.1100828 34.4 35000000.0
	93067.5690576 39.4 35000000.0
	131272.679967 44.4 35000000.0
	171338.750197 49.4 35000000.0
	212977.681269 54.4 35000000.0
	256033.388329 59.4 35000000.0
	300456.965434 64.4 35000000.0
	346277.681127 69.4 35000000.0
	393573.495545 74.4 35000000.0
	442443.654044 79.4 35000000.0
	492985.116765 84.4 35000000.0
	-4678.90800754 24.4 37000000.0
	24285.9917432 29.4 37000000.0
	56791.249998 34.4 37000000.0
	92161.5626591 39.4 37000000.0
	129824.350984 44.4 37000000.0
	169351.747341 49.4 37000000.0
	210463.65294 54.4 37000000.0
	253012.533689 59.4 37000000.0
	296958.125443 64.4 37000000.0
	342337.590615 69.4 37000000.0
	389235.192633 74.4 37000000.0
	437754.328519 79.4 37000000.0
	487993.808197 84.4 37000000.0
	-3906.62482484 24.4 39000000.0
	24590.9124867 29.4 39000000.0
	56601.9556383 34.4 39000000.0
	91467.5855265 39.4 39000000.0
	128624.199516 44.4 39000000.0
	167650.744141 49.4 39000000.0
	208273.759846 54.4 39000000.0
	250352.665353 59.4 39000000.0
	293854.21024 64.4 39000000.0
	338822.038369 69.4 39000000.0
	385345.720828 74.4 39000000.0
	433532.319016 79.4 39000000.0
	483482.482912 84.4 39000000.0
	-3022.12573598 24.4 41000000.0
	25031.50204 29.4 41000000.0
	56574.8191261 34.4 41000000.0
	90964.9908876 39.4 41000000.0
	127646.825646 44.4 41000000.0
	166205.258607 49.4 41000000.0
	206372.390092 54.4 41000000.0
	248013.334045 59.4 41000000.0
	291100.562554 64.4 41000000.0
	335683.053044 69.4 41000000.0
	381854.833625 74.4 41000000.0
	429726.160017 79.4 41000000.0
	479399.429151 84.4 41000000.0
