
	317.963981825 15 10000.0
	328.849262341 16 10000.0
	339.410462211 17 10000.0
	349.637778018 18 10000.0
	359.546116814 19 10000.0
	369.159279455 20 10000.0
	378.502468318 21 10000.0
	387.599187362 22 10000.0
	396.470257706 23 10000.0
	405.133755433 24 10000.0
	413.605293257 25 10000.0
	421.898386763 26 10000.0
	430.024800749 27 10000.0
	437.994841706 28 10000.0
	445.817592205 29 10000.0
	453.501093947 30 10000.0
	461.052489087 31 10000.0
	468.478129122 32 10000.0
	1232.88524235 15 60000.0
	1211.81879464 16 60000.0
	1191.19724297 17 60000.0
	1169.00775031 18 60000.0
	349.276092657 19 60000.0
	360.289860431 20 60000.0
	370.762575262 21 60000.0
	380.777465838 22 60000.0
	390.403884057 23 60000.0
	399.697428773 24 60000.0
	408.7019906 25 60000.0
	417.452161312 26 60000.0
	425.975388237 27 60000.0
	434.293701446 28 60000.0
	442.425026169 29 60000.0
	450.384152788 30 60000.0
	458.183444246 31 60000.0
	465.8333497 32 60000.0
	1234.5564268 15 110000.0
	1213.68520927 16 110000.0
	1193.24473371 17 110000.0
	1171.24213788 18 110000.0
	1146.78981038 19 110000.0
	1119.52107779 20 110000.0
	361.882817411 21 110000.0
	373.139498281 22 110000.0
	383.744353645 23 110000.0
	393.824206056 24 110000.0
	403.47297052 25 110000.0
	412.760555878 26 110000.0
	421.73952805 27 110000.0
	430.44996713 28 110000.0
	438.92293664 29 110000.0
	447.182932127 30 110000.0
	455.249601055 31 110000.0
	463.138951582 32 110000.0
	1236.22220836 15 160000.0
	1215.54369405 16 160000.0
	1195.28165259 17 160000.0
	1173.46289641 18 160000.0
	1149.21399007 19 160000.0
	1122.18093888 20 160000.0
	1092.17686028 21 160000.0
	364.37997522 22 160000.0
	376.303869662 23 160000.0
	387.395909693 24 160000.0
	397.842614834 25 160000.0
	407.774602596 26 160000.0
	417.285270968 27 160000.0
	426.442738411 28 160000.0
	435.29769734 29 160000.0
	443.888650459 30 160000.0
	452.245434578 31 160000.0
	460.391613333 32 160000.0
	1237.88268718 15 210000.0
	1217.39439835 16 210000.0
	1197.3082083 17 210000.0
	1175.67031318 18 210000.0
	1151.62115342 19 210000.0
	1124.81901457 20 210000.0
	1095.09072057 21 210000.0
	1062.23013555 22 210000.0
	1025.87112913 23 210000.0
	380.243394118 24 210000.0
	391.707691035 25 210000.0
	402.429893854 26 210000.0
	412.571838027 27 210000.0
	422.245985824 28 210000.0
	431.532674305 29 210000.0
	440.49075715 30 210000.0
	449.164383788 31 210000.0
	457.587415309 32 210000.0
	1239.5379604 15 260000.0
	1219.23746712 16 260000.0
	1199.3246031 17 260000.0
	1177.86466615 18 260000.0
	1154.01168443 19 260000.0
	1127.43584477 20 260000.0
	1097.97710479 21 260000.0
	1065.44682355 22 260000.0
	1029.5052582 23 260000.0
	372.109562093 24 260000.0
	384.921475192 25 260000.0
	396.639309375 26 260000.0
	407.54613075 27 260000.0
	417.826819825 28 260000.0
	427.607347505 29 260000.0
	436.976480527 30 260000.0
	445.998617978 31 260000.0
	454.721719612 32 260000.0
	1241.18812234 15 310000.0
	1221.07304105 16 310000.0
	1201.33103314 17 310000.0
	1180.04622437 18 310000.0
	1156.3859539 19 310000.0
	1130.03194913 20 310000.0
	1100.8367608 21 310000.0
	1068.6283566 22 310000.0
	1033.0918128 23 310000.0
	993.66710612 24 310000.0
	377.263215196 25 310000.0
	390.280501382 26 310000.0
	402.137212405 27 310000.0
	413.14292906 28 310000.0
	423.496078734 29 310000.0
	433.330221574 30 310000.0
	442.738735011 31 310000.0
	451.789020088 32 310000.0
	1242.83326452 15 360000.0
	1222.9012567 16 360000.0
	1203.3276886 17 360000.0
	1182.21524832 18 360000.0
	1158.74431997 19 360000.0
	1132.60782805 20 360000.0
	1103.67040581 21 360000.0
	1071.77579962 22 360000.0
	1036.63245054 23 360000.0
	997.718122808 24 360000.0
	954.144979067 25 360000.0
	383.172521466 26 360000.0
	396.247069268 27 360000.0
	408.138631499 28 360000.0
	419.166331221 29 360000.0
	429.532722468 30 360000.0
	439.37336521 31 360000.0
	448.782752708 32 360000.0
	1244.47347578 15 410000.0
	1224.72224666 16 410000.0
	1205.31475397 17 410000.0
	1184.37199023 18 410000.0
	1161.08712868 19 410000.0
	1135.16396354 20 410000.0
	1106.47872796 21 410000.0
	1074.89016914 22 410000.0
	1040.12874281 23 410000.0
	1001.70746684 24 410000.0
	958.799749832 25 410000.0
	910.001690997 26 410000.0
	389.733983701 27 410000.0
	402.73847634 28 410000.0
	414.57600442 29 410000.0
	425.559896905 30 410000.0
	435.888641645 31 410000.0
	445.695052678 32 410000.0
	1246.10884237 15 460000.0
	1226.53613967 16 460000.0
	1207.29240826 17 460000.0
	1186.51669445 18 460000.0
	1163.41471448 19 460000.0
	1137.70082009 20 460000.0
	1109.2623879 21 460000.0
	1077.97243613 22 460000.0
	1043.5821806 23 460000.0
	1005.63756556 24 460000.0
	963.368507461 25 460000.0
	915.477793429 26 460000.0
	382.379604626 27 460000.0
	396.83621046 28 460000.0
	409.669270352 29 460000.0
	421.381134475 30 460000.0
	432.267476462 31 460000.0
	442.516438561 32 460000.0
	1247.73944805 15 510000.0
	1228.34306078 16 510000.0
	1209.26082513 17 510000.0
	1188.64959772 18 510000.0
	1165.72740071 19 510000.0
	1140.2188455 20 510000.0
	1112.02202012 21 510000.0
	1081.02352866 22 510000.0
	1046.9941798 23 510000.0
	1009.51070381 24 510000.0
	967.85523295 25 510000.0
	920.827541295 26 510000.0
	866.324047607 27 510000.0
	390.274151325 28 510000.0
	404.369718363 29 510000.0
	416.956753159 30 510000.0
	428.488547282 31 510000.0
	439.235394284 32 510000.0
