
	7299.00319165 15 10000.0
	7658.60830129 16 10000.0
	8062.05050175 17 10000.0
	8513.27260439 18 10000.0
	9014.54462192 19 10000.0
	9568.81300937 20 10000.0
	10182.0128323 21 10000.0
	10864.9087119 22 10000.0
	11635.068745 23 10000.0
	12519.8218413 24 10000.0
	13561.4617831 25 10000.0
	14827.1234181 26 10000.0
	16428.892982 27 10000.0
	18568.7782735 28 10000.0
	21653.4124899 29 10000.0
	26648.6839787 30 10000.0
	36573.0511917 31 10000.0
	68188.9257847 32 10000.0
	7299.00319165 15 60000.0
	7658.60830129 16 60000.0
	8062.05050175 17 60000.0
	8513.27260439 18 60000.0
	9014.54462192 19 60000.0
	9568.81300937 20 60000.0
	10182.0128323 21 60000.0
	10864.9087119 22 60000.0
	11635.068745 23 60000.0
	12519.8218413 24 60000.0
	13561.4617831 25 60000.0
	14827.1234181 26 60000.0
	16428.892982 27 60000.0
	18568.7782735 28 60000.0
	21653.4124899 29 60000.0
	26648.6839787 30 60000.0
	36573.0511917 31 60000.0
	68188.9257847 32 60000.0
	7299.00319165 15 110000.0
	7658.60830129 16 110000.0
	8062.05050175 17 110000.0
	8513.27260439 18 110000.0
	9014.54462192 19 110000.0
	9568.81300937 20 110000.0
	10182.0128323 21 110000.0
	10864.9087119 22 110000.0
	11635.068745 23 110000.0
	12519.8218413 24 110000.0
	13561.4617831 25 110000.0
	14827.1234181 26 110000.0
	16428.892982 27 110000.0
	18568.7782735 28 110000.0
	21653.4124899 29 110000.0
	26648.6839787 30 110000.0
	36573.0511917 31 110000.0
	68188.9257847 32 110000.0
	7299.00319165 15 160000.0
	7658.60830129 16 160000.0
	8062.05050175 17 160000.0
	8513.27260439 18 160000.0
	9014.54462192 19 160000.0
	9568.81300937 20 160000.0
	10182.0128323 21 160000.0
	10864.9087119 22 160000.0
	11635.068745 23 160000.0
	12519.8218413 24 160000.0
	13561.4617831 25 160000.0
	14827.1234181 26 160000.0
	16428.892982 27 160000.0
	18568.7782735 28 160000.0
	21653.4124899 29 160000.0
	26648.6839787 30 160000.0
	36573.0511917 31 160000.0
	68188.9257847 32 160000.0
	7299.00319165 15 210000.0
	7658.60830129 16 210000.0
	8062.05050175 17 210000.0
	8513.27260439 18 210000.0
	9014.54462192 19 210000.0
	9568.81300937 20 210000.0
	10182.0128323 21 210000.0
	10864.9087119 22 210000.0
	11635.068745 23 210000.0
	12519.8218413 24 210000.0
	13561.4617831 25 210000.0
	14827.1234181 26 210000.0
	16428.892982 27 210000.0
	18568.7782735 28 210000.0
	21653.4124899 29 210000.0
	26648.6839787 30 210000.0
	36573.0511917 31 210000.0
	68188.9257847 32 210000.0
	7299.00319165 15 260000.0
	7658.60830129 16 260000.0
	8062.05050175 17 260000.0
	8513.27260439 18 260000.0
	9014.54462192 19 260000.0
	9568.81300937 20 260000.0
	10182.0128323 21 260000.0
	10864.9087119 22 260000.0
	11635.068745 23 260000.0
	12519.8218413 24 260000.0
	13561.4617831 25 260000.0
	14827.1234181 26 260000.0
	16428.892982 27 260000.0
	18568.7782735 28 260000.0
	21653.4124899 29 260000.0
	26648.6839787 30 260000.0
	36573.0511917 31 260000.0
	68188.9257847 32 260000.0
	7299.00319165 15 310000.0
	7658.60830129 16 310000.0
	8062.05050175 17 310000.0
	8513.27260439 18 310000.0
	9014.54462192 19 310000.0
	9568.81300937 20 310000.0
	10182.0128323 21 310000.0
	10864.9087119 22 310000.0
	11635.068745 23 310000.0
	12519.8218413 24 310000.0
	13561.4617831 25 310000.0
	14827.1234181 26 310000.0
	16428.892982 27 310000.0
	18568.7782735 28 310000.0
	21653.4124899 29 310000.0
	26648.6839787 30 310000.0
	36573.0511917 31 310000.0
	68188.9257847 32 310000.0
	7299.00319165 15 360000.0
	7658.60830129 16 360000.0
	8062.05050175 17 360000.0
	8513.27260439 18 360000.0
	9014.54462192 19 360000.0
	9568.81300937 20 360000.0
	10182.0128323 21 360000.0
	10864.9087119 22 360000.0
	11635.068745 23 360000.0
	12519.8218413 24 360000.0
	13561.4617831 25 360000.0
	14827.1234181 26 360000.0
	16428.892982 27 360000.0
	18568.7782735 28 360000.0
	21653.4124899 29 360000.0
	26648.6839787 30 360000.0
	36573.0511917 31 360000.0
	68188.9257847 32 360000.0
	7299.00319165 15 410000.0
	7658.60830129 16 410000.0
	8062.05050175 17 410000.0
	8513.27260439 18 410000.0
	9014.54462192 19 410000.0
	9568.81300937 20 410000.0
	10182.0128323 21 410000.0
	10864.9087119 22 410000.0
	11635.068745 23 410000.0
	12519.8218413 24 410000.0
	13561.4617831 25 410000.0
	14827.1234181 26 410000.0
	16428.892982 27 410000.0
	18568.7782735 28 410000.0
	21653.4124899 29 410000.0
	26648.6839787 30 410000.0
	36573.0511917 31 410000.0
	68188.9257847 32 410000.0
	7299.00319165 15 460000.0
	7658.60830129 16 460000.0
	8062.05050175 17 460000.0
	8513.27260439 18 460000.0
	9014.54462192 19 460000.0
	9568.81300937 20 460000.0
	10182.0128323 21 460000.0
	10864.9087119 22 460000.0
	11635.068745 23 460000.0
	12519.8218413 24 460000.0
	13561.4617831 25 460000.0
	14827.1234181 26 460000.0
	16428.892982 27 460000.0
	18568.7782735 28 460000.0
	21653.4124899 29 460000.0
	26648.6839787 30 460000.0
	36573.0511917 31 460000.0
	68188.9257847 32 460000.0
	7299.00319165 15 510000.0
	7658.60830129 16 510000.0
	8062.05050175 17 510000.0
	8513.27260439 18 510000.0
	9014.54462192 19 510000.0
	9568.81300937 20 510000.0
	10182.0128323 21 510000.0
	10864.9087119 22 510000.0
	11635.068745 23 510000.0
	12519.8218413 24 510000.0
	13561.4617831 25 510000.0
	14827.1234181 26 510000.0
	16428.892982 27 510000.0
	18568.7782735 28 510000.0
	21653.4124899 29 510000.0
	26648.6839787 30 510000.0
	36573.0511917 31 510000.0
	68188.9257847 32 510000.0
