
	408119.122077 15 10000.0
	418683.78292 16 10000.0
	429201.372963 17 10000.0
	439680.787907 18 10000.0
	450131.017191 19 10000.0
	460559.402032 20 10000.0
	470971.437164 21 10000.0
	481371.071633 22 10000.0
	491761.096291 23 10000.0
	502143.479881 24 10000.0
	512519.624115 25 10000.0
	522890.545577 26 10000.0
	533257.001404 27 10000.0
	543619.57498 28 10000.0
	553978.734381 29 10000.0
	564334.872751 30 10000.0
	574688.336971 31 10000.0
	585039.448849 32 10000.0
	-44656.4901572 15 60000.0
	-37189.1757167 16 60000.0
	-29340.5395603 17 60000.0
	-21062.6673634 18 60000.0
	440191.119292 19 60000.0
	451448.074981 20 60000.0
	462533.431093 21 60000.0
	473495.89904 22 60000.0
	484367.966297 23 60000.0
	495171.583099 24 60000.0
	505921.824593 25 60000.0
	516629.251295 26 60000.0
	527301.433695 27 60000.0
	537943.940889 28 60000.0
	548560.985634 29 60000.0
	559155.848849 30 60000.0
	569731.162175 31 60000.0
	580289.098817 32 60000.0
	-44108.3848902 15 110000.0
	-36650.4463213 16 110000.0
	-28813.6258379 17 110000.0
	-20550.1885479 18 110000.0
	-11808.8554077 19 110000.0
	-2534.46834621 20 110000.0
	452977.30707 21 110000.0
	464783.488477 22 110000.0
	476333.296323 23 110000.0
	487698.399782 24 110000.0
	498925.726867 25 110000.0
	510046.903068 26 110000.0
	521083.837952 27 110000.0
	532052.133097 28 110000.0
	542963.210089 29 110000.0
	553825.665825 30 110000.0
	564646.151477 31 110000.0
	575429.952768 32 110000.0
	-43560.1497118 15 160000.0
	-36111.4987131 16 160000.0
	-28286.3709513 17 160000.0
	-20037.1994503 18 160000.0
	-11313.2425636 19 160000.0
	-2060.25420048 20 160000.0
	7782.65824694 21 160000.0
	454941.15232 22 160000.0
	467471.496679 23 160000.0
	479601.83316 24 160000.0
	491448.585137 25 160000.0
	503086.03493 26 160000.0
	514563.479592 27 160000.0
	525914.773356 28 160000.0
	537163.906173 29 160000.0
	548328.38885 30 160000.0
	559421.369416 31 160000.0
	570452.990346 32 160000.0
	-43011.7884238 15 210000.0
	-35572.3382395 16 210000.0
	-27758.7826051 17 210000.0
	-19523.711382 18 210000.0
	-10816.901658 19 210000.0
	-1584.98872246 20 210000.0
	8231.5722712 21 210000.0
	18704.2918246 22 210000.0
	29925.8599592 23 210000.0
	470705.593097 24 210000.0
	483377.218652 25 210000.0
	495671.34362 26 210000.0
	507688.804583 27 210000.0
	519495.733243 28 210000.0
	531137.261341 29 210000.0
	542645.275664 30 210000.0
	554043.022182 31 210000.0
	565347.944289 32 210000.0
	-42463.3047482 15 260000.0
	-35032.9701286 16 260000.0
	-27230.8683181 17 260000.0
	-19009.7353575 18 260000.0
	-10319.8491332 19 260000.0
	-1108.69702207 20 260000.0
	8681.96679787 21 260000.0
	19121.67923 22 260000.0
	30300.0237892 23 260000.0
	460738.390205 24 260000.0
	474549.818637 25 260000.0
	487700.975547 26 260000.0
	500393.030198 27 260000.0
	512749.803151 28 260000.0
	524851.875425 29 260000.0
	536754.05687 30 260000.0
	548495.042156 31 260000.0
	560103.055896 32 260000.0
	-41914.7023295 15 310000.0
	-34493.3994922 16 310000.0
	-26702.6354298 17 310000.0
	-18495.2821049 18 310000.0
	-9822.10096079 19 310000.0
	-631.403406645 20 310000.0
	9133.80377586 21 310000.0
	19541.1639423 22 310000.0
	30677.3005702 23 310000.0
	42661.1378875 24 310000.0
	464720.795474 25 310000.0
	479031.436204 26 310000.0
	492587.120123 27 310000.0
	505619.21549 28 310000.0
	518268.95554 29 310000.0
	530627.962334 30 310000.0
	542758.546387 31 310000.0
	554704.766246 32 310000.0
	-41365.9847368 15 360000.0
	-33953.6313293 16 360000.0
	-26174.0911052 17 360000.0
	-17980.3620755 18 360000.0
	-9323.67265907 19 360000.0
	-153.131415396 20 360000.0
	9587.04651274 21 360000.0
	19962.6866933 22 360000.0
	31057.5899305 23 360000.0
	42986.0554016 24 360000.0
	55914.6103509 25 360000.0
	469449.277203 26 360000.0
	484147.953491 27 360000.0
	498028.248074 28 360000.0
	511339.687925 29 360000.0
	524234.37492 30 360000.0
	536811.118967 31 360000.0
	549137.32137 32 360000.0
	-40817.1554653 15 410000.0
	-33413.6705295 16 410000.0
	-25645.2423408 17 410000.0
	-17464.9854536 18 410000.0
	-8824.57931054 19 410000.0
	326.096148026 20 410000.0
	10041.6596093 21 410000.0
	20386.1906093 22 410000.0
	31440.796237 23 410000.0
	43315.3999841 24 410000.0
	56168.891166 25 410000.0
	70248.0386905 26 410000.0
	474896.931795 27 410000.0
	489874.428001 28 410000.0
	504001.275923 29 410000.0
	517532.921091 30 410000.0
	530625.84199 31 410000.0
	543382.260205 32 410000.0
	-40268.2179389 15 460000.0
	-32873.5218754 16 460000.0
	-25116.0959695 17 460000.0
	-16949.1621652 18 460000.0
	-8324.83557808 19 460000.0
	806.257184719 20 460000.0
	10497.6088984 21 460000.0
	20811.6210801 22 460000.0
	31826.8282932 23 460000.0
	43649.0100533 24 460000.0
	56429.9043297 25 460000.0
	70402.7027779 26 460000.0
	464557.451058 27 460000.0
	481013.285196 28 460000.0
	496170.710566 29 460000.0
	510472.681016 30 460000.0
	524169.95851 31 460000.0
	537417.739978 32 460000.0
	-39719.1755111 15 510000.0
	-32333.1900464 16 510000.0
	-24586.6586654 17 510000.0
	-16432.9018865 18 510000.0
	-7824.4557205 19 510000.0
	1287.33027133 20 510000.0
	10954.8613867 21 510000.0
	21238.9256378 22 510000.0
	32215.5990609 23 510000.0
	43986.7327913 24 510000.0
	56697.3595203 25 510000.0
	70568.138001 26 510000.0
	85965.0040542 27 510000.0
	471229.724228 28 510000.0
	487734.454356 29 510000.0
	502987.965291 30 510000.0
	517402.981213 31 510000.0
	531217.631332 32 510000.0
