
	-45166.8324085 15 10000.0
	-37603.3240461 16 10000.0
	-29626.130569 17 10000.0
	-21184.0675466 18 10000.0
	-12223.8944566 19 10000.0
	-2691.5333238 20 10000.0
	7468.94931116 21 10000.0
	18318.0265938 22 10000.0
	29924.6099256 23 10000.0
	42371.2459808 24 10000.0
	55761.308725 25 10000.0
	70229.7529247 26 10000.0
	85960.670401 27 10000.0
	103218.801742 28 10000.0
	122412.767525 29 10000.0
	144242.161145 30 10000.0
	170125.328992 31 10000.0
	204078.997277 32 10000.0
	-45166.8324085 15 60000.0
	-37603.3240461 16 60000.0
	-29626.130569 17 60000.0
	-21184.0675466 18 60000.0
	-12223.8944566 19 60000.0
	-2691.5333238 20 60000.0
	7468.94931116 21 60000.0
	18318.0265938 22 60000.0
	29924.6099256 23 60000.0
	42371.2459808 24 60000.0
	55761.308725 25 60000.0
	70229.7529247 26 60000.0
	85960.670401 27 60000.0
	103218.801742 28 60000.0
	122412.767525 29 60000.0
	144242.161145 30 60000.0
	170125.328992 31 60000.0
	204078.997277 32 60000.0
	-45166.8324085 15 110000.0
	-37603.3240461 16 110000.0
	-29626.130569 17 110000.0
	-21184.0675466 18 110000.0
	-12223.8944566 19 110000.0
	-2691.5333238 20 110000.0
	7468.94931116 21 110000.0
	18318.0265938 22 110000.0
	29924.6099256 23 110000.0
	42371.2459808 24 110000.0
	55761.308725 25 110000.0
	70229.7529247 26 110000.0
	85960.670401 27 110000.0
	103218.801742 28 110000.0
	122412.767525 29 110000.0
	144242.161145 30 110000.0
	170125.328992 31 110000.0
	204078.997277 32 110000.0
	-45166.8324085 15 160000.0
	-37603.3240461 16 160000.0
	-29626.130569 17 160000.0
	-21184.0675466 18 160000.0
	-12223.8944566 19 160000.0
	-2691.5333238 20 160000.0
	7468.94931116 21 160000.0
	18318.0265938 22 160000.0
	29924.6099256 23 160000.0
	42371.2459808 24 160000.0
	55761.308725 25 160000.0
	70229.7529247 26 160000.0
	85960.670401 27 160000.0
	103218.801742 28 160000.0
	122412.767525 29 160000.0
	144242.161145 30 160000.0
	170125.328992 31 160000.0
	204078.997277 32 160000.0
	-45166.8324085 15 210000.0
	-37603.3240461 16 210000.0
	-29626.130569 17 210000.0
	-21184.0675466 18 210000.0
	-12223.8944566 19 210000.0
	-2691.5333238 20 210000.0
	7468.94931116 21 210000.0
	18318.0265938 22 210000.0
	29924.6099256 23 210000.0
	42371.2459808 24 210000.0
	55761.308725 25 210000.0
	70229.7529247 26 210000.0
	85960.670401 27 210000.0
	103218.801742 28 210000.0
	122412.767525 29 210000.0
	144242.161145 30 210000.0
	170125.328992 31 210000.0
	204078.997277 32 210000.0
	-45166.8324085 15 260000.0
	-37603.3240461 16 260000.0
	-29626.130569 17 260000.0
	-21184.0675466 18 260000.0
	-12223.8944566 19 260000.0
	-2691.5333238 20 260000.0
	7468.94931116 21 260000.0
	18318.0265938 22 260000.0
	29924.6099256 23 260000.0
	42371.2459808 24 260000.0
	55761.308725 25 260000.0
	70229.7529247 26 260000.0
	85960.670401 27 260000.0
	103218.801742 28 260000.0
	122412.767525 29 260000.0
	144242.161145 30 260000.0
	170125.328992 31 260000.0
	204078.997277 32 260000.0
	-45166.8324085 15 310000.0
	-37603.3240461 16 310000.0
	-29626.130569 17 310000.0
	-21184.0675466 18 310000.0
	-12223.8944566 19 310000.0
	-2691.5333238 20 310000.0
	7468.94931116 21 310000.0
	18318.0265938 22 310000.0
	29924.6099256 23 310000.0
	42371.2459808 24 310000.0
	55761.308725 25 310000.0
	70229.7529247 26 310000.0
	85960.670401 27 310000.0
	103218.801742 28 310000.0
	122412.767525 29 310000.0
	144242.161145 30 310000.0
	170125.328992 31 310000.0
	204078.997277 32 310000.0
	-45166.8324085 15 360000.0
	-37603.3240461 16 360000.0
	-29626.130569 17 360000.0
	-21184.0675466 18 360000.0
	-12223.8944566 19 360000.0
	-2691.5333238 20 360000.0
	7468.94931116 21 360000.0
	18318.0265938 22 360000.0
	29924.6099256 23 360000.0
	42371.2459808 24 360000.0
	55761.308725 25 360000.0
	70229.7529247 26 360000.0
	85960.670401 27 360000.0
	103218.801742 28 360000.0
	122412.767525 29 360000.0
	144242.161145 30 360000.0
	170125.328992 31 360000.0
	204078.997277 32 360000.0
	-45166.8324085 15 410000.0
	-37603.3240461 16 410000.0
	-29626.130569 17 410000.0
	-21184.0675466 18 410000.0
	-12223.8944566 19 410000.0
	-2691.5333238 20 410000.0
	7468.94931116 21 410000.0
	18318.0265938 22 410000.0
	29924.6099256 23 410000.0
	42371.2459808 24 410000.0
	55761.308725 25 410000.0
	70229.7529247 26 410000.0
	85960.670401 27 410000.0
	103218.801742 28 410000.0
	122412.767525 29 410000.0
	144242.161145 30 410000.0
	170125.328992 31 410000.0
	204078.997277 32 410000.0
	-45166.8324085 15 460000.0
	-37603.3240461 16 460000.0
	-29626.130569 17 460000.0
	-21184.0675466 18 460000.0
	-12223.8944566 19 460000.0
	-2691.5333238 20 460000.0
	7468.94931116 21 460000.0
	18318.0265938 22 460000.0
	29924.6099256 23 460000.0
	42371.2459808 24 460000.0
	55761.308725 25 460000.0
	70229.7529247 26 460000.0
	85960.670401 27 460000.0
	103218.801742 28 460000.0
	122412.767525 29 460000.0
	144242.161145 30 460000.0
	170125.328992 31 460000.0
	204078.997277 32 460000.0
	-45166.8324085 15 510000.0
	-37603.3240461 16 510000.0
	-29626.130569 17 510000.0
	-21184.0675466 18 510000.0
	-12223.8944566 19 510000.0
	-2691.5333238 20 510000.0
	7468.94931116 21 510000.0
	18318.0265938 22 510000.0
	29924.6099256 23 510000.0
	42371.2459808 24 510000.0
	55761.308725 25 510000.0
	70229.7529247 26 510000.0
	85960.670401 27 510000.0
	103218.801742 28 510000.0
	122412.767525 29 510000.0
	144242.161145 30 510000.0
	170125.328992 31 510000.0
	204078.997277 32 510000.0
