
	0.0112758038521 15 10000.0
	0.0120963679502 16 10000.0
	0.0129235901353 17 10000.0
	0.0137558276003 18 10000.0
	0.0145914330609 19 10000.0
	0.0154287528773 20 10000.0
	0.0162661384481 21 10000.0
	0.0171019656653 22 10000.0
	0.0179346590369 23 10000.0
	0.0187627180404 24 10000.0
	0.0195847437811 25 10000.0
	0.0203994643517 26 10000.0
	0.0212057575487 27 10000.0
	0.0220026698596 28 10000.0
	0.0227894309117 29 10000.0
	0.0235654628683 30 10000.0
	0.0243303845581 31 10000.0
	0.0250840104133 32 10000.0
	0.0911777501283 15 60000.0
	0.0939082930702 16 60000.0
	0.0961968888995 17 60000.0
	0.0980383601618 18 60000.0
	0.0151761604062 19 60000.0
	0.0159746797911 20 60000.0
	0.0167790118363 21 60000.0
	0.017586117555 22 60000.0
	0.0183934874521 23 60000.0
	0.0191989685314 24 60000.0
	0.0200006851927 25 60000.0
	0.0207970046966 26 60000.0
	0.0215865239462 27 60000.0
	0.0223680657967 28 60000.0
	0.023140678551 29 60000.0
	0.0239036351199 30 60000.0
	0.0246564299159 31 60000.0
	0.0253987725344 32 60000.0
	0.0912142777106 15 110000.0
	0.093958199582 16 110000.0
	0.0962607642843 17 110000.0
	0.098116935337 18 110000.0
	0.0995242165116 19 110000.0
	0.10048158158 20 110000.0
	0.0173651546912 21 110000.0
	0.0181275327334 22 110000.0
	0.0188982887448 23 110000.0
	0.019672892023 24 110000.0
	0.0204480008755 25 110000.0
	0.0212210180556 26 110000.0
	0.0219898720222 27 110000.0
	0.0227529025232 28 110000.0
	0.0235087966461 29 110000.0
	0.0242565496423 30 110000.0
	0.0249954375717 31 110000.0
	0.0257249950256 32 110000.0
	0.0912506897492 15 160000.0
	0.0940079493607 16 160000.0
	0.0963244287468 17 160000.0
	0.0981952277045 18 160000.0
	0.0996180406881 19 160000.0
	0.10059211626 20 160000.0
	0.101116762349 21 160000.0
	0.0187547529998 22 160000.0
	0.0194671492575 23 160000.0
	0.0201965598228 24 160000.0
	0.0209350813465 25 160000.0
	0.0216775297404 26 160000.0
	0.0224202459698 27 160000.0
	0.0231605322999 28 160000.0
	0.0238963625477 29 160000.0
	0.0246262210047 30 160000.0
	0.0253490051742 31 160000.0
	0.0260639612874 32 160000.0
	0.0912869878006 15 210000.0
	0.0940575446939 16 210000.0
	0.0963878856368 17 210000.0
	0.0982732421835 18 210000.0
	0.0997114925272 19 210000.0
	0.100702149074 20 210000.0
	0.101244910578 21 210000.0
	0.10133787643 22 210000.0
	0.100975075488 23 210000.0
	0.0207894763778 24 210000.0
	0.0214744496878 25 210000.0
	0.0221749913699 26 210000.0
	0.0228835782409 27 210000.0
	0.0235952536157 28 210000.0
	0.0243065734872 29 210000.0
	0.0250150802629 30 210000.0
	0.0257190163088 31 210000.0
	0.0264171547125 32 210000.0
	0.0913231733913 15 260000.0
	0.0941069878207 16 260000.0
	0.0964511382256 17 260000.0
	0.0983509835659 18 260000.0
	0.0998045791135 19 260000.0
	0.100811690672 20 260000.0
	0.101372390806 21 260000.0
	0.101485349573 22 260000.0
	0.101145505591 23 260000.0
	0.0214862283733 24 260000.0
	0.0220860740037 25 260000.0
	0.0227258467174 26 260000.0
	0.0233880819913 27 260000.0
	0.0240627349123 28 260000.0
	0.0247434837144 29 260000.0
	0.0254261128983 30 260000.0
	0.0261077234527 31 260000.0
	0.0267863100498 32 260000.0
	0.0913592480185 15 310000.0
	0.0941562809327 16 310000.0
	0.0965141897082 17 310000.0
	0.0984284565202 18 310000.0
	0.0998973073293 19 310000.0
	0.10092075136 20 310000.0
	0.10149921884 21 310000.0
	0.10163192307 22 310000.0
	0.1013146629 23 310000.0
	0.100633384412 24 310000.0
	0.0228046070994 25 310000.0
	0.0233495251034 26 310000.0
	0.0239456165188 27 310000.0
	0.0245706858868 28 310000.0
	0.0252123546832 29 310000.0
	0.0258630504919 30 310000.0
	0.026517857143 31 310000.0
	0.027173477691 32 310000.0
	0.0913952131507 15 360000.0
	0.0942054261755 16 360000.0
	0.096577043206 17 360000.0
	0.0985056655964 18 360000.0
	0.0999896838629 19 360000.0
	0.101029341121 20 360000.0
	0.101625409921 21 360000.0
	0.101777620949 22 360000.0
	0.101482587021 23 360000.0
	0.100818858368 24 360000.0
	0.099701549149 25 360000.0
	0.0240787509529 26 360000.0
	0.0245742158258 27 360000.0
	0.0251299841078 28 360000.0
	0.0257201988118 29 360000.0
	0.0263306501256 30 360000.0
	0.0269527769457 31 360000.0
	0.0275811086661 32 360000.0
	0.0914310702286 15 410000.0
	0.0942544256498 16 410000.0
	0.0966397017689 17 410000.0
	0.0985826152298 18 410000.0
	0.100081715216 19 410000.0
	0.101137469623 20 410000.0
	0.101750978749 21 410000.0
	0.101922466262 22 410000.0
	0.101649315682 23 410000.0
	0.101002192453 24 410000.0
	0.0999174600819 25 410000.0
	0.0983300626914 26 410000.0
	0.0253031768865 27 410000.0
	0.0257566790142 28 410000.0
	0.0262766607327 29 410000.0
	0.0268351153346 30 410000.0
	0.0274166859094 31 410000.0
	0.0280121696557 32 410000.0
	0.0914668206661 15 460000.0
	0.0943032814133 16 460000.0
	0.0967021683777 17 460000.0
	0.0986593097451 18 460000.0
	0.10017340771 19 460000.0
	0.101245146237 20 460000.0
	0.101875939511 21 460000.0
	0.102066481138 22 460000.0
	0.101814884844 23 460000.0
	0.101183235567 24 460000.0
	0.100131038111 25 460000.0
	0.0985811859085 26 460000.0
	0.0261844786764 27 460000.0
	0.0264758190254 28 460000.0
	0.0268955172481 29 460000.0
	0.0273847530749 30 460000.0
	0.0279149433031 31 460000.0
	0.0284703018022 32 460000.0
	0.0915024658503 15 510000.0
	0.0943519954811 16 510000.0
	0.0967644459464 17 510000.0
	0.0987357533602 18 510000.0
	0.100264767493 19 510000.0
	0.101352380049 20 510000.0
	0.102000305905 21 510000.0
	0.102209686833 22 510000.0
	0.10197932882 23 510000.0
	0.101361677435 24 510000.0
	0.100342368591 25 510000.0
	0.0988288970688 26 510000.0
	0.0967917942659 27 510000.0
	0.0273294608043 28 510000.0
	0.0275973869511 29 510000.0
	0.0279910417661 30 510000.0
	0.0284545341291 31 510000.0
	0.0289600447177 32 510000.0
