
	0.0911436258791 15 10000.0
	0.0938698052817 16 10000.0
	0.0961621609352 17 10000.0
	0.0980196929535 18 10000.0
	0.0994452447741 19 10000.0
	0.100444803386 20 10000.0
	0.101026545319 21 10000.0
	0.101199885825 22 10000.0
	0.100974501474 23 10000.0
	0.100463865141 24 10000.0
	0.0995672143309 25 10000.0
	0.09829886909 26 10000.0
	0.096671518694 27 10000.0
	0.0946838195684 28 10000.0
	0.092321726749 29 10000.0
	0.0895600492567 30 10000.0
	0.0864218529801 31 10000.0
	0.0838813955401 32 10000.0
	0.0911436258791 15 60000.0
	0.0938698052817 16 60000.0
	0.0961621609352 17 60000.0
	0.0980196929535 18 60000.0
	0.0994452447741 19 60000.0
	0.100444803386 20 60000.0
	0.101026545319 21 60000.0
	0.101199885825 22 60000.0
	0.100974501474 23 60000.0
	0.100463865141 24 60000.0
	0.0995672143309 25 60000.0
	0.09829886909 26 60000.0
	0.096671518694 27 60000.0
	0.0946838195684 28 60000.0
	0.092321726749 29 60000.0
	0.0895600492567 30 60000.0
	0.0864218529801 31 60000.0
	0.0838813955401 32 60000.0
	0.0911436258791 15 110000.0
	0.0938698052817 16 110000.0
	0.0961621609352 17 110000.0
	0.0980196929535 18 110000.0
	0.0994452447741 19 110000.0
	0.100444803386 20 110000.0
	0.101026545319 21 110000.0
	0.101199885825 22 110000.0
	0.100974501474 23 110000.0
	0.100463865141 24 110000.0
	0.0995672143309 25 110000.0
	0.09829886909 26 110000.0
	0.096671518694 27 110000.0
	0.0946838195684 28 110000.0
	0.092321726749 29 110000.0
	0.0895600492567 30 110000.0
	0.0864218529801 31 110000.0
	0.0838813955401 32 110000.0
	0.0911436258791 15 160000.0
	0.0938698052817 16 160000.0
	0.0961621609352 17 160000.0
	0.0980196929535 18 160000.0
	0.0994452447741 19 160000.0
	0.100444803386 20 160000.0
	0.101026545319 21 160000.0
	0.101199885825 22 160000.0
	0.100974501474 23 160000.0
	0.100463865141 24 160000.0
	0.0995672143309 25 160000.0
	0.09829886909 26 160000.0
	0.096671518694 27 160000.0
	0.0946838195684 28 160000.0
	0.092321726749 29 160000.0
	0.0895600492567 30 160000.0
	0.0864218529801 31 160000.0
	0.0838813955401 32 160000.0
	0.0911436258791 15 210000.0
	0.0938698052817 16 210000.0
	0.0961621609352 17 210000.0
	0.0980196929535 18 210000.0
	0.0994452447741 19 210000.0
	0.100444803386 20 210000.0
	0.101026545319 21 210000.0
	0.101199885825 22 210000.0
	0.100974501474 23 210000.0
	0.100463865141 24 210000.0
	0.0995672143309 25 210000.0
	0.09829886909 26 210000.0
	0.096671518694 27 210000.0
	0.0946838195684 28 210000.0
	0.092321726749 29 210000.0
	0.0895600492567 30 210000.0
	0.0864218529801 31 210000.0
	0.0838813955401 32 210000.0
	0.0911436258791 15 260000.0
	0.0938698052817 16 260000.0
	0.0961621609352 17 260000.0
	0.0980196929535 18 260000.0
	0.0994452447741 19 260000.0
	0.100444803386 20 260000.0
	0.101026545319 21 260000.0
	0.101199885825 22 260000.0
	0.100974501474 23 260000.0
	0.100463865141 24 260000.0
	0.0995672143309 25 260000.0
	0.09829886909 26 260000.0
	0.096671518694 27 260000.0
	0.0946838195684 28 260000.0
	0.092321726749 29 260000.0
	0.0895600492567 30 260000.0
	0.0864218529801 31 260000.0
	0.0838813955401 32 260000.0
	0.0911436258791 15 310000.0
	0.0938698052817 16 310000.0
	0.0961621609352 17 310000.0
	0.0980196929535 18 310000.0
	0.0994452447741 19 310000.0
	0.100444803386 20 310000.0
	0.101026545319 21 310000.0
	0.101199885825 22 310000.0
	0.100974501474 23 310000.0
	0.100463865141 24 310000.0
	0.0995672143309 25 310000.0
	0.09829886909 26 310000.0
	0.096671518694 27 310000.0
	0.0946838195684 28 310000.0
	0.092321726749 29 310000.0
	0.0895600492567 30 310000.0
	0.0864218529801 31 310000.0
	0.0838813955401 32 310000.0
	0.0911436258791 15 360000.0
	0.0938698052817 16 360000.0
	0.0961621609352 17 360000.0
	0.0980196929535 18 360000.0
	0.0994452447741 19 360000.0
	0.100444803386 20 360000.0
	0.101026545319 21 360000.0
	0.101199885825 22 360000.0
	0.100974501474 23 360000.0
	0.100463865141 24 360000.0
	0.0995672143309 25 360000.0
	0.09829886909 26 360000.0
	0.096671518694 27 360000.0
	0.0946838195684 28 360000.0
	0.092321726749 29 360000.0
	0.0895600492567 30 360000.0
	0.0864218529801 31 360000.0
	0.0838813955401 32 360000.0
	0.0911436258791 15 410000.0
	0.0938698052817 16 410000.0
	0.0961621609352 17 410000.0
	0.0980196929535 18 410000.0
	0.0994452447741 19 410000.0
	0.100444803386 20 410000.0
	0.101026545319 21 410000.0
	0.101199885825 22 410000.0
	0.100974501474 23 410000.0
	0.100463865141 24 410000.0
	0.0995672143309 25 410000.0
	0.09829886909 26 410000.0
	0.096671518694 27 410000.0
	0.0946838195684 28 410000.0
	0.092321726749 29 410000.0
	0.0895600492567 30 410000.0
	0.0864218529801 31 410000.0
	0.0838813955401 32 410000.0
	0.0911436258791 15 460000.0
	0.0938698052817 16 460000.0
	0.0961621609352 17 460000.0
	0.0980196929535 18 460000.0
	0.0994452447741 19 460000.0
	0.100444803386 20 460000.0
	0.101026545319 21 460000.0
	0.101199885825 22 460000.0
	0.100974501474 23 460000.0
	0.100463865141 24 460000.0
	0.0995672143309 25 460000.0
	0.09829886909 26 460000.0
	0.096671518694 27 460000.0
	0.0946838195684 28 460000.0
	0.092321726749 29 460000.0
	0.0895600492567 30 460000.0
	0.0864218529801 31 460000.0
	0.0838813955401 32 460000.0
	0.0911436258791 15 510000.0
	0.0938698052817 16 510000.0
	0.0961621609352 17 510000.0
	0.0980196929535 18 510000.0
	0.0994452447741 19 510000.0
	0.100444803386 20 510000.0
	0.101026545319 21 510000.0
	0.101199885825 22 510000.0
	0.100974501474 23 510000.0
	0.100463865141 24 510000.0
	0.0995672143309 25 510000.0
	0.09829886909 26 510000.0
	0.096671518694 27 510000.0
	0.0946838195684 28 510000.0
	0.092321726749 29 510000.0
	0.0895600492567 30 510000.0
	0.0864218529801 31 510000.0
	0.0838813955401 32 510000.0
