	2.25518475118e-05 15 10000.0
	2.02017455507e-05 16 10000.0
	1.82441027667e-05 17 10000.0
	1.6583105595e-05 18 10000.0
	1.51538393311e-05 19 10000.0
	1.3909597414e-05 20 10000.0
	1.28151716063e-05 21 10000.0
	1.18430575448e-05 22 10000.0
	1.09711438035e-05 23 10000.0
	1.01811891514e-05 24 10000.0
	9.45772822523e-06 25 10000.0
	8.78719571406e-06 26 10000.0
	8.15711158704e-06 27 10000.0
	7.55514543727e-06 28 10000.0
	6.9677265395e-06 29 10000.0
	6.3773420357e-06 30 10000.0
	5.75558136232e-06 31 10000.0
	5.03688136761e-06 32 10000.0
	2.25518475118e-05 15 60000.0
	2.02017455507e-05 16 60000.0
	1.82441027667e-05 17 60000.0
	1.6583105595e-05 18 60000.0
	1.51538393311e-05 19 60000.0
	1.3909597414e-05 20 60000.0
	1.28151716063e-05 21 60000.0
	1.18430575448e-05 22 60000.0
	1.09711438035e-05 23 60000.0
	1.01811891514e-05 24 60000.0
	9.45772822523e-06 25 60000.0
	8.78719571406e-06 26 60000.0
	8.15711158704e-06 27 60000.0
	7.55514543727e-06 28 60000.0
	6.9677265395e-06 29 60000.0
	6.3773420357e-06 30 60000.0
	5.75558136232e-06 31 60000.0
	5.03688136761e-06 32 60000.0
	2.25518475118e-05 15 110000.0
	2.02017455507e-05 16 110000.0
	1.82441027667e-05 17 110000.0
	1.6583105595e-05 18 110000.0
	1.51538393311e-05 19 110000.0
	1.3909597414e-05 20 110000.0
	1.28151716063e-05 21 110000.0
	1.18430575448e-05 22 110000.0
	1.09711438035e-05 23 110000.0
	1.01811891514e-05 24 110000.0
	9.45772822523e-06 25 110000.0
	8.78719571406e-06 26 110000.0
	8.15711158704e-06 27 110000.0
	7.55514543727e-06 28 110000.0
	6.9677265395e-06 29 110000.0
	6.3773420357e-06 30 110000.0
	5.75558136232e-06 31 110000.0
	5.03688136761e-06 32 110000.0
	2.25518475118e-05 15 160000.0
	2.02017455507e-05 16 160000.0
	1.82441027667e-05 17 160000.0
	1.6583105595e-05 18 160000.0
	1.51538393311e-05 19 160000.0
	1.3909597414e-05 20 160000.0
	1.28151716063e-05 21 160000.0
	1.18430575448e-05 22 160000.0
	1.09711438035e-05 23 160000.0
	1.01811891514e-05 24 160000.0
	9.45772822523e-06 25 160000.0
	8.78719571406e-06 26 160000.0
	8.15711158704e-06 27 160000.0
	7.55514543727e-06 28 160000.0
	6.9677265395e-06 29 160000.0
	6.3773420357e-06 30 160000.0
	5.75558136232e-06 31 160000.0
	5.03688136761e-06 32 160000.0
	2.25518475118e-05 15 210000.0
	2.02017455507e-05 16 210000.0
	1.82441027667e-05 17 210000.0
	1.6583105595e-05 18 210000.0
	1.51538393311e-05 19 210000.0
	1.3909597414e-05 20 210000.0
	1.28151716063e-05 21 210000.0
	1.18430575448e-05 22 210000.0
	1.09711438035e-05 23 210000.0
	1.01811891514e-05 24 210000.0
	9.45772822523e-06 25 210000.0
	8.78719571406e-06 26 210000.0
	8.15711158704e-06 27 210000.0
	7.55514543727e-06 28 210000.0
	6.9677265395e-06 29 210000.0
	6.3773420357e-06 30 210000.0
	5.75558136232e-06 31 210000.0
	5.03688136761e-06 32 210000.0
	2.25518475118e-05 15 260000.0
	2.02017455507e-05 16 260000.0
	1.82441027667e-05 17 260000.0
	1.6583105595e-05 18 260000.0
	1.51538393311e-05 19 260000.0
	1.3909597414e-05 20 260000.0
	1.28151716063e-05 21 260000.0
	1.18430575448e-05 22 260000.0
	1.09711438035e-05 23 260000.0
	1.01811891514e-05 24 260000.0
	9.45772822523e-06 25 260000.0
	8.78719571406e-06 26 260000.0
	8.15711158704e-06 27 260000.0
	7.55514543727e-06 28 260000.0
	6.9677265395e-06 29 260000.0
	6.3773420357e-06 30 260000.0
	5.75558136232e-06 31 260000.0
	5.03688136761e-06 32 260000.0
	2.25518475118e-05 15 310000.0
	2.02017455507e-05 16 310000.0
	1.82441027667e-05 17 310000.0
	1.6583105595e-05 18 310000.0
	1.51538393311e-05 19 310000.0
	1.3909597414e-05 20 310000.0
	1.28151716063e-05 21 310000.0
	1.18430575448e-05 22 310000.0
	1.09711438035e-05 23 310000.0
	1.01811891514e-05 24 310000.0
	9.45772822523e-06 25 310000.0
	8.78719571406e-06 26 310000.0
	8.15711158704e-06 27 310000.0
	7.55514543727e-06 28 310000.0
	6.9677265395e-06 29 310000.0
	6.3773420357e-06 30 310000.0
	5.75558136232e-06 31 310000.0
	5.03688136761e-06 32 310000.0
	2.25518475118e-05 15 360000.0
	2.02017455507e-05 16 360000.0
	1.82441027667e-05 17 360000.0
	1.6583105595e-05 18 360000.0
	1.51538393311e-05 19 360000.0
	1.3909597414e-05 20 360000.0
	1.28151716063e-05 21 360000.0
	1.18430575448e-05 22 360000.0
	1.09711438035e-05 23 360000.0
	1.01811891514e-05 24 360000.0
	9.45772822523e-06 25 360000.0
	8.78719571406e-06 26 360000.0
	8.15711158704e-06 27 360000.0
	7.55514543727e-06 28 360000.0
	6.9677265395e-06 29 360000.0
	6.3773420357e-06 30 360000.0
	5.75558136232e-06 31 360000.0
	5.03688136761e-06 32 360000.0
	2.25518475118e-05 15 410000.0
	2.02017455507e-05 16 410000.0
	1.82441027667e-05 17 410000.0
	1.6583105595e-05 18 410000.0
	1.51538393311e-05 19 410000.0
	1.3909597414e-05 20 410000.0
	1.28151716063e-05 21 410000.0
	1.18430575448e-05 22 410000.0
	1.09711438035e-05 23 410000.0
	1.01811891514e-05 24 410000.0
	9.45772822523e-06 25 410000.0
	8.78719571406e-06 26 410000.0
	8.15711158704e-06 27 410000.0
	7.55514543727e-06 28 410000.0
	6.9677265395e-06 29 410000.0
	6.3773420357e-06 30 410000.0
	5.75558136232e-06 31 410000.0
	5.03688136761e-06 32 410000.0
	2.25518475118e-05 15 460000.0
	2.02017455507e-05 16 460000.0
	1.82441027667e-05 17 460000.0
	1.6583105595e-05 18 460000.0
	1.51538393311e-05 19 460000.0
	1.3909597414e-05 20 460000.0
	1.28151716063e-05 21 460000.0
	1.18430575448e-05 22 460000.0
	1.09711438035e-05 23 460000.0
	1.01811891514e-05 24 460000.0
	9.45772822523e-06 25 460000.0
	8.78719571406e-06 26 460000.0
	8.15711158704e-06 27 460000.0
	7.55514543727e-06 28 460000.0
	6.9677265395e-06 29 460000.0
	6.3773420357e-06 30 460000.0
	5.75558136232e-06 31 460000.0
	5.03688136761e-06 32 460000.0
	2.25518475118e-05 15 510000.0
	2.02017455507e-05 16 510000.0
	1.82441027667e-05 17 510000.0
	1.6583105595e-05 18 510000.0
	1.51538393311e-05 19 510000.0
	1.3909597414e-05 20 510000.0
	1.28151716063e-05 21 510000.0
	1.18430575448e-05 22 510000.0
	1.09711438035e-05 23 510000.0
	1.01811891514e-05 24 510000.0
	9.45772822523e-06 25 510000.0
	8.78719571406e-06 26 510000.0
	8.15711158704e-06 27 510000.0
	7.55514543727e-06 28 510000.0
	6.9677265395e-06 29 510000.0
	6.3773420357e-06 30 510000.0
	5.75558136232e-06 31 510000.0
	5.03688136761e-06 32 510000.0
