
	0.164502329805 15 10000.0
	0.153821867474 16 10000.0
	0.144476972656 17 10000.0
	0.136224731767 18 10000.0
	0.128879467902 19 10000.0
	0.122296488663 20 10000.0
	0.116361077722 21 10000.0
	0.110980908508 22 10000.0
	0.106080702686 23 10000.0
	0.101598385843 24 10000.0
	0.097482263242 25 10000.0
	0.0936889061934 26 10000.0
	0.0901815441294 27 10000.0
	0.0869288236772 28 10000.0
	0.0839038387622 29 10000.0
	0.0810833640077 30 10000.0
	0.0784472427332 31 10000.0
	0.0759778939604 32 10000.0
	76.0383507401 15 60000.0
	75.1701224915 16 60000.0
	74.2481556589 17 60000.0
	73.2653987697 18 60000.0
	0.817275124208 19 60000.0
	0.769925316775 20 60000.0
	0.728269043317 21 60000.0
	0.691234486376 22 60000.0
	0.658029138908 23 60000.0
	0.628047393529 24 60000.0
	0.600814334849 25 60000.0
	0.57594978553 26 60000.0
	0.553144292828 27 60000.0
	0.53214248844 28 60000.0
	0.512731192322 29 60000.0
	0.494730681305 30 60000.0
	0.477988136871 31 60000.0
	0.462372635143 32 60000.0
	76.0838372607 15 110000.0
	75.2188451103 16 110000.0
	74.3005843724 17 110000.0
	73.3221373305 18 110000.0
	72.2770675078 19 110000.0
	71.1577867311 20 110000.0
	1.40196727296 21 110000.0
	1.32186784658 22 110000.0
	1.25172802072 23 110000.0
	1.18954713274 24 110000.0
	1.13388665217 25 110000.0
	1.08367057127 26 110000.0
	1.03806900688 27 110000.0
	0.996426242468 28 110000.0
	0.958214022109 29 110000.0
	0.922999967408 30 110000.0
	0.890425470948 31 110000.0
	0.860189765607 32 110000.0
	76.1291434861 15 160000.0
	75.2673517785 16 160000.0
	74.3527528549 17 160000.0
	73.3785591072 18 160000.0
	72.3384980523 19 160000.0
	71.2252055003 20 160000.0
	70.0290666731 21 160000.0
	2.01893337321 22 160000.0
	1.89805783539 23 160000.0
	1.79372891198 24 160000.0
	1.70219813946 25 160000.0
	1.62090135372 26 160000.0
	1.54799319208 27 160000.0
	1.48209312595 28 160000.0
	1.42213670164 29 160000.0
	1.36728324432 30 160000.0
	1.31685580345 31 160000.0
	1.27030049075 32 160000.0
	76.1742713098 15 210000.0
	75.3156450333 16 210000.0
	74.4046645261 17 210000.0
	73.4346687702 18 210000.0
	72.3995441292 19 210000.0
	71.2921424563 20 210000.0
	70.1031583731 21 210000.0
	68.8199531544 22 210000.0
	67.4248649752 23 210000.0
	2.45162991753 24 210000.0
	2.31327205735 25 210000.0
	2.19294429911 26 210000.0
	2.08675380898 27 210000.0
	1.99198004588 28 210000.0
	1.90663432749 29 210000.0
	1.829211583 30 210000.0
	1.75854109353 31 210000.0
	1.69369191154 32 210000.0
	76.2192225894 15 260000.0
	75.3637273602 16 260000.0
	74.4563227281 17 260000.0
	73.4904708729 18 260000.0
	72.460212064 19 260000.0
	71.3586066149 20 260000.0
	70.1766463128 21 260000.0
	68.9021351269 22 260000.0
	67.5181039642 23 260000.0
	3.18028632825 24 260000.0
	2.97788180315 25 260000.0
	2.80697428675 26 260000.0
	2.6593184405 27 260000.0
	2.52963195193 28 260000.0
	2.41429861842 29 260000.0
	2.31071767299 30 260000.0
	2.21694650484 31 260000.0
	2.13149028793 32 260000.0
	76.2639991485 15 310000.0
	75.4116011941 16 310000.0
	74.5077307289 17 310000.0
	73.5459698567 18 310000.0
	72.5205080078 19 310000.0
	71.4246067118 20 310000.0
	70.2495433041 21 310000.0
	68.9835447943 22 310000.0
	67.6102993783 23 310000.0
	66.1064775361 24 310000.0
	3.71242659398 25 310000.0
	3.47311754452 26 310000.0
	3.27231498166 27 310000.0
	3.09957774965 28 310000.0
	2.9483283798 29 310000.0
	2.81412092165 30 310000.0
	2.69378997062 31 310000.0
	2.58499060316 32 310000.0
	76.3086027766 15 360000.0
	75.4592689208 16 360000.0
	74.5588917241 17 360000.0
	73.6011700542 18 360000.0
	72.5804379442 19 360000.0
	71.4901512152 20 360000.0
	70.3218617115 21 360000.0
	69.0642009437 22 360000.0
	67.7014812718 23 360000.0
	66.2113932619 24 360000.0
	64.56078073 25 360000.0
	4.20648208035 26 360000.0
	3.9349270843 27 360000.0
	3.70776039856 28 360000.0
	3.51274962687 29 360000.0
	3.34224575563 30 360000.0
	3.19110826683 31 360000.0
	3.05569461632 32 360000.0
	76.3530352308 15 410000.0
	75.5067328785 16 410000.0
	74.6098088391 17 410000.0
	73.6560756935 18 410000.0
	72.6400076958 19 410000.0
	71.5552483366 20 410000.0
	70.3936134736 21 410000.0
	69.144121616 22 410000.0
	67.7916782957 23 410000.0
	66.3149349984 24 410000.0
	64.6824099612 25 410000.0
	62.8446913778 26 410000.0
	4.66051928853 27 410000.0
	4.36224088074 28 410000.0
	4.1127490005 29 410000.0
	3.89859030232 30 410000.0
	3.71134676634 31 410000.0
	3.54536053883 32 410000.0
	76.3972982364 15 460000.0
	75.5539953594 16 460000.0
	74.6604851319 17 460000.0
	73.7106909013 18 460000.0
	72.6992229301 19 460000.0
	71.6199060423 20 460000.0
	70.4648101239 21 460000.0
	69.2233241461 22 460000.0
	67.8809177875 23 460000.0
	66.4171486696 24 460000.0
	64.8020957528 25 460000.0
	62.9893064941 26 460000.0
	5.46987948323 27 460000.0
	5.07442346563 28 460000.0
	4.75520045616 29 460000.0
	4.48757416716 30 460000.0
	4.25748401944 31 460000.0
	4.05606892465 32 460000.0
	76.4413934874 15 510000.0
	75.6010586103 16 510000.0
	74.7109235944 17 510000.0
	73.7650197065 18 510000.0
	72.7580891652 19 510000.0
	71.6841320632 20 510000.0
	70.5354628091 21 510000.0
	69.3018252014 22 510000.0
	67.9692258536 23 510000.0
	66.518077728 24 510000.0
	64.9199166583 25 510000.0
	63.131008904 26 510000.0
	61.078262992 27 510000.0
	5.86136597723 28 510000.0
	5.44954159881 29 510000.0
	5.11491551225 30 510000.0
	4.83320904297 31 510000.0
	4.59031165142 32 510000.0
