
	1084.48729387 24 1371367.0
	1051.06864198 25 1371367.0
	1014.64964403 26 1371367.0
	974.712487419 27 1371367.0
	930.513127008 28 1371367.0
	880.930613595 29 1371367.0
	824.15222707 30 1371367.0
	756.904291379 31 1371367.0
	672.029276992 32 1371367.0
	545.407100541 33 1371367.0
	395.720530415 34 1371367.0
	421.459160407 35 1371367.0
	439.662470156 36 1371367.0
	454.450635698 37 1371367.0
	467.280575937 38 1371367.0
	478.845759347 39 1371367.0
	489.527867659 40 1371367.0
	499.55589792 41 1371367.0
	509.075824757 42 1371367.0
	518.185277033 43 1371367.0
	526.95228986 44 1371367.0
	535.426050035 45 1371367.0
	543.643327756 46 1371367.0
	551.632463101 47 1371367.0
	559.415910677 48 1371367.0
	567.011906468 49 1371367.0
	574.43558559 50 1371367.0
	581.699748352 51 1371367.0
	588.815396248 52 1371367.0
	595.792114479 53 1371367.0
	602.638350245 54 1371367.0
	609.361619028 55 1371367.0
	615.968660307 56 1371367.0
	622.465557196 57 1371367.0
	628.857829958 58 1371367.0
	635.150510309 59 1371367.0
	641.348201394 60 1371367.0
	647.455126934 61 1371367.0
	653.475172055 62 1371367.0
	659.411917666 63 1371367.0
	665.268669751 64 1371367.0
	671.048484618 65 1371367.0
	676.754190874 66 1371367.0
	682.38840875 67 1371367.0
	687.953567224 68 1371367.0
	693.451919327 69 1371367.0
	698.88555591 70 1371367.0
	704.256418121 71 1371367.0
	709.56630876 72 1371367.0
	714.816902686 73 1371367.0
	720.00975639 74 1371367.0
	725.146316839 75 1371367.0
	730.227929681 76 1371367.0
	735.255846878 77 1371367.0
	740.231233831 78 1371367.0
	745.155176046 79 1371367.0
	750.028685384 80 1371367.0
