
	11502.1528927 24 137136.7
	11323.1852326 25 137136.7
	11198.2012791 26 137136.7
	11107.5985851 27 137136.7
	11039.0883223 28 137136.7
	10984.9332605 29 137136.7
	10940.2550461 30 137136.7
	10901.978254 31 137136.7
	10868.1654246 32 137136.7
	10837.5963485 33 137136.7
	10809.5014144 34 137136.7
	10783.392653 35 137136.7
	10758.9569015 36 137136.7
	10735.9885057 37 137136.7
	10714.3471759 38 137136.7
	10693.9318174 39 137136.7
	10674.6644727 40 137136.7
	10656.4806308 41 137136.7
	10639.3235185 42 137136.7
	10623.1408521 43 137136.7
	10607.8830889 44 137136.7
	10593.5025721 45 137136.7
	10579.9531903 46 137136.7
	10567.190319 47 137136.7
	10555.1709023 48 137136.7
	10543.8535919 49 137136.7
	10533.1988957 50 137136.7
	10523.1693118 51 137136.7
	10513.7294356 52 137136.7
	10504.8460361 53 137136.7
	10496.488102 54 137136.7
	10488.626861 55 137136.7
	10481.2357741 56 137136.7
	10474.2905114 57 137136.7
	10467.7689099 58 137136.7
	10461.6509191 59 137136.7
	10455.9185363 60 137136.7
	10450.5557338 61 137136.7
	10445.5483795 62 137136.7
	10440.8841546 63 137136.7
	10436.5524662 64 137136.7
	10432.5443599 65 137136.7
	10428.8524296 66 137136.7
	10425.4707271 67 137136.7
	10422.3946722 68 137136.7
	10419.6209629 69 137136.7
	10417.1474856 70 137136.7
	10414.9732276 71 137136.7
	10413.0981902 72 137136.7
	10411.5233033 73 137136.7
	10410.2503419 74 137136.7
	10409.281845 75 137136.7
	10408.6210355 76 137136.7
	10408.2717433 77 137136.7
	10408.2383304 78 137136.7
	10408.5256186 79 137136.7
	10409.1388196 80 137136.7
