
	5313.16345817 24 137136.7
	5167.35069842 25 137136.7
	5054.69715438 26 137136.7
	4964.23256734 27 137136.7
	4889.24416402 28 137136.7
	4825.49750961 29 137136.7
	4770.24045859 30 137136.7
	4721.62794334 31 137136.7
	4678.38188742 32 137136.7
	4639.58627639 33 137136.7
	4604.56161259 34 137136.7
	4572.78679697 35 137136.7
	4543.84975247 36 137136.7
	4517.41568713 37 137136.7
	4493.20631343 38 137136.7
	4470.98595456 39 137136.7
	4450.5520348 40 137136.7
	4431.72839944 41 137136.7
	4414.36048981 42 137136.7
	4398.31175639 43 137136.7
	4383.46091531 44 137136.7
	4369.69979253 45 137136.7
	4356.9315882 46 137136.7
	4345.06944948 47 137136.7
	4334.03527596 48 137136.7
	4323.75870535 49 137136.7
	4314.17624231 50 137136.7
	4305.23050337 51 137136.7
	4296.86955795 52 137136.7
	4289.04635018 53 137136.7
	4281.71818928 54 137136.7
	4274.84629908 55 137136.7
	4268.39541874 56 137136.7
	4262.33344797 57 137136.7
	4256.63113143 58 137136.7
	4251.26177739 59 137136.7
	4246.20100671 60 137136.7
	4241.42652862 61 137136.7
	4236.91794008 62 137136.7
	4232.65654625 63 137136.7
	4228.62519953 64 137136.7
	4224.80815526 65 137136.7
	4221.19094202 66 137136.7
	4217.76024523 67 137136.7
	4214.50380231 68 137136.7
	4211.41030833 69 137136.7
	4208.46933105 70 137136.7
	4205.67123413 71 137136.7
	4203.00710796 72 137136.7
	4200.46870703 73 137136.7
	4198.04839333 74 137136.7
	4195.73908512 75 137136.7
	4193.53421045 76 137136.7
	4191.42766501 77 137136.7
	4189.41377394 78 137136.7
	4187.487257 79 137136.7
	4185.64319697 80 137136.7
