
	1098358.30232 24 137136.7
	1105100.9141 25 137136.7
	1111755.1576 26 137136.7
	1118351.44389 27 137136.7
	1124908.61815 28 137136.7
	1131438.25233 29 137136.7
	1137947.37109 30 137136.7
	1144440.18415 31 137136.7
	1150919.18372 32 137136.7
	1157385.83535 33 137136.7
	1163841.00854 34 137136.7
	1170285.24167 35 137136.7
	1176718.90181 36 137136.7
	1183142.27851 37 137136.7
	1189555.63642 38 137136.7
	1195959.24286 39 137136.7
	1202353.38026 40 137136.7
	1208738.34995 41 137136.7
	1215114.47113 42 137136.7
	1221482.07749 43 137136.7
	1227841.51296 44 137136.7
	1234193.12727 45 137136.7
	1240537.27196 46 137136.7
	1246874.29682 47 137136.7
	1253204.54708 48 137136.7
	1259528.36117 49 137136.7
	1265846.06905 50 137136.7
	1272157.99111 51 137136.7
	1278464.43748 52 137136.7
	1284765.70774 53 137136.7
	1291062.09093 54 137136.7
	1297353.86579 55 137136.7
	1303641.30131 56 137136.7
	1309924.65728 57 137136.7
	1316204.1851 58 137136.7
	1322480.12863 59 137136.7
	1328752.72506 60 137136.7
	1335022.20594 61 137136.7
	1341288.79808 62 137136.7
	1347552.72463 63 137136.7
	1353814.20597 64 137136.7
	1360073.46077 65 137136.7
	1366330.70688 66 137136.7
	1372586.16226 67 137136.7
	1378840.04589 68 137136.7
	1385092.57856 69 137136.7
	1391343.98368 70 137136.7
	1397594.48802 71 137136.7
	1403844.32241 72 137136.7
	1410093.72234 73 137136.7
	1416342.92857 74 137136.7
	1422592.18764 75 137136.7
	1428841.75233 76 137136.7
	1435091.88205 77 137136.7
	1441342.84325 78 137136.7
	1447594.90963 79 137136.7
	1453848.36245 80 137136.7
