
	1189182.37579 24 137136.7
	1200589.46139 25 137136.7
	1211846.61225 26 137136.7
	1222997.24545 27 137136.7
	1234069.12433 28 137136.7
	1245080.1762 29 137136.7
	1256042.13027 30 137136.7
	1266962.80777 31 137136.7
	1277847.56699 32 137136.7
	1288700.21499 33 137136.7
	1299523.58136 34 137136.7
	1310319.87798 35 137136.7
	1321090.92317 36 137136.7
	1331838.2802 37 137136.7
	1342563.34211 38 137136.7
	1353267.38296 39 137136.7
	1363951.58827 40 137136.7
	1374617.07299 41 137136.7
	1385264.89173 42 137136.7
	1395896.04481 43 137136.7
	1406511.48172 44 137136.7
	1417112.10339 45 137136.7
	1427698.76389 46 137136.7
	1438272.27192 47 137136.7
	1448833.39233 48 137136.7
	1459382.84774 49 137136.7
	1469921.32036 50 137136.7
	1480449.45388 51 137136.7
	1490967.85553 52 137136.7
	1501477.09822 53 137136.7
	1511977.72273 54 137136.7
	1522470.23996 55 137136.7
	1532955.13315 56 137136.7
	1543432.86009 57 137136.7
	1553903.85537 58 137136.7
	1564368.53243 59 137136.7
	1574827.28572 60 137136.7
	1585280.49267 61 137136.7
	1595728.51565 62 137136.7
	1606171.70379 63 137136.7
	1616610.39479 64 137136.7
	1627044.91656 65 137136.7
	1637475.58888 66 137136.7
	1647902.72482 67 137136.7
	1658326.6322 68 137136.7
	1668747.61493 69 137136.7
	1679165.97419 70 137136.7
	1689582.00963 71 137136.7
	1699996.02038 72 137136.7
	1710408.30605 73 137136.7
	1720819.16762 74 137136.7
	1731228.90822 75 137136.7
	1741637.83386 76 137136.7
	1752046.25412 77 137136.7
	1762454.48264 78 137136.7
	1772862.83768 79 137136.7
	1783271.64251 80 137136.7
