
	0.0207413125417 24 137136.7
	0.0214089805121 25 137136.7
	0.0220829192468 26 137136.7
	0.0227608188364 27 137136.7
	0.0234411588645 28 137136.7
	0.0241228964689 29 137136.7
	0.0248052852496 30 137136.7
	0.0254877641909 31 137136.7
	0.0261698875883 32 137136.7
	0.0268512801618 33 137136.7
	0.0275316082861 34 137136.7
	0.0282105618754 35 137136.7
	0.0288878434744 36 137136.7
	0.029563162276 37 137136.7
	0.0302362314997 38 137136.7
	0.0309067680191 39 137136.7
	0.0315744934324 40 137136.7
	0.0322391359836 41 137136.7
	0.0329004329017 42 137136.7
	0.0335581328409 43 137136.7
	0.0342119981924 44 137136.7
	0.0348618070964 45 137136.7
	0.0355073549958 46 137136.7
	0.0361484554777 47 137136.7
	0.0367849395999 48 137136.7
	0.0374166492234 49 137136.7
	0.0380433758986 50 137136.7
	0.0386654068682 51 137136.7
	0.0392823813834 52 137136.7
	0.0398942420357 53 137136.7
	0.0405009509799 54 137136.7
	0.041102489127 55 137136.7
	0.0416988552209 56 137136.7
	0.0422900648337 57 137136.7
	0.0428761493089 58 137136.7
	0.0434571546779 59 137136.7
	0.0440331405704 60 137136.7
	0.0446041791358 61 137136.7
	0.0451703539885 62 137136.7
	0.0457317591882 63 137136.7
	0.0462884982622 64 137136.7
	0.0468406832756 65 137136.7
	0.0473884339527 66 137136.7
	0.0479318768521 67 137136.7
	0.0484711445957 68 137136.7
	0.0490063751518 69 137136.7
	0.0495377111721 70 137136.7
	0.0500652993792 71 137136.7
	0.0505892900048 72 137136.7
	0.051109836275 73 137136.7
	0.0516270939402 74 137136.7
	0.0521412208483 75 137136.7
	0.0526523765559 76 137136.7
	0.0531607219781 77 137136.7
	0.0536664190711 78 137136.7
	0.0541696305465 79 137136.7
	0.0546705196146 80 137136.7
