
	1.21008659681e-06 24 137136.7
	1.26625807928e-06 25 137136.7
	1.32089863573e-06 26 137136.7
	1.3742296501e-06 27 137136.7
	1.42641769061e-06 28 137136.7
	1.47759111342e-06 29 137136.7
	1.52785101366e-06 30 137136.7
	1.57727863716e-06 31 137136.7
	1.62594050578e-06 32 137136.7
	1.67389202826e-06 33 137136.7
	1.72118008688e-06 34 137136.7
	1.76784491885e-06 35 137136.7
	1.81392150454e-06 36 137136.7
	1.85944060575e-06 37 137136.7
	1.90442955247e-06 38 137136.7
	1.9489128466e-06 39 137136.7
	1.99291263086e-06 40 137136.7
	2.03644905735e-06 41 137136.7
	2.07954058061e-06 42 137136.7
	2.12220419307e-06 43 137136.7
	2.1644556165e-06 44 137136.7
	2.20630945901e-06 45 137136.7
	2.24777934523e-06 46 137136.7
	2.28887802526e-06 47 137136.7
	2.32961746648e-06 48 137136.7
	2.37000893183e-06 49 137136.7
	2.41006304681e-06 50 137136.7
	2.44978985746e-06 51 137136.7
	2.4891988807e-06 52 137136.7
	2.52829914843e-06 53 137136.7
	2.56709924639e-06 54 137136.7
	2.60560734849e-06 55 137136.7
	2.64383124742e-06 56 137136.7
	2.68177838196e-06 57 137136.7
	2.71945586156e-06 58 137136.7
	2.75687048843e-06 59 137136.7
	2.79402877759e-06 60 137136.7
	2.83093697505e-06 61 137136.7
	2.86760107436e-06 62 137136.7
	2.90402683175e-06 63 137136.7
	2.94021978002e-06 64 137136.7
	2.97618524124e-06 65 137136.7
	3.01192833851e-06 66 137136.7
	3.04745400681e-06 67 137136.7
	3.08276700298e-06 68 137136.7
	3.11787191503e-06 69 137136.7
	3.15277317076e-06 70 137136.7
	3.18747504579e-06 71 137136.7
	3.22198167103e-06 72 137136.7
	3.2562970397e-06 73 137136.7
	3.29042501378e-06 74 137136.7
	3.32436933018e-06 75 137136.7
	3.35813360647e-06 76 137136.7
	3.3917213462e-06 77 137136.7
	3.42513594403e-06 78 137136.7
	3.45838069041e-06 79 137136.7
	3.49145877612e-06 80 137136.7
