
	1.50991576084 24 137136.7
	1.43615861691 25 137136.7
	1.37011396701 26 137136.7
	1.31048449113 27 137136.7
	1.25628494029 28 137136.7
	1.20674391397 29 137136.7
	1.16124289474 30 137136.7
	1.11927655439 31 137136.7
	1.0804257997 32 137136.7
	1.04433878741 33 137136.7
	1.01071712566 34 137136.7
	0.979305574731 35 137136.7
	0.949884186084 36 137136.7
	0.922262188913 37 137136.7
	0.896273160739 38 137136.7
	0.871771161446 39 137136.7
	0.848627603529 40 137136.7
	0.826728693666 41 137136.7
	0.80597332357 42 137136.7
	0.786271318209 43 137136.7
	0.767541971101 44 137136.7
	0.749712812262 45 137136.7
	0.732718566115 46 137136.7
	0.716500265624 47 137136.7
	0.701004495677 48 137136.7
	0.686182744024 49 137136.7
	0.671990842199 50 137136.7
	0.658388482066 51 137136.7
	0.645338796245 52 137136.7
	0.632807992693 53 137136.7
	0.620765035409 54 137136.7
	0.609181364555 55 137136.7
	0.598030650401 56 137136.7
	0.58728857636 57 137136.7
	0.576932647181 58 137136.7
	0.566942018901 59 137136.7
	0.557297347737 60 137136.7
	0.54798065546 61 137136.7
	0.538975209185 62 137136.7
	0.530265413791 63 137136.7
	0.521836715432 64 137136.7
	0.513675514824 65 137136.7
	0.505769089152 66 137136.7
	0.498105521613 67 137136.7
	0.490673637725 68 137136.7
	0.483462947653 69 137136.7
	0.476463593885 70 137136.7
	0.469666303697 71 137136.7
	0.463062345882 72 137136.7
	0.456643491314 73 137136.7
	0.450401976943 74 137136.7
	0.444330472874 75 137136.7
	0.438422052237 76 137136.7
	0.432670163551 77 137136.7
	0.427068605363 78 137136.7
	0.421611502937 79 137136.7
	0.416293286791 80 137136.7
