
	1404.40048875 24 1371367.0
	1877.58569947 25 1371367.0
	2362.45060344 26 1371367.0
	2863.10431616 27 1371367.0
	3385.34198984 28 1371367.0
	3937.96613496 29 1371367.0
	4535.65024551 30 1371367.0
	5206.34449428 31 1371367.0
	6016.78011425 32 1371367.0
	7237.84958994 33 1371367.0
	12327.1102511 34 1371367.0
	13818.4516478 35 1371367.0
	14693.059292 36 1371367.0
	15364.3135688 37 1371367.0
	15928.4085994 38 1371367.0
	16424.67429 39 1371367.0
	16873.3054192 40 1371367.0
	17286.1207291 41 1371367.0
	17670.6683903 42 1371367.0
	18032.0868211 43 1371367.0
	18374.0512382 44 1371367.0
	18699.2969441 45 1371367.0
	19009.927532 46 1371367.0
	19307.6057575 47 1371367.0
	19593.676714 48 1371367.0
	19869.2501326 49 1371367.0
	20135.2570458 50 1371367.0
	20392.4898467 51 1371367.0
	20641.6312837 52 1371367.0
	20883.2759009 53 1371367.0
	21117.9462 54 1371367.0
	21346.1050425 55 1371367.0
	21568.1653207 56 1371367.0
	21784.4976118 57 1371367.0
	21995.4363181 58 1371367.0
	22201.2846547 59 1371367.0
	22402.318746 60 1371367.0
	22598.7910257 61 1371367.0
	22790.9330851 62 1371367.0
	22978.9580796 63 1371367.0
	23163.0627771 64 1371367.0
	23343.4293152 65 1371367.0
	23520.2267166 66 1371367.0
	23693.6122046 67 1371367.0
	23863.7323512 68 1371367.0
	24030.7240829 69 1371367.0
	24194.7155667 70 1371367.0
	24355.8269934 71 1371367.0
	24514.1712724 72 1371367.0
	24669.8546504 73 1371367.0
	24822.9772638 74 1371367.0
	24973.6336334 75 1371367.0
	25121.9131089 76 1371367.0
	25267.9002688 77 1371367.0
	25411.6752813 78 1371367.0
	25553.3142304 79 1371367.0
	25692.8894118 80 1371367.0
