
	1113598.20067 15 10000.0
	1124123.80213 16 10000.0
	1134603.09537 17 10000.0
	1145047.13922 18 10000.0
	1155464.11785 19 10000.0
	1165861.08728 20 10000.0
	1176243.86745 21 10000.0
	1186616.90792 22 10000.0
	1196983.38541 23 10000.0
	1207345.43795 24 10000.0
	1217704.42841 25 10000.0
	1228061.1783 26 10000.0
	1238416.15125 27 10000.0
	1248769.58647 28 10000.0
	1259121.59052 29 10000.0
	1269472.19767 30 10000.0
	1279821.40777 31 10000.0
	1290169.20906 32 10000.0
	656928.919618 15 60000.0
	664513.963922 16 60000.0
	672461.610571 17 60000.0
	680812.03267 18 60000.0
	1146188.66238 19 60000.0
	1157367.41836 20 60000.0
	1168352.69373 21 60000.0
	1179206.46412 22 60000.0
	1189971.30215 23 60000.0
	1200675.71682 24 60000.0
	1211338.37562 25 60000.0
	1221971.26322 26 60000.0
	1232581.94231 27 60000.0
	1243175.11703 28 60000.0
	1253753.68536 29 60000.0
	1264319.43131 30 60000.0
	1274873.47092 31 60000.0
	1285416.53381 32 60000.0
	657472.814115 15 110000.0
	665050.118786 16 110000.0
	672987.39678 17 110000.0
	681324.595709 18 110000.0
	690104.138372 19 110000.0
	699375.395341 20 110000.0
	1159024.60751 21 110000.0
	1170754.36392 22 110000.0
	1182185.44512 23 110000.0
	1193418.18463 24 110000.0
	1204516.46657 25 110000.0
	1215521.07187 26 110000.0
	1226458.05559 27 110000.0
	1237344.09235 28 110000.0
	1248189.90343 29 110000.0
	1259002.45258 30 110000.0
	1269786.3478 31 110000.0
	1280544.73142 32 110000.0
	658016.781967 15 160000.0
	665586.44012 16 160000.0
	673513.475486 17 160000.0
	681837.619763 18 160000.0
	690600.837297 19 160000.0
	699851.717067 20 160000.0
	709648.494329 21 160000.0
	720063.388782 22 160000.0
	1173390.65114 23 160000.0
	1185423.00694 24 160000.0
	1197140.08457 25 160000.0
	1208643.93661 26 160000.0
	1219998.39903 27 160000.0
	1231244.03592 28 160000.0
	1242406.99277 29 160000.0
	1253504.38963 30 160000.0
	1264547.66057 31 160000.0
	1275544.64123 32 160000.0
	658560.82072 15 210000.0
	666122.923902 16 210000.0
	674039.840375 17 210000.0
	682351.095122 18 210000.0
	691098.210616 19 210000.0
	700329.02186 20 210000.0
	710100.582776 21 210000.0
	720483.282714 22 210000.0
	731567.911517 23 210000.0
	1176471.07179 24 210000.0
	1189073.16055 25 210000.0
	1201251.91666 26 210000.0
	1213144.31018 27 210000.0
	1224834.80037 28 210000.0
	1236376.89454 29 210000.0
	1247805.29141 30 210000.0
	1259143.02265 31 210000.0
	1270405.77222 32 210000.0
	659104.927972 15 260000.0
	666659.566197 16 260000.0
	674566.48528 17 260000.0
	682865.012319 18 260000.0
	691596.243856 19 260000.0
	700807.287391 20 260000.0
	710554.059424 21 260000.0
	720905.194443 22 260000.0
	731948.706521 23 260000.0
	743803.731399 24 260000.0
	1180118.79796 25 260000.0
	1193225.08485 26 260000.0
	1205819.31995 27 260000.0
	1218065.87486 28 260000.0
	1230065.3007 29 260000.0
	1241881.32902 30 260000.0
	1253555.58433 31 260000.0
	1265116.03898 32 260000.0
	659649.101373 15 310000.0
	667196.363159 16 310000.0
	675093.404174 17 310000.0
	683379.362119 18 310000.0
	692094.922933 19 310000.0
	701286.491997 20 310000.0
	711008.8903 21 310000.0
	721329.069017 22 310000.0
	732332.395547 23 310000.0
	744133.642094 24 310000.0
	1169972.79579 25 310000.0
	1184392.64201 26 310000.0
	1197920.71599 27 310000.0
	1210872.33954 28 310000.0
	1223429.60459 29 310000.0
	1235703.71142 30 310000.0
	1247765.43885 31 310000.0
	1259661.42708 32 310000.0
	660193.338626 15 360000.0
	667733.311024 16 360000.0
	675620.59117 17 360000.0
	683894.135515 18 360000.0
	692594.234141 19 360000.0
	701766.614665 20 360000.0
	711465.042572 21 360000.0
	721754.853597 22 360000.0
	732718.889884 23 360000.0
	744467.793535 24 360000.0
	757158.715147 25 360000.0
	1174496.62311 26 360000.0
	1189305.12561 27 360000.0
	1203168.52825 28 360000.0
	1216415.89904 29 360000.0
	1229237.17975 30 360000.0
	1241748.83262 31 360000.0
	1254025.56402 32 360000.0
	660737.637482 15 410000.0
	668270.406114 16 410000.0
	676148.040515 17 410000.0
	684409.323719 18 410000.0
	693094.164138 19 410000.0
	702247.634996 20 410000.0
	711922.484497 21 410000.0
	722182.497353 22 410000.0
	733108.104753 23 410000.0
	744806.036081 24 410000.0
	757426.669821 25 410000.0
	771197.867114 26 410000.0
	1179761.93466 27 410000.0
	1194837.57699 28 410000.0
	1208954.41691 29 410000.0
	1222437.86084 30 410000.0
	1235477.09461 31 410000.0
	1248189.16074 32 410000.0
	661281.995741 15 460000.0
	668807.644826 16 460000.0
	676675.746585 17 460000.0
	684924.918155 18 460000.0
	693594.699933 19 460000.0
	702729.53319 20 460000.0
	712381.185372 21 460000.0
	722611.951357 22 460000.0
	733499.959073 23 460000.0
	745148.227864 24 460000.0
	757700.780843 25 460000.0
	771373.601496 26 460000.0
	1168958.99595 27 460000.0
	1185713.02691 28 460000.0
	1200952.29429 29 460000.0
	1215250.11146 30 460000.0
	1228915.15253 31 460000.0
	1242129.27324 32 460000.0
	661826.41125 15 510000.0
	669345.023638 16 510000.0
	677203.703884 17 510000.0
	685440.910454 18 510000.0
	694095.828875 19 510000.0
	703212.290016 20 510000.0
	712841.115492 21 510000.0
	723043.168495 22 510000.0
	733894.375246 23 510000.0
	745494.234243 24 510000.0
	757980.79696 25 510000.0
	771559.042676 26 510000.0
	786561.005917 27 510000.0
	1175543.55187 28 510000.0
	1192281.4399 29 510000.0
	1207601.70423 30 510000.0
	1222019.42263 31 510000.0
	1235818.30782 32 510000.0
