
	0.0116277941646 15 10000.0
	0.0124729715195 16 10000.0
	0.0133077154041 17 10000.0
	0.0141321644754 18 10000.0
	0.0149466247 19 10000.0
	0.0157515086869 20 10000.0
	0.016547297595 21 10000.0
	0.0173345137894 22 10000.0
	0.0181136995864 23 10000.0
	0.0188853997668 24 10000.0
	0.0196501467523 25 10000.0
	0.0204084479684 26 10000.0
	0.0211607752412 27 10000.0
	0.0219075562159 28 10000.0
	0.0226491678302 29 10000.0
	0.0233859318563 30 10000.0
	0.0241181124782 31 10000.0
	0.0248459158046 32 10000.0
	0.101868411705 15 60000.0
	0.102714791681 16 60000.0
	0.103406387094 17 60000.0
	0.103934804819 18 60000.0
	0.0158671273221 19 60000.0
	0.0166119095907 20 60000.0
	0.0173572214983 21 60000.0
	0.0181010492051 22 60000.0
	0.0188422886745 23 60000.0
	0.0195803601769 24 60000.0
	0.0203149938218 25 60000.0
	0.0210461031647 26 60000.0
	0.0217737067643 27 60000.0
	0.0224978774046 28 60000.0
	0.0232187082844 29 60000.0
	0.0239362902872 30 60000.0
	0.0246506969267 31 60000.0
	0.0253619748786 32 60000.0
	0.101915377246 15 110000.0
	0.102766653911 16 110000.0
	0.103463732792 17 110000.0
	0.10399837861 18 110000.0
	0.104362767358 19 110000.0
	0.104548185684 20 110000.0
	0.0182665017069 21 110000.0
	0.0189406427504 22 110000.0
	0.0196258934719 23 110000.0
	0.0203174742267 24 110000.0
	0.0210125410183 25 110000.0
	0.0217093369225 26 110000.0
	0.0224067431752 27 110000.0
	0.0231040262792 28 110000.0
	0.0238006879841 29 110000.0
	0.0244963726089 30 110000.0
	0.0251908081489 31 110000.0
	0.0258837683269 32 110000.0
	0.101962221444 15 160000.0
	0.102818364758 16 160000.0
	0.103520886272 17 160000.0
	0.10406170433 18 160000.0
	0.104433191372 19 160000.0
	0.104626909349 20 160000.0
	0.104632161764 21 160000.0
	0.104434160943 22 160000.0
	0.0204927574183 23 160000.0
	0.0211150773584 24 160000.0
	0.0217551364865 25 160000.0
	0.0224067207997 26 160000.0
	0.0230659893629 27 160000.0
	0.023730449225 28 160000.0
	0.0243984104461 29 160000.0
	0.0250686779348 30 160000.0
	0.0257403684956 31 160000.0
	0.0264127981066 32 160000.0
	0.102008945875 15 210000.0
	0.102869926336 16 210000.0
	0.103577850445 17 210000.0
	0.10412478608 18 210000.0
	0.104503296036 19 210000.0
	0.104705208046 20 210000.0
	0.104720215481 21 210000.0
	0.104534124355 22 210000.0
	0.104126319495 23 210000.0
	0.0220030493828 24 210000.0
	0.0225614776483 25 210000.0
	0.0231504932298 26 210000.0
	0.0237597518803 27 210000.0
	0.0243829572784 28 210000.0
	0.0250160478333 29 210000.0
	0.025656270945 30 210000.0
	0.0263016757938 31 210000.0
	0.0269508197112 32 210000.0
	0.102055552084 15 260000.0
	0.102921340722 16 260000.0
	0.103634628162 17 260000.0
	0.104187627869 18 260000.0
	0.104573087128 19 260000.0
	0.104783090326 20 260000.0
	0.10480770587 21 260000.0
	0.104633308127 22 260000.0
	0.10424017889 23 260000.0
	0.103732758301 24 260000.0
	0.0234616349981 25 260000.0
	0.0239589414311 26 260000.0
	0.0244997449936 27 260000.0
	0.0250693699358 28 260000.0
	0.0256590001946 29 260000.0
	0.0262629901947 30 260000.0
	0.0268775283624 31 260000.0
	0.0274999196004 32 260000.0
	0.102102041595 15 310000.0
	0.102972609953 16 310000.0
	0.103691222215 17 310000.0
	0.104250233613 18 310000.0
	0.104642570274 19 310000.0
	0.104860564491 20 310000.0
	0.104894645567 21 310000.0
	0.104731732236 22 310000.0
	0.104352960106 23 310000.0
	0.10384685576 24 310000.0
	0.024507787 25 310000.0
	0.024860860935 26 310000.0
	0.0253031308854 27 310000.0
	0.0258005180036 28 310000.0
	0.0263344169546 29 310000.0
	0.0268937320508 30 310000.0
	0.0274713857278 31 310000.0
	0.0280626092967 32 310000.0
	0.102148415905 15 360000.0
	0.10302373603 16 360000.0
	0.103747635342 17 360000.0
	0.104312607144 18 360000.0
	0.104711750962 19 360000.0
	0.104937638608 20 360000.0
	0.104981046796 21 360000.0
	0.104829415902 22 360000.0
	0.104464694816 23 360000.0
	0.103957348462 24 360000.0
	0.103275126322 25 360000.0
	0.0259047766861 26 360000.0
	0.0261962370318 27 360000.0
	0.0265919061879 28 360000.0
	0.0270519996353 29 360000.0
	0.0275548620028 30 360000.0
	0.0280875897742 31 360000.0
	0.0286419491833 32 360000.0
	0.102194676486 15 410000.0
	0.103074720917 16 410000.0
	0.103803870224 17 410000.0
	0.104374752204 18 410000.0
	0.104780634541 19 410000.0
	0.105014320517 20 410000.0
	0.105066921388 21 410000.0
	0.104926377631 22 410000.0
	0.104575413309 23 410000.0
	0.104062586616 24 410000.0
	0.103414135913 25 410000.0
	0.102403604002 26 410000.0
	0.0272219044263 27 410000.0
	0.027466628284 28 410000.0
	0.0278252896028 29 410000.0
	0.0282548303137 30 410000.0
	0.0287316776952 31 410000.0
	0.0292417156715 32 410000.0
	0.102240824786 15 460000.0
	0.103125566544 16 460000.0
	0.103859929489 17 460000.0
	0.104436672455 18 460000.0
	0.104849226228 19 460000.0
	0.105090617838 20 460000.0
	0.105152280797 21 460000.0
	0.105022635248 22 460000.0
	0.104685144564 23 460000.0
	0.104156919398 24 460000.0
	0.103551135868 25 460000.0
	0.102569748371 26 460000.0
	0.0284556936636 27 460000.0
	0.0284608422562 28 460000.0
	0.0286738318208 29 460000.0
	0.0290051244144 30 460000.0
	0.0294108359237 31 460000.0
	0.0298666313705 32 460000.0
	0.102286862231 15 510000.0
	0.103176274805 16 510000.0
	0.103915815715 17 510000.0
	0.10449837148 18 510000.0
	0.104917531113 19 510000.0
	0.105166537981 20 510000.0
	0.105237136117 21 510000.0
	0.105118205929 22 510000.0
	0.104793916332 23 510000.0
	0.104232611554 24 510000.0
	0.103686175816 25 510000.0
	0.102733079556 26 510000.0
	0.101409022793 27 510000.0
	0.0296350305178 28 510000.0
	0.0296270237555 29 510000.0
	0.029821799516 30 510000.0
	0.0301345764008 31 510000.0
	0.0305226882544 32 510000.0
