
	7.06483446441e-07 15 10000.0
	7.6772983686e-07 16 10000.0
	8.27387135449e-07 17 10000.0
	8.8572068569e-07 18 10000.0
	9.42911949272e-07 19 10000.0
	9.99087876591e-07 20 10000.0
	1.05434004437e-06 21 10000.0
	1.10873693764e-06 22 10000.0
	1.16233179911e-06 23 10000.0
	1.21516765426e-06 24 10000.0
	1.26728054435e-06 25 10000.0
	1.31870162133e-06 26 10000.0
	1.36945851694e-06 27 10000.0
	1.41957624658e-06 28 10000.0
	1.46907781306e-06 29 10000.0
	1.51798461556e-06 30 10000.0
	1.56631673124e-06 31 10000.0
	1.61409311319e-06 32 10000.0
	2.26695645955e-05 15 60000.0
	2.02795317048e-05 16 60000.0
	1.8297342455e-05 17 60000.0
	1.66162321142e-05 18 60000.0
	9.23185593696e-07 19 60000.0
	9.84855011864e-07 20 60000.0
	1.04426616599e-06 21 60000.0
	1.10186193906e-06 22 60000.0
	1.15795098314e-06 23 60000.0
	1.2127544245e-06 24 60000.0
	1.26643493642e-06 25 60000.0
	1.31911531189e-06 26 60000.0
	1.37089058977e-06 27 60000.0
	1.42183612392e-06 28 60000.0
	1.47201304521e-06 29 60000.0
	1.52147201791e-06 30 60000.0
	1.57025586195e-06 31 60000.0
	1.61840141036e-06 32 60000.0
	2.27503942665e-05 15 110000.0
	2.03515910305e-05 16 110000.0
	1.83627858494e-05 17 110000.0
	1.66766684238e-05 18 110000.0
	1.5222535024e-05 19 110000.0
	1.39506388639e-05 20 110000.0
	1.03417685985e-06 21 110000.0
	1.09526196103e-06 22 110000.0
	1.154004351e-06 23 110000.0
	1.21085866099e-06 24 110000.0
	1.26614493955e-06 25 110000.0
	1.32009547344e-06 26 110000.0
	1.3728834501e-06 27 110000.0
	1.42464120088e-06 28 110000.0
	1.47547216831e-06 29 110000.0
	1.52545895049e-06 30 110000.0
	1.57466882159e-06 31 110000.0
	1.62315758942e-06 32 110000.0
	2.28311952004e-05 15 160000.0
	2.04236073399e-05 16 160000.0
	1.84281701676e-05 17 160000.0
	1.67370270836e-05 18 160000.0
	1.52791121517e-05 19 160000.0
	1.40044472265e-05 20 160000.0
	1.2875809818e-05 21 160000.0
	1.18640409535e-05 22 160000.0
	1.15060452285e-06 23 160000.0
	1.20959893675e-06 24 160000.0
	1.2665216559e-06 25 160000.0
	1.32174129007e-06 26 160000.0
	1.37552363808e-06 27 160000.0
	1.42806614107e-06 28 160000.0
	1.47951925973e-06 29 160000.0
	1.53000029526e-06 30 160000.0
	1.57960261088e-06 31 160000.0
	1.62840194218e-06 32 160000.0
	2.29119681046e-05 15 210000.0
	2.04955815457e-05 16 210000.0
	1.8493496587e-05 17 210000.0
	1.67973096274e-05 18 210000.0
	1.53355914251e-05 19 210000.0
	1.40581307935e-05 20 210000.0
	1.2927569168e-05 21 210000.0
	1.19146924885e-05 22 210000.0
	1.09955238933e-05 23 210000.0
	1.20914934201e-06 24 210000.0
	1.26771905043e-06 25 210000.0
	1.32418410128e-06 26 210000.0
	1.37892164212e-06 27 210000.0
	1.43220346721e-06 28 210000.0
	1.48423178119e-06 29 210000.0
	1.53516102965e-06 30 210000.0
	1.58511189822e-06 31 210000.0
	1.63418062464e-06 32 210000.0
	2.2992713675e-05 15 260000.0
	2.05675145435e-05 16 260000.0
	1.8558766261e-05 17 260000.0
	1.68575175542e-05 18 260000.0
	1.53919748247e-05 19 260000.0
	1.41116922415e-05 20 260000.0
	1.29791726583e-05 21 260000.0
	1.19651428135e-05 22 260000.0
	1.10456459369e-05 23 260000.0
	1.01999849136e-05 24 260000.0
	1.26996140308e-06 25 260000.0
	1.32760404782e-06 26 260000.0
	1.38322216377e-06 27 260000.0
	1.43717001304e-06 28 260000.0
	1.48970470928e-06 29 260000.0
	1.5410189161e-06 30 260000.0
	1.59126079758e-06 31 260000.0
	1.64054684806e-06 32 260000.0
	2.30734325966e-05 15 310000.0
	2.0639407213e-05 16 310000.0
	1.86239803198e-05 17 310000.0
	1.69176523294e-05 18 310000.0
	1.5448264281e-05 19 310000.0
	1.4165134171e-05 20 310000.0
	1.30306238936e-05 21 310000.0
	1.20153971127e-05 22 310000.0
	1.10955104446e-05 23 310000.0
	1.02503759617e-05 24 310000.0
	1.27359845461e-06 25 310000.0
	1.33225972217e-06 26 310000.0
	1.38862083225e-06 27 310000.0
	1.44311672096e-06 28 310000.0
	1.49605646772e-06 29 310000.0
	1.54766819222e-06 30 310000.0
	1.59812521675e-06 31 310000.0
	1.64756240228e-06 32 310000.0
	2.31541255435e-05 15 360000.0
	2.07112604182e-05 16 360000.0
	1.86891398711e-05 17 360000.0
	1.6977715386e-05 18 360000.0
	1.55044616767e-05 19 360000.0
	1.4218459109e-05 20 360000.0
	1.30819263624e-05 21 360000.0
	1.20654603773e-05 22 360000.0
	1.11451248957e-05 23 360000.0
	1.03004296046e-05 24 360000.0
	9.5126130526e-06 25 360000.0
	1.33854576172e-06 26 360000.0
	1.39539307967e-06 27 360000.0
	1.45024416103e-06 28 360000.0
	1.50343771449e-06 29 360000.0
	1.55522475277e-06 30 360000.0
	1.60579601441e-06 31 360000.0
	1.65529963074e-06 32 360000.0
	2.32347931789e-05 15 410000.0
	2.07830750077e-05 16 410000.0
	1.87542460006e-05 17 410000.0
	1.70377081252e-05 18 410000.0
	1.55605688476e-05 19 410000.0
	1.42716695122e-05 20 410000.0
	1.31330834422e-05 21 410000.0
	1.21153374151e-05 22 410000.0
	1.11944964472e-05 23 410000.0
	1.03501571442e-05 24 410000.0
	9.56377621905e-06 25 410000.0
	8.816804252e-06 26 410000.0
	1.40394798197e-06 27 410000.0
	1.45882842059e-06 28 410000.0
	1.51204484504e-06 29 410000.0
	1.56383362435e-06 30 410000.0
	1.61438333033e-06 31 410000.0
	1.66384403066e-06 32 410000.0
	2.33154361562e-05 15 460000.0
	2.08548518151e-05 16 460000.0
	1.88192997728e-05 17 460000.0
	1.70976319174e-05 18 460000.0
	1.56165875849e-05 19 460000.0
	1.43247677694e-05 20 460000.0
	1.31840984048e-05 21 460000.0
	1.21650328601e-05 22 460000.0
	1.12436319527e-05 23 460000.0
	1.03995693095e-05 24 460000.0
	9.61450023844e-06 25 460000.0
	8.87030030683e-06 26 460000.0
	1.41493953178e-06 27 460000.0
	1.46926722316e-06 28 460000.0
	1.52214168712e-06 29 460000.0
	1.57368009209e-06 30 460000.0
	1.6240226627e-06 31 460000.0
	1.67329773497e-06 32 460000.0
	2.33960551182e-05 15 510000.0
	2.09265916596e-05 16 510000.0
	1.88843022314e-05 17 510000.0
	1.71574881037e-05 18 510000.0
	1.56725196362e-05 19 510000.0
	1.43777562045e-05 20 510000.0
	1.32349744204e-05 21 510000.0
	1.22145511811e-05 22 510000.0
	1.129253798e-05 23 510000.0
	1.04486762962e-05 24 510000.0
	9.66480215377e-06 25 510000.0
	8.92317699402e-06 26 510000.0
	8.20401671664e-06 27 510000.0
	1.48216946561e-06 28 510000.0
	1.53409633195e-06 29 510000.0
	1.58500689463e-06 30 510000.0
	1.63488362615e-06 31 510000.0
	1.68378426583e-06 32 510000.0
