
	28952.4035038 15 10000.0
	29631.7290705 16 10000.0
	30267.0444695 17 10000.0
	30864.0178737 18 10000.0
	31427.2406495 19 10000.0
	31960.5391603 20 10000.0
	32467.1190342 21 10000.0
	32949.6744714 22 10000.0
	33410.4835453 23 10000.0
	33851.4890533 24 10000.0
	34274.3640623 25 10000.0
	34680.5634297 26 10000.0
	35071.3636981 27 10000.0
	35447.8939078 28 10000.0
	35811.159537 29 10000.0
	36162.0613134 30 10000.0
	36501.4102048 31 10000.0
	36829.939545 32 10000.0
	-2554.22847762 15 60000.0
	-2064.81940676 16 60000.0
	-1583.11355653 17 60000.0
	-1105.93186059 18 60000.0
	23750.9653231 19 60000.0
	24324.4114404 20 60000.0
	24860.4162674 21 60000.0
	25365.3531783 22 60000.0
	25843.8811517 23 60000.0
	26299.4644051 24 60000.0
	26734.7402354 25 60000.0
	27151.7729203 26 60000.0
	27552.2257377 27 60000.0
	27937.4762884 28 60000.0
	28308.6936044 29 60000.0
	28666.8899524 30 60000.0
	29012.9560531 31 60000.0
	29347.6854741 32 60000.0
	-2561.69882409 15 110000.0
	-2072.78836491 16 110000.0
	-1591.7102825 17 110000.0
	-1115.28357485 18 110000.0
	-640.711466344 19 110000.0
	-165.271975369 20 110000.0
	22084.6458295 21 110000.0
	22630.3800885 22 110000.0
	23138.5513765 23 110000.0
	23616.6367802 24 110000.0
	24069.7061708 25 110000.0
	24501.324709 26 110000.0
	24914.0969408 27 110000.0
	25310.0013836 28 110000.0
	25690.5989249 29 110000.0
	26057.1640521 30 110000.0
	26410.7684739 31 110000.0
	26752.3351885 32 110000.0
	-2569.13837958 15 160000.0
	-2080.72053306 16 160000.0
	-1600.26258931 17 160000.0
	-1124.5812512 18 160000.0
	-650.89092203 19 160000.0
	-176.495643605 20 160000.0
	301.375913907 21 160000.0
	785.757953035 22 160000.0
	21349.7877288 23 160000.0
	21861.9380612 24 160000.0
	22340.2880263 25 160000.0
	22791.4998748 26 160000.0
	23220.0359501 27 160000.0
	23629.0236016 28 160000.0
	24020.753966 29 160000.0
	24396.9785939 30 160000.0
	24759.0899443 31 160000.0
	25108.2333935 32 160000.0
	-2576.54744139 15 210000.0
	-2088.61630947 16 210000.0
	-1608.77101386 17 210000.0
	-1133.82562024 18 210000.0
	-661.005025419 19 210000.0
	-187.63814956 20 210000.0
	289.004271058 21 210000.0
	771.890094998 22 210000.0
	1264.49690218 23 210000.0
	20496.2574925 24 210000.0
	21010.7715899 25 210000.0
	21488.4750144 26 210000.0
	21937.3259836 27 210000.0
	22362.5004067 28 210000.0
	22767.5409034 29 210000.0
	23154.9909198 30 210000.0
	23526.7604459 31 210000.0
	23884.3438646 32 210000.0
	-2583.92630187 15 260000.0
	-2096.47608516 16 260000.0
	-1617.23608234 17 260000.0
	-1143.01739644 18 260000.0
	-671.054761155 19 260000.0
	-198.700880054 20 260000.0
	276.733228655 21 260000.0
	758.152080311 22 260000.0
	1248.93305445 23 260000.0
	1753.34479621 24 260000.0
	19890.7673799 25 260000.0
	20404.8853573 26 260000.0
	20880.2451634 27 260000.0
	21325.6553593 28 260000.0
	21746.7526235 29 260000.0
	22147.3495961 30 260000.0
	22530.1576367 31 260000.0
	22897.1956671 32 260000.0
	-2591.27524854 15 310000.0
	-2104.3002441 16 310000.0
	-1625.65831055 17 310000.0
	-1152.15727864 18 310000.0
	-681.041089777 19 310000.0
	-209.685183489 20 310000.0
	264.560838803 21 310000.0
	744.540987107 22 310000.0
	1233.53745218 23 310000.0
	1735.66291394 24 310000.0
	18883.6665066 25 310000.0
	19449.3663554 26 310000.0
	19960.0035677 27 310000.0
	20431.0752557 28 310000.0
	20871.7600629 29 310000.0
	21287.8945348 30 310000.0
	21683.4130795 31 310000.0
	22061.1076338 32 310000.0
	-2598.59456418 15 360000.0
	-2112.0891634 16 360000.0
	-1634.03820419 17 360000.0
	-1161.24595053 18 360000.0
	-690.964948536 19 360000.0
	-220.592371313 20 360000.0
	252.485214683 21 360000.0
	731.053999877 22 360000.0
	1218.30568887 23 360000.0
	1718.20585402 24 360000.0
	2236.1299261 25 360000.0
	18565.9383655 26 360000.0
	19124.9562481 27 360000.0
	19629.2178042 28 360000.0
	20094.1372107 29 360000.0
	20528.8328282 30 360000.0
	20939.1115963 31 360000.0
	21328.8991899 32 360000.0
	-2605.88452698 15 410000.0
	-2119.84321348 16 410000.0
	-1642.37625912 17 410000.0
	-1170.28408111 18 410000.0
	-700.827252173 19 410000.0
	-231.423719421 20 410000.0
	240.504527916 21 410000.0
	717.688404132 22 410000.0
	1203.23354433 23 410000.0
	1700.96664253 24 410000.0
	2216.02477516 25 410000.0
	2755.97411873 26 410000.0
	18339.416844 27 410000.0
	18887.8137014 28 410000.0
	19383.270505 29 410000.0
	19840.4301439 30 410000.0
	20268.018014 31 410000.0
	20671.6333903 32 410000.0
	-2613.14541058 15 460000.0
	-2127.56275822 16 460000.0
	-1650.6729616 17 460000.0
	-1179.27232507 18 460000.0
	-710.628893663 19 460000.0
	-242.180469483 20 460000.0
	228.61700606 21 460000.0
	704.441581409 22 460000.0
	1188.31697391 23 460000.0
	1683.93865381 24 460000.0
	2196.22077545 25 460000.0
	2732.31674199 26 460000.0
	17573.2244405 27 460000.0
	18182.7437528 28 460000.0
	18717.6287829 29 460000.0
	19202.4193872 30 460000.0
	19650.5407755 31 460000.0
	20070.1042421 32 460000.0
	-2620.37748423 15 510000.0
	-2135.24815509 16 510000.0
	-1658.9287886 17 510000.0
	-1188.21132329 18 510000.0
	-720.37074493 19 510000.0
	-252.863830213 20 510000.0
	216.820930256 21 510000.0
	691.311004595 22 510000.0
	1173.55209842 23 510000.0
	1667.11558666 24 510000.0
	2176.70687777 25 510000.0
	2709.09825938 26 510000.0
	3275.08096158 27 510000.0
	17492.74031 28 510000.0
	18080.2796666 29 510000.0
	18599.7658583 30 510000.0
	19072.5859763 31 510000.0
	19510.7262361 32 510000.0
