
	4421.47253518 15 13433.8996518
	4546.76941773 16 13433.8996518
	4705.90989693 17 13433.8996518
	4906.52485401 18 13433.8996518
	5157.67880154 19 13433.8996518
	5470.49327575 20 13433.8996518
	5859.25535368 21 13433.8996518
	6343.17437655 22 13433.8996518
	6949.16699317 23 13433.8996518
	7716.45562412 24 13433.8996518
	8704.59756769 25 13433.8996518
	10008.4555235 26 13433.8996518
	11788.3908682 27 13433.8996518
	14337.4949975 28 13433.8996518
	18252.454016 29 13433.8996518
	24958.3430122 30 13433.8996518
	38889.158829 31 13433.8996518
	84055.5126967 32 13433.8996518
	4421.47253518 15 21548.3955173
	4546.76941773 16 21548.3955173
	4705.90989693 17 21548.3955173
	4906.52485401 18 21548.3955173
	5157.67880154 19 21548.3955173
	5470.49327575 20 21548.3955173
	5859.25535368 21 21548.3955173
	6343.17437655 22 21548.3955173
	6949.16699317 23 21548.3955173
	7716.45562412 24 21548.3955173
	8704.59756769 25 21548.3955173
	10008.4555235 26 21548.3955173
	11788.3908682 27 21548.3955173
	14337.4949975 28 21548.3955173
	18252.454016 29 21548.3955173
	24958.3430122 30 21548.3955173
	38889.158829 31 21548.3955173
	84055.5126967 32 21548.3955173
	4421.47253518 15 32885.839381
	4546.76941773 16 32885.839381
	4705.90989693 17 32885.839381
	4906.52485401 18 32885.839381
	5157.67880154 19 32885.839381
	5470.49327575 20 32885.839381
	5859.25535368 21 32885.839381
	6343.17437655 22 32885.839381
	6949.16699317 23 32885.839381
	7716.45562412 24 32885.839381
	8704.59756769 25 32885.839381
	10008.4555235 26 32885.839381
	11788.3908682 27 32885.839381
	14337.4949975 28 32885.839381
	18252.454016 29 32885.839381
	24958.3430122 30 32885.839381
	38889.158829 31 32885.839381
	84055.5126967 32 32885.839381
	4421.47253518 15 48148.1676578
	4546.76941773 16 48148.1676578
	4705.90989693 17 48148.1676578
	4906.52485401 18 48148.1676578
	5157.67880154 19 48148.1676578
	5470.49327575 20 48148.1676578
	5859.25535368 21 48148.1676578
	6343.17437655 22 48148.1676578
	6949.16699317 23 48148.1676578
	7716.45562412 24 48148.1676578
	8704.59756769 25 48148.1676578
	10008.4555235 26 48148.1676578
	11788.3908682 27 48148.1676578
	14337.4949975 28 48148.1676578
	18252.454016 29 48148.1676578
	24958.3430122 30 48148.1676578
	38889.158829 31 48148.1676578
	84055.5126967 32 48148.1676578
	4421.47253518 15 68070.8354761
	4546.76941773 16 68070.8354761
	4705.90989693 17 68070.8354761
	4906.52485401 18 68070.8354761
	5157.67880154 19 68070.8354761
	5470.49327575 20 68070.8354761
	5859.25535368 21 68070.8354761
	6343.17437655 22 68070.8354761
	6949.16699317 23 68070.8354761
	7716.45562412 24 68070.8354761
	8704.59756769 25 68070.8354761
	10008.4555235 26 68070.8354761
	11788.3908682 27 68070.8354761
	14337.4949975 28 68070.8354761
	18252.454016 29 68070.8354761
	24958.3430122 30 68070.8354761
	38889.158829 31 68070.8354761
	84055.5126967 32 68070.8354761
	4421.47253518 15 93414.495594
	4546.76941773 16 93414.495594
	4705.90989693 17 93414.495594
	4906.52485401 18 93414.495594
	5157.67880154 19 93414.495594
	5470.49327575 20 93414.495594
	5859.25535368 21 93414.495594
	6343.17437655 22 93414.495594
	6949.16699317 23 93414.495594
	7716.45562412 24 93414.495594
	8704.59756769 25 93414.495594
	10008.4555235 26 93414.495594
	11788.3908682 27 93414.495594
	14337.4949975 28 93414.495594
	18252.454016 29 93414.495594
	24958.3430122 30 93414.495594
	38889.158829 31 93414.495594
	84055.5126967 32 93414.495594
	4421.47253518 15 124958.49801
	4546.76941773 16 124958.49801
	4705.90989693 17 124958.49801
	4906.52485401 18 124958.49801
	5157.67880154 19 124958.49801
	5470.49327575 20 124958.49801
	5859.25535368 21 124958.49801
	6343.17437655 22 124958.49801
	6949.16699317 23 124958.49801
	7716.45562412 24 124958.49801
	8704.59756769 25 124958.49801
	10008.4555235 26 124958.49801
	11788.3908682 27 124958.49801
	14337.4949975 28 124958.49801
	18252.454016 29 124958.49801
	24958.3430122 30 124958.49801
	38889.158829 31 124958.49801
	84055.5126967 32 124958.49801
	4421.47253518 15 163496.22215
	4546.76941773 16 163496.22215
	4705.90989693 17 163496.22215
	4906.52485401 18 163496.22215
	5157.67880154 19 163496.22215
	5470.49327575 20 163496.22215
	5859.25535368 21 163496.22215
	6343.17437655 22 163496.22215
	6949.16699317 23 163496.22215
	7716.45562412 24 163496.22215
	8704.59756769 25 163496.22215
	10008.4555235 26 163496.22215
	11788.3908682 27 163496.22215
	14337.4949975 28 163496.22215
	18252.454016 29 163496.22215
	24958.3430122 30 163496.22215
	38889.158829 31 163496.22215
	84055.5126967 32 163496.22215
	4421.47253518 15 209832.24054
	4546.76941773 16 209832.24054
	4705.90989693 17 209832.24054
	4906.52485401 18 209832.24054
	5157.67880154 19 209832.24054
	5470.49327575 20 209832.24054
	5859.25535368 21 209832.24054
	6343.17437655 22 209832.24054
	6949.16699317 23 209832.24054
	7716.45562412 24 209832.24054
	8704.59756769 25 209832.24054
	10008.4555235 26 209832.24054
	11788.3908682 27 209832.24054
	14337.4949975 28 209832.24054
	18252.454016 29 209832.24054
	24958.3430122 30 209832.24054
	38889.158829 31 209832.24054
	84055.5126967 32 209832.24054
	4421.47253518 15 264781.354296
	4546.76941773 16 264781.354296
	4705.90989693 17 264781.354296
	4906.52485401 18 264781.354296
	5157.67880154 19 264781.354296
	5470.49327575 20 264781.354296
	5859.25535368 21 264781.354296
	6343.17437655 22 264781.354296
	6949.16699317 23 264781.354296
	7716.45562412 24 264781.354296
	8704.59756769 25 264781.354296
	10008.4555235 26 264781.354296
	11788.3908682 27 264781.354296
	14337.4949975 28 264781.354296
	18252.454016 29 264781.354296
	24958.3430122 30 264781.354296
	38889.158829 31 264781.354296
	84055.5126967 32 264781.354296
	4421.47253518 15 329169.648052
	4546.76941773 16 329169.648052
	4705.90989693 17 329169.648052
	4906.52485401 18 329169.648052
	5157.67880154 19 329169.648052
	5470.49327575 20 329169.648052
	5859.25535368 21 329169.648052
	6343.17437655 22 329169.648052
	6949.16699317 23 329169.648052
	7716.45562412 24 329169.648052
	8704.59756769 25 329169.648052
	10008.4555235 26 329169.648052
	11788.3908682 27 329169.648052
	14337.4949975 28 329169.648052
	18252.454016 29 329169.648052
	24958.3430122 30 329169.648052
	38889.158829 31 329169.648052
	84055.5126967 32 329169.648052
	4421.47253518 15 403837.928549
	4546.76941773 16 403837.928549
	4705.90989693 17 403837.928549
	4906.52485401 18 403837.928549
	5157.67880154 19 403837.928549
	5470.49327575 20 403837.928549
	5859.25535368 21 403837.928549
	6343.17437655 22 403837.928549
	6949.16699317 23 403837.928549
	7716.45562412 24 403837.928549
	8704.59756769 25 403837.928549
	10008.4555235 26 403837.928549
	11788.3908682 27 403837.928549
	14337.4949975 28 403837.928549
	18252.454016 29 403837.928549
	24958.3430122 30 403837.928549
	38889.158829 31 403837.928549
	84055.5126967 32 403837.928549
	4421.47253518 15 489648.3435
	4546.76941773 16 489648.3435
	4705.90989693 17 489648.3435
	4906.52485401 18 489648.3435
	5157.67880154 19 489648.3435
	5470.49327575 20 489648.3435
	5859.25535368 21 489648.3435
	6343.17437655 22 489648.3435
	6949.16699317 23 489648.3435
	7716.45562412 24 489648.3435
	8704.59756769 25 489648.3435
	10008.4555235 26 489648.3435
	11788.3908682 27 489648.3435
	14337.4949975 28 489648.3435
	18252.454016 29 489648.3435
	24958.3430122 30 489648.3435
	38889.158829 31 489648.3435
	84055.5126967 32 489648.3435
	4421.47253518 15 587495.900562
	4546.76941773 16 587495.900562
	4705.90989693 17 587495.900562
	4906.52485401 18 587495.900562
	5157.67880154 19 587495.900562
	5470.49327575 20 587495.900562
	5859.25535368 21 587495.900562
	6343.17437655 22 587495.900562
	6949.16699317 23 587495.900562
	7716.45562412 24 587495.900562
	8704.59756769 25 587495.900562
	10008.4555235 26 587495.900562
	11788.3908682 27 587495.900562
	14337.4949975 28 587495.900562
	18252.454016 29 587495.900562
	24958.3430122 30 587495.900562
	38889.158829 31 587495.900562
	84055.5126967 32 587495.900562
	4421.47253518 15 698328.771554
	4546.76941773 16 698328.771554
	4705.90989693 17 698328.771554
	4906.52485401 18 698328.771554
	5157.67880154 19 698328.771554
	5470.49327575 20 698328.771554
	5859.25535368 21 698328.771554
	6343.17437655 22 698328.771554
	6949.16699317 23 698328.771554
	7716.45562412 24 698328.771554
	8704.59756769 25 698328.771554
	10008.4555235 26 698328.771554
	11788.3908682 27 698328.771554
	14337.4949975 28 698328.771554
	18252.454016 29 698328.771554
	24958.3430122 30 698328.771554
	38889.158829 31 698328.771554
	84055.5126967 32 698328.771554
	4421.47253518 15 823187.043258
	4546.76941773 16 823187.043258
	4705.90989693 17 823187.043258
	4906.52485401 18 823187.043258
	5157.67880154 19 823187.043258
	5470.49327575 20 823187.043258
	5859.25535368 21 823187.043258
	6343.17437655 22 823187.043258
	6949.16699317 23 823187.043258
	7716.45562412 24 823187.043258
	8704.59756769 25 823187.043258
	10008.4555235 26 823187.043258
	11788.3908682 27 823187.043258
	14337.4949975 28 823187.043258
	18252.454016 29 823187.043258
	24958.3430122 30 823187.043258
	38889.158829 31 823187.043258
	84055.5126967 32 823187.043258
	4421.47253518 15 963288.180112
	4546.76941773 16 963288.180112
	4705.90989693 17 963288.180112
	4906.52485401 18 963288.180112
	5157.67880154 19 963288.180112
	5470.49327575 20 963288.180112
	5859.25535368 21 963288.180112
	6343.17437655 22 963288.180112
	6949.16699317 23 963288.180112
	7716.45562412 24 963288.180112
	8704.59756769 25 963288.180112
	10008.4555235 26 963288.180112
	11788.3908682 27 963288.180112
	14337.4949975 28 963288.180112
	18252.454016 29 963288.180112
	24958.3430122 30 963288.180112
	38889.158829 31 963288.180112
	84055.5126967 32 963288.180112
