-45343.6039589 15 13433.8996518
-37890.1292794 16 21548.3955173
-30069.2188238 17 32885.839381
-21841.3633426 18 48148.1676578
-13166.3741829 19 68070.8354761
-4004.72769581 20 93414.495594
5683.23541174 21 124958.49801
15939.6508999 22 163496.22215
26812.5055144 23 209832.24054
38360.0375829 24 264781.354296
50656.6986679 25 329169.648052
63801.9413608 26 403837.928549
77934.471207 27 489648.3435
93257.7937995 28 587495.900562
110091.557197 29 698328.771554
128991.308746 30 823187.043258
151097.690848 31 963288.180112
179672.769412 32 1120270.11551
