75.9958243005 15 13433.8996518
75.1325047152 16 21548.3955173
74.2196143884 17 32885.839381
73.2519026862 18 48148.1676578
72.2252517522 19 68070.8354761
71.1353152375 20 93414.495594
69.9767740381 21 124958.49801
68.742807372 22 163496.22215
67.4245503491 23 209832.24054
66.0103709533 24 264781.354296
64.4847783475 25 329169.648052
62.8266595184 26 403837.928549
61.0062536066 27 489648.3435
58.9795635145 28 587495.900562
56.6769621648 29 698328.771554
53.9764612329 30 823187.043258
50.6257357231 31 963288.180112
45.900993866 32 1120270.11551
