1244.36139287 15 12867.7284758
1224.91675573 16 20698.9193257
1205.36979385 17 31663.709088
1184.61723359 18 46450.936128
1161.98449792 19 65784.323602
1137.11794306 20 90414.6506159
1109.83493662 21 121113.272465
1080.01649651 22 158667.076237
1047.54238085 23 203875.077192
1012.25253273 24 257546.934887
973.920067717 25 320503.722941
932.22438423 26 393581.374377
886.713968044 27 477637.428951
836.74468383 28 573562.203092
781.3656803 29 682296.711833
719.083597104 30 804862.818887
647.290594422 31 942420.365175
560.436702096 32 1096400.13909
