316.981381407 15 12867.7284758
325.789920102 16 20698.9193257
333.84431385 17 31663.709088
341.259824011 18 46450.936128
348.107233694 19 65784.323602
354.408967581 20 90414.6506159
360.149753028 21 121113.272465
365.290286695 22 158667.076237
369.779309744 23 203875.077192
373.56277675 24 257546.934887
376.589952906 25 320503.722941
378.816592222 26 393581.374377
380.205315444 27 477637.428951
380.722945078 28 573562.203092
380.333739226 29 682296.711833
378.986188916 30 804862.818887
376.591544234 31 942420.365175
373.031709654 32 1096400.13909
