7424.50413971 15 12867.7284758
7766.67061005 16 20698.9193257
8149.04436885 17 31663.709088
8569.64611609 18 46450.936128
9032.75208417 19 65784.323602
9544.92605381 20 90414.6506159
10114.7288215 21 121113.272465
10753.8481304 22 158667.076237
11479.0508479 23 203875.077192
12315.2135156 24 257546.934887
13300.3637942 25 320503.722941
14494.7947031 26 393581.374377
15998.9897075 27 477637.428951
17992.4572579 28 573562.203092
20828.9996905 29 682296.711833
25314.7111723 30 804862.818887
33767.3632817 31 942420.365175
56602.77574 32 1096400.13909
