6271.77306225 15 12867.7284758
4481.26347414 16 20698.9193257
4632.42020396 17 31663.709088
4828.64684544 18 46450.936128
5079.34492963 19 65784.323602
5396.08647969 20 90414.6506159
5793.41553781 21 121113.272465
6290.38462544 22 158667.076237
6913.12307254 23 203875.077192
7699.06845197 24 257546.934887
8704.20075275 25 320503.722941
10016.1776779 26 393581.374377
11780.0569906 27 477637.428951
14253.6247148 28 573562.203092
17941.8759315 29 682296.711833
23984.5051133 30 804862.818887
35604.6875909 31 942420.365175
66823.0076928 32 1096400.13909
