5265.82877967 15 12867.7284758
2411.45507636 16 20698.9193257
2719.77383611 17 31663.709088
3077.64774801 18 46450.936128
3483.46798967 19 65784.323602
3939.93389673 20 90414.6506159
4453.79623779 21 121113.272465
5036.19666553 22 158667.076237
5703.90899508 23 203875.077192
6481.88006283 24 257546.934887
7407.93842491 25 320503.722941
8541.63251082 26 393581.374377
9981.82380328 27 477637.428951
11904.9669877 28 573562.203092
14659.248683 29 682296.711833
19039.9030398 30 804862.818887
27340.9076141 31 942420.365175
49911.0949655 32 1096400.13909
