656247.332586 15 12867.7284758
663817.687827 16 20698.9193257
671737.935553 17 31663.709088
680040.286627 18 46450.936128
688756.465704 19 65784.323602
697920.806626 20 90414.6506159
707571.21164 21 121113.272465
717750.179793 22 158667.076237
728506.658037 23 203875.077192
739899.12615 24 257546.934887
752000.493355 25 320503.722941
764905.934527 26 393581.374377
778745.990838 27 477637.428951
793710.024757 28 573562.203092
810092.322909 29 682296.711833
828395.148048 30 804862.818887
849607.524702 31 942420.365175
876252.964451 32 1096400.13909
