1052342.45304 15 12867.7284758
1057722.16667 16 20698.9193257
1062818.87006 17 31663.709088
1067572.54678 18 46450.936128
1071914.08991 19 65784.323602
1075770.29788 20 90414.6506159
1079067.29351 21 121113.272465
1081731.24975 22 158667.076237
1083686.3564 23 203875.077192
1084850.19716 24 257546.934887
1085126.38963 25 320503.722941
1084393.55913 26 393581.374377
1082488.19435 27 477637.428951
1079175.63428 28 573562.203092
1074095.08014 29 682296.711833
1066639.34597 30 804862.818887
1055634.59266 31 942420.365175
1038158.86874 32 1096400.13909
