2.25518475118e-05 15 12867.7284758
2.02017455507e-05 16 20698.9193257
1.82441027667e-05 17 31663.709088
1.6583105595e-05 18 46450.936128
1.51538393311e-05 19 65784.323602
1.3909597414e-05 20 90414.6506159
1.28151716063e-05 21 121113.272465
1.18430575448e-05 22 158667.076237
1.09711438035e-05 23 203875.077192
1.01811891514e-05 24 257546.934887
9.45772822523e-06 25 320503.722941
8.78719571406e-06 26 393581.374377
8.15711158704e-06 27 477637.428951
7.55514543727e-06 28 573562.203092
6.9677265395e-06 29 682296.711833
6.3773420357e-06 30 804862.818887
5.75558136232e-06 31 942420.365175
5.03688136761e-06 32 1096400.13909
