12867.7284758 15 12867.7284758
20698.9193257 16 20698.9193257
31663.709088 17 31663.709088
46450.936128 18 46450.936128
65784.323602 19 65784.323602
90414.6506159 20 90414.6506159
121113.272465 21 121113.272465
158667.076237 22 158667.076237
203875.077192 23 203875.077192
257546.934887 24 257546.934887
320503.722941 25 320503.722941
393581.374377 26 393581.374377
477637.428951 27 477637.428951
573562.203092 28 573562.203092
682296.711833 29 682296.711833
804862.818887 30 804862.818887
942420.365175 31 942420.365175
1096400.13909 32 1096400.13909
