76.159877481 15 12867.7284758
75.2780193606 16 20698.9193257
74.3575062064 17 31663.709088
73.3901199585 18 46450.936128
72.3692859803 19 65784.323602
71.2890130175 20 90414.6506159
70.1430920482 21 121113.272465
68.9244506377 22 158667.076237
67.6245166194 23 203875.077192
66.2324452984 24 257546.934887
64.7340334255 25 320503.722941
63.1100414798 26 393581.374377
61.3333998639 27 477637.428951
59.3641829497 28 573562.203092
57.1396760829 29 682296.711833
54.5520911162 30 804862.818887
51.388219502 31 942420.365175
47.1033940215 32 1096400.13909
