-2547.15812552 15 12867.7284758
-2058.5295454 16 20698.9193257
-1578.22164236 17 31663.709088
-1103.38831845 18 46450.936128
-631.654378799 19 65784.323602
-160.853154948 20 90414.6506159
311.068598725 21 121113.272465
786.129453622 22 158667.076237
1266.41523852 23 203875.077192
1754.21820552 24 257546.934887
2252.23210212 25 320503.722941
2763.84188135 26 393581.374377
3293.58931865 27 477637.428951
3847.99313683 28 573562.203092
4437.15640909 29 682296.711833
5078.37509438 30 804862.818887
5805.9821839 31 942420.365175
6708.78622747 32 1096400.13909
