
	1055.28227825 24.2 1000000.0
	820.060579898 29.2 1000000.0
	434.581012723 34.2 1000000.0
	490.610880686 39.2 1000000.0
	533.535375902 44.2 1000000.0
	570.950395408 49.2 1000000.0
	604.816739054 54.2 1000000.0
	636.053359043 59.2 1000000.0
	665.213253181 64.2 1000000.0
	692.661734201 69.2 1000000.0
	718.648237148 74.2 1000000.0
	743.344799858 79.2 1000000.0
	766.870703837 84.2 1000000.0
	1163.14155762 24.2 3000000.0
	1017.64732058 29.2 3000000.0
	823.411304889 34.2 3000000.0
	605.852317848 39.2 3000000.0
	557.448527962 44.2 3000000.0
	584.478937155 49.2 3000000.0
	617.852768367 54.2 3000000.0
	650.404923931 59.2 3000000.0
	681.179000614 64.2 3000000.0
	710.133438453 69.2 3000000.0
	737.406887866 74.2 3000000.0
	763.15681414 79.2 3000000.0
	787.520056369 84.2 3000000.0
	1247.65973651 24.2 5000000.0
	1136.89337404 29.2 5000000.0
	1005.70703596 34.2 5000000.0
	863.262285925 39.2 5000000.0
	746.139442035 44.2 5000000.0
	693.972895161 49.2 5000000.0
	689.137286517 54.2 5000000.0
	703.741758587 59.2 5000000.0
	725.189041199 64.2 5000000.0
	748.785900755 69.2 5000000.0
	772.717884684 74.2 5000000.0
	796.234569906 79.2 5000000.0
	819.010670659 84.2 5000000.0
	1319.20352828 24.2 7000000.0
	1228.30549104 29.2 7000000.0
	1125.25165606 34.2 7000000.0
	1016.10850765 39.2 7000000.0
	914.78940377 44.2 7000000.0
	840.567493735 49.2 7000000.0
	801.827959056 54.2 7000000.0
	790.325578136 59.2 7000000.0
	794.596043026 64.2 7000000.0
	807.025707618 69.2 7000000.0
	823.461022008 74.2 7000000.0
	841.727245801 79.2 7000000.0
	860.66944786 84.2 7000000.0
	1382.17370583 24.2 9000000.0
	1304.50310222 29.2 9000000.0
	1218.24890647 34.2 9000000.0
	1127.89288332 39.2 9000000.0
	1041.30574205 44.2 9000000.0
	968.580529481 49.2 9000000.0
	917.526272734 54.2 9000000.0
	888.798919037 59.2 9000000.0
	877.459121067 64.2 9000000.0
	877.654496506 69.2 9000000.0
	884.915282055 74.2 9000000.0
	896.316599284 79.2 9000000.0
	910.042931873 84.2 9000000.0
	1438.91522761 24.2 11000000.0
	1370.82967772 29.2 11000000.0
	1295.98854809 34.2 11000000.0
	1217.94882067 39.2 11000000.0
	1142.14252752 44.2 11000000.0
	1074.82354337 49.2 11000000.0
	1021.47245906 54.2 11000000.0
	984.535040385 59.2 11000000.0
	962.807341034 64.2 11000000.0
	953.03889104 69.2 11000000.0
	951.77215092 74.2 11000000.0
	956.206011138 79.2 11000000.0
	964.319065186 84.2 11000000.0
	1490.85414391 24.2 13000000.0
	1430.11008812 29.2 13000000.0
	1363.62716424 34.2 13000000.0
	1294.38862061 39.2 13000000.0
	1226.60476237 44.2 13000000.0
	1164.66556527 49.2 13000000.0
	1112.47126488 54.2 13000000.0
	1072.41261134 59.2 13000000.0
	1044.74893782 64.2 13000000.0
	1027.99605594 69.2 13000000.0
	1019.89269359 74.2 13000000.0
	1018.19107066 79.2 13000000.0
	1021.01930306 84.2 13000000.0
	1538.9363993 24.2 15000000.0
	1484.04262407 29.2 15000000.0
	1423.99489832 34.2 15000000.0
	1361.40932717 39.2 15000000.0
	1299.80231183 44.2 15000000.0
	1242.54045808 49.2 15000000.0
	1192.54236628 54.2 15000000.0
	1151.82193669 59.2 15000000.0
	1121.10045043 64.2 15000000.0
	1099.84221423 69.2 15000000.0
	1086.69640482 74.2 15000000.0
	1080.02505234 79.2 15000000.0
	1078.26861715 84.2 15000000.0
	1583.82921243 24.2 17000000.0
	1533.73896312 29.2 17000000.0
	1478.82863234 34.2 17000000.0
	1421.47715969 39.2 17000000.0
	1364.77458323 44.2 17000000.0
	1311.47267866 49.2 17000000.0
	1263.86653215 54.2 17000000.0
	1223.61235555 59.2 17000000.0
	1191.51949486 64.2 17000000.0
	1167.51299767 69.2 17000000.0
	1150.82932682 74.2 17000000.0
	1140.33246396 79.2 17000000.0
	1134.79874046 84.2 17000000.0
	1626.02516705 24.2 19000000.0
	1579.97246194 29.2 19000000.0
	1529.27859087 34.2 19000000.0
	1476.17088895 39.2 19000000.0
	1423.46367165 44.2 19000000.0
	1373.51401698 49.2 19000000.0
	1328.20506697 54.2 19000000.0
	1288.9100444 59.2 19000000.0
	1256.39949266 64.2 19000000.0
	1230.80772117 69.2 19000000.0
	1211.72348685 74.2 19000000.0
	1198.37501439 79.2 19000000.0
	1189.83089276 84.2 19000000.0
	1665.90092482 24.2 21000000.0
	1623.30636257 29.2 21000000.0
	1576.150028 34.2 21000000.0
	1526.56565958 39.2 21000000.0
	1477.18325845 44.2 21000000.0
	1430.09355839 49.2 21000000.0
	1386.89687132 54.2 21000000.0
	1348.75179769 59.2 21000000.0
	1316.35462015 64.2 21000000.0
	1289.9258116 69.2 21000000.0
	1269.25848262 74.2 21000000.0
	1253.82971992 79.2 21000000.0
	1242.93799358 84.2 21000000.0
	1703.75263766 24.2 23000000.0
	1664.16584932 29.2 23000000.0
	1620.03120249 34.2 23000000.0
	1573.42883386 39.2 23000000.0
	1526.86304045 44.2 23000000.0
	1482.23778932 49.2 23000000.0
	1440.95252193 54.2 23000000.0
	1404.00381966 59.2 23000000.0
	1372.01079234 64.2 23000000.0
	1345.22128539 69.2 23000000.0
	1323.54473288 74.2 23000000.0
	1306.62354285 79.2 23000000.0
	1293.92777697 84.2 23000000.0
	1739.81847142 24.2 25000000.0
	1702.88126732 29.2 25000000.0
	1661.36659579 34.2 25000000.0
	1617.32871719 39.2 25000000.0
	1573.18539589 44.2 25000000.0
	1530.7056316 49.2 25000000.0
	1491.1420036 54.2 25000000.0
	1455.36780072 59.2 25000000.0
	1423.93262758 64.2 25000000.0
	1397.08440523 69.2 25000000.0
	1374.79760422 74.2 25000000.0
	1356.82319912 79.2 25000000.0
	1342.75596601 84.2 25000000.0
	1774.29356317 24.2 27000000.0
	1739.71541657 29.2 27000000.0
	1700.50139287 34.2 27000000.0
	1658.69897081 39.2 27000000.0
	1616.66639777 44.2 27000000.0
	1576.07277771 49.2 27000000.0
	1538.06062356 54.2 27000000.0
	1503.40823978 59.2 27000000.0
	1472.60585747 64.2 27000000.0
	1445.88953752 69.2 27000000.0
	1423.26910459 74.2 27000000.0
	1404.56660961 79.2 27000000.0
	1389.46639281 84.2 27000000.0
	1807.34031501 24.2 29000000.0
	1774.88152921 29.2 29000000.0
	1737.70983464 34.2 29000000.0
	1697.87879671 39.2 29000000.0
	1657.70622407 44.2 29000000.0
	1618.7858512 49.2 29000000.0
	1582.17593675 54.2 29000000.0
	1548.5806227 59.2 29000000.0
	1518.4404943 64.2 29000000.0
	1491.9752837 69.2 29000000.0
	1469.21303036 74.2 29000000.0
	1450.02235934 79.2 29000000.0
	1434.15171902 84.2 29000000.0
	1839.09569461 24.2 31000000.0
	1808.55553196 29.2 31000000.0
	1773.21401681 34.2 31000000.0
	1735.13908806 39.2 31000000.0
	1696.62182433 44.2 31000000.0
	1659.19821029 49.2 31000000.0
	1623.86082559 54.2 31000000.0
	1591.25513949 59.2 31000000.0
	1561.78054402 64.2 31000000.0
	1535.63955207 69.2 31000000.0
	1512.86855999 74.2 31000000.0
	1493.36678341 79.2 31000000.0
	1476.92864694 84.2 31000000.0
	1869.67654719 24.2 33000000.0
	1840.88466205 29.2 33000000.0
	1807.1967729 34.2 33000000.0
	1770.70005576 39.2 33000000.0
	1733.66882743 44.2 33000000.0
	1697.59427105 49.2 33000000.0
	1663.41695723 54.2 33000000.0
	1631.73535719 59.2 33000000.0
	1602.91472171 64.2 33000000.0
	1577.14110044 69.2 33000000.0
	1554.4536356 74.2 33000000.0
	1534.77168223 79.2 33000000.0
	1517.92280993 84.2 33000000.0
	1899.18354729 24.2 35000000.0
	1871.99367717 29.2 35000000.0
	1839.81075465 34.2 35000000.0
	1804.74346874 39.2 35000000.0
	1769.05667249 44.2 35000000.0
	1734.2064478 49.2 35000000.0
	1701.09161685 54.2 35000000.0
	1670.27257055 59.2 35000000.0
	1642.08620101 64.2 35000000.0
	1616.70353553 69.2 35000000.0
	1594.16334112 74.2 35000000.0
	1574.39825101 79.2 35000000.0
	1557.25990604 84.2 35000000.0
	1927.70419549 24.2 37000000.0
	1901.9894313 29.2 37000000.0
	1871.1849897 34.2 37000000.0
	1837.42137478 39.2 37000000.0
	1802.95932853 44.2 37000000.0
	1769.22721934 49.2 37000000.0
	1737.08995871 54.2 37000000.0
	1707.07675824 59.2 37000000.0
	1679.50086354 64.2 37000000.0
	1654.51993054 69.2 37000000.0
	1632.17069448 74.2 37000000.0
	1612.39454359 79.2 37000000.0
	1595.06075635 84.2 37000000.0
	1955.31512997 24.2 39000000.0
	1930.96431288 29.2 39000000.0
	1901.42971856 34.2 39000000.0
	1868.86245373 39.2 39000000.0
	1835.52305993 44.2 39000000.0
	1802.81789871 49.2 39000000.0
	1771.58405231 54.2 39000000.0
	1742.32496021 59.2 39000000.0
	1715.33405903 64.2 39000000.0
	1690.75726693 69.2 39000000.0
	1668.62849131 74.2 39000000.0
	1648.89488366 79.2 39000000.0
	1631.4387776 84.2 39000000.0
	1982.08393632 24.2 41000000.0
	1958.9988727 29.2 41000000.0
	1930.64002995 34.2 41000000.0
	1899.17673777 39.2 41000000.0
	1866.87216334 44.2 41000000.0
	1835.11512369 49.2 41000000.0
	1804.7196574 54.2 41000000.0
	1776.16771837 59.2 41000000.0
	1749.73606729 64.2 41000000.0
	1725.56039916 69.2 41000000.0
	1703.67149906 74.2 41000000.0
	1684.02029977 79.2 41000000.0
	1666.49890756 84.2 41000000.0
