
	736539.989868 24.2 1000000.0
	806555.911303 29.2 1000000.0
	1100112.40042 34.2 1000000.0
	1149993.56596 39.2 1000000.0
	1191007.32604 44.2 1000000.0
	1228803.39064 49.2 1000000.0
	1264815.03395 54.2 1000000.0
	1299668.91919 59.2 1000000.0
	1333718.97861 64.2 1000000.0
	1367193.47568 69.2 1000000.0
	1400253.07314 74.2 1000000.0
	1433019.69936 79.2 1000000.0
	1465592.76906 84.2 1000000.0
	725242.393791 24.2 3000000.0
	780297.764953 29.2 3000000.0
	852716.418419 34.2 3000000.0
	959249.182923 39.2 3000000.0
	1069875.45885 44.2 3000000.0
	1140156.60281 49.2 3000000.0
	1193308.69719 54.2 3000000.0
	1239217.47917 59.2 3000000.0
	1281204.84516 64.2 3000000.0
	1320736.52771 69.2 3000000.0
	1358601.92909 74.2 3000000.0
	1395287.42585 79.2 3000000.0
	1431123.15223 84.2 3000000.0
	717506.074247 24.2 5000000.0
	766144.731896 29.2 5000000.0
	824525.850171 34.2 5000000.0
	894320.591733 39.2 5000000.0
	974493.334784 44.2 5000000.0
	1053830.85839 49.2 5000000.0
	1121743.02044 54.2 5000000.0
	1178956.78765 59.2 5000000.0
	1229153.43984 64.2 5000000.0
	1274864.70086 69.2 5000000.0
	1317571.29364 74.2 5000000.0
	1358171.18564 79.2 5000000.0
	1397248.92549 84.2 5000000.0
	711814.21455 24.2 7000000.0
	756495.525301 29.2 7000000.0
	808471.411101 34.2 7000000.0
	867645.560355 39.2 7000000.0
	933041.772662 44.2 7000000.0
	1001427.98274 49.2 7000000.0
	1067681.4963 54.2 7000000.0
	1128408.8026 59.2 7000000.0
	1183280.43393 64.2 7000000.0
	1233373.09619 69.2 7000000.0
	1279871.45077 74.2 7000000.0
	1323704.08664 79.2 7000000.0
	1365547.75616 84.2 7000000.0
	707479.182498 24.2 9000000.0
	749346.566227 29.2 9000000.0
	797331.981789 34.2 9000000.0
	850915.642473 39.2 9000000.0
	909094.615314 44.2 9000000.0
	970119.450127 49.2 9000000.0
	1031449.67522 54.2 9000000.0
	1090627.6494 59.2 9000000.0
	1146302.58183 64.2 9000000.0
	1198283.77545 69.2 9000000.0
	1246993.09669 74.2 9000000.0
	1293016.48984 79.2 9000000.0
	1336904.2187 84.2 9000000.0
	704121.960107 24.2 11000000.0
	743824.739103 29.2 11000000.0
	788964.421116 34.2 11000000.0
	838902.531478 39.2 11000000.0
	892663.77551 44.2 11000000.0
	948967.628702 49.2 11000000.0
	1006227.14869 54.2 11000000.0
	1062809.0663 59.2 11000000.0
	1117478.33499 64.2 11000000.0
	1169633.57381 69.2 11000000.0
	1219204.3144 74.2 11000000.0
	1266417.21312 79.2 11000000.0
	1311610.65447 84.2 11000000.0
	701508.356913 24.2 13000000.0
	739460.360203 29.2 13000000.0
	782408.793288 34.2 13000000.0
	829693.192234 39.2 13000000.0
	880378.525977 44.2 13000000.0
	933395.163118 49.2 13000000.0
	987571.571404 54.2 13000000.0
	1041733.40485 59.2 13000000.0
	1094893.27276 64.2 13000000.0
	1146408.27712 69.2 13000000.0
	1196000.23349 74.2 13000000.0
	1243665.57826 79.2 13000000.0
	1289560.20324 84.2 13000000.0
	699482.245995 24.2 15000000.0
	735968.044463 29.2 15000000.0
	777143.508183 34.2 15000000.0
	822362.583626 39.2 15000000.0
	870730.157362 44.2 15000000.0
	921293.832425 49.2 15000000.0
	973094.445761 54.2 15000000.0
	1025212.80624 59.2 15000000.0
	1076853.9865 64.2 15000000.0
	1127433.60161 69.2 15000000.0
	1176612.53766 74.2 15000000.0
	1224268.67339 79.2 15000000.0
	1270435.05995 84.2 15000000.0
	697933.708321 24.2 17000000.0
	733159.85992 29.2 17000000.0
	772850.336777 34.2 17000000.0
	816388.343064 39.2 17000000.0
	862915.070503 44.2 17000000.0
	911552.440077 49.2 17000000.0
	961463.869534 54.2 17000000.0
	1011880.6581 59.2 17000000.0
	1062139.56286 64.2 17000000.0
	1111726.23668 69.2 17000000.0
	1160300.01821 74.2 17000000.0
	1207686.66669 79.2 17000000.0
	1253846.26529 84.2 17000000.0
	696782.102295 24.2 19000000.0
	730904.732875 29.2 19000000.0
	769319.37442 34.2 19000000.0
	811444.53807 39.2 19000000.0
	856453.674466 44.2 19000000.0
	903520.036187 49.2 19000000.0
	951884.390392 54.2 19000000.0
	1000872.47624 59.2 19000000.0
	1049910.06401 64.2 19000000.0
	1098542.18244 69.2 19000000.0
	1146446.27778 74.2 19000000.0
	1193429.97475 79.2 19000000.0
	1239413.39227 84.2 19000000.0
	695966.324326 24.2 21000000.0
	729107.211395 29.2 21000000.0
	766404.149074 34.2 21000000.0
	807313.088443 39.2 21000000.0
	851036.045609 44.2 21000000.0
	896783.884764 49.2 21000000.0
	943849.504555 54.2 21000000.0
	991621.169694 59.2 21000000.0
	1039585.87238 64.2 21000000.0
	1087334.72792 69.2 21000000.0
	1134567.23764 74.2 21000000.0
	1181088.71722 79.2 21000000.0
	1226798.98223 84.2 21000000.0
	695438.854452 24.2 23000000.0
	727695.40165 29.2 23000000.0
	763998.000696 34.2 23000000.0
	803840.337802 39.2 23000000.0
	846449.818558 44.2 23000000.0
	891066.065358 49.2 23000000.0
	937018.894575 54.2 23000000.0
	983739.82159 59.2 23000000.0
	1030758.98267 64.2 23000000.0
	1077702.38807 69.2 23000000.0
	1124290.02764 74.2 23000000.0
	1170331.56364 79.2 23000000.0
	1215717.54884 84.2 23000000.0
	695161.935518 24.2 25000000.0
	726613.667863 29.2 25000000.0
	762020.619314 34.2 25000000.0
	800913.624929 39.2 25000000.0
	842542.79944 44.2 25000000.0
	886170.468464 49.2 25000000.0
	931153.599931 54.2 25000000.0
	976954.700681 59.2 25000000.0
	1023135.0524 64.2 25000000.0
	1069347.01343 69.2 25000000.0
	1115327.97141 74.2 25000000.0
	1160894.22058 79.2 25000000.0
	1205932.98819 84.2 25000000.0
	695105.022708 24.2 27000000.0
	725817.98767 29.2 27000000.0
	760409.883965 34.2 27000000.0
	798447.693331 39.2 27000000.0
	839201.985107 44.2 27000000.0
	881953.457964 49.2 27000000.0
	926079.643489 54.2 27000000.0
	971065.890613 59.2 27000000.0
	1016496.45301 64.2 27000000.0
	1062043.69234 69.2 27000000.0
	1107459.23102 74.2 27000000.0
	1152566.30195 79.2 27000000.0
	1197251.85431 84.2 27000000.0
	695243.024228 24.2 29000000.0
	725272.873856 29.2 29000000.0
	759116.665267 34.2 29000000.0
	796376.344647 39.2 29000000.0
	836341.033635 44.2 29000000.0
	878306.59627 49.2 29000000.0
	921666.501546 54.2 29000000.0
	965923.316188 59.2 29000000.0
	1010678.54933 64.2 29000000.0
	1055619.87228 69.2 29000000.0
	1100510.36701 74.2 29000000.0
	1145179.68318 79.2 29000000.0
	1189515.94572 84.2 29000000.0
	695555.053527 24.2 31000000.0
	724949.263846 29.2 31000000.0
	758101.379321 34.2 31000000.0
	794647.070592 39.2 31000000.0
	833892.396999 44.2 31000000.0
	875145.943305 49.2 31000000.0
	917813.758024 54.2 31000000.0
	961411.618425 59.2 31000000.0
	1005554.19048 64.2 31000000.0
	1049940.95986 69.2 31000000.0
	1094344.17 74.2 31000000.0
	1138599.07524 79.2 31000000.0
	1182595.5696 84.2 31000000.0
	696023.523003 24.2 33000000.0
	724823.030686 29.2 33000000.0
	757331.624789 34.2 33000000.0
	793217.466518 39.2 33000000.0
	831802.172905 44.2 33000000.0
	872405.142255 49.2 33000000.0
	914442.497338 54.2 33000000.0
	957440.292155 59.2 33000000.0
	1001023.34379 64.2 33000000.0
	1044900.32096 69.2 33000000.0
	1088850.77022 74.2 33000000.0
	1132714.69128 79.2 33000000.0
	1176383.88793 84.2 33000000.0
	696633.472 24.2 35000000.0
	724873.906437 29.2 35000000.0
	756780.515983 34.2 35000000.0
	792052.757426 39.2 35000000.0
	830026.617376 44.2 35000000.0
	870030.79043 49.2 35000000.0
	911489.560629 54.2 35000000.0
	953937.060089 59.2 35000000.0
	997006.007531 64.2 35000000.0
	1040412.24932 69.2 35000000.0
	1083941.14499 74.2 35000000.0
	1127436.63559 79.2 35000000.0
	1170792.347 84.2 35000000.0
	697372.059427 24.2 37000000.0
	725084.687058 29.2 37000000.0
	756425.477922 34.2 37000000.0
	791124.044225 39.2 37000000.0
	828529.711901 44.2 37000000.0
	867979.244604 49.2 37000000.0
	908903.597799 54.2 37000000.0
	950843.300518 59.2 37000000.0
	993437.258869 64.2 37000000.0
	1036406.94909 69.2 37000000.0
	1079542.35021 74.2 37000000.0
	1122690.63206 79.2 37000000.0
	1165747.0491 84.2 37000000.0
	698228.174504 24.2 39000000.0
	725440.634181 29.2 39000000.0
	756247.356718 34.2 39000000.0
	790407.031009 39.2 39000000.0
	827281.422802 44.2 39000000.0
	866214.357891 49.2 39000000.0
	906642.283008 54.2 39000000.0
	948110.815849 59.2 39000000.0
	990263.722258 64.2 39000000.0
	1032826.89923 69.2 39000000.0
	1075593.98654 74.2 39000000.0
	1118414.76844 79.2 39000000.0
	1161185.89418 84.2 39000000.0
	699192.133862 24.2 41000000.0
	725929.017603 29.2 41000000.0
	756229.750498 34.2 41000000.0
	789881.082329 39.2 41000000.0
	826256.428206 44.2 41000000.0
	864705.839604 49.2 41000000.0
	904670.305827 54.2 41000000.0
	945699.499496 59.2 41000000.0
	987441.003064 64.2 41000000.0
	1029624.17877 69.2 41000000.0
	1072045.55335 74.2 41000000.0
	1114557.00298 79.2 41000000.0
	1157056.33213 84.2 41000000.0
