
	751385.690556 24.2 1000000.0
	823746.944257 29.2 1000000.0
	1200168.36935 34.2 1000000.0
	1282923.96117 39.2 1000000.0
	1351502.02134 44.2 1000000.0
	1414692.5933 49.2 1000000.0
	1474868.04127 54.2 1000000.0
	1533090.41819 59.2 1000000.0
	1589957.69151 64.2 1000000.0
	1645849.48097 69.2 1000000.0
	1701026.42829 74.2 1000000.0
	1755679.48606 79.2 1000000.0
	1809957.35468 84.2 1000000.0
	767865.10035 24.2 3000000.0
	827128.456311 29.2 3000000.0
	907195.396213 34.2 3000000.0
	1034016.1869 39.2 3000000.0
	1185709.40654 44.2 3000000.0
	1293406.20426 49.2 3000000.0
	1378498.67067 54.2 3000000.0
	1453347.31483 59.2 3000000.0
	1522433.48279 64.2 3000000.0
	1587814.69503 69.2 3000000.0
	1650625.99412 74.2 3000000.0
	1711575.61111 79.2 3000000.0
	1771145.40219 84.2 3000000.0
	786264.515695 24.2 5000000.0
	840166.943947 29.2 5000000.0
	906259.528516 34.2 5000000.0
	988297.431863 39.2 5000000.0
	1088700.66736 44.2 5000000.0
	1196571.7196 49.2 5000000.0
	1295908.0028 54.2 5000000.0
	1383744.69278 59.2 5000000.0
	1463052.06447 64.2 5000000.0
	1536530.99864 69.2 5000000.0
	1605926.36163 74.2 5000000.0
	1672355.07741 79.2 5000000.0
	1736568.80411 84.2 5000000.0
	805577.793225 24.2 7000000.0
	856261.196458 29.2 7000000.0
	916301.276226 34.2 7000000.0
	986573.127126 39.2 7000000.0
	1067458.17306 44.2 7000000.0
	1156671.33833 49.2 7000000.0
	1248220.67439 54.2 7000000.0
	1336495.29255 59.2 7000000.0
	1419384.91903 64.2 7000000.0
	1497129.84955 69.2 7000000.0
	1570651.07104 74.2 7000000.0
	1640848.53405 79.2 7000000.0
	1708448.49697 84.2 7000000.0
	825387.845826 24.2 9000000.0
	873820.81127 29.2 9000000.0
	930220.688447 34.2 9000000.0
	994625.675874 39.2 9000000.0
	1066729.98969 44.2 9000000.0
	1145360.63151 49.2 9000000.0
	1227933.88954 54.2 9000000.0
	1311135.59112 59.2 9000000.0
	1392426.87023 64.2 9000000.0
	1470655.18119 69.2 9000000.0
	1545664.99834 74.2 9000000.0
	1617756.63419 79.2 9000000.0
	1687362.29439 84.2 9000000.0
	845484.030805 24.2 11000000.0
	892203.492134 29.2 11000000.0
	946074.19336 34.2 11000000.0
	1006805.6876 39.2 11000000.0
	1073827.80341 44.2 11000000.0
	1146206.39618 49.2 11000000.0
	1222430.43163 54.2 11000000.0
	1300522.12891 59.2 11000000.0
	1378579.05801 64.2 11000000.0
	1455275.91999 69.2 11000000.0
	1529960.46856 74.2 11000000.0
	1602470.30271 79.2 11000000.0
	1672913.16343 84.2 11000000.0
	865747.138018 24.2 13000000.0
	911087.738052 29.2 13000000.0
	963048.623675 34.2 13000000.0
	1021191.14989 39.2 13000000.0
	1084827.16171 44.2 13000000.0
	1153098.93834 49.2 13000000.0
	1224905.81178 54.2 13000000.0
	1298913.66133 59.2 13000000.0
	1373752.11374 64.2 13000000.0
	1448283.40517 69.2 13000000.0
	1521753.31515 74.2 13000000.0
	1593777.3548 79.2 13000000.0
	1664241.18192 84.2 13000000.0
	886104.500012 24.2 15000000.0
	930291.508604 29.2 15000000.0
	980729.315831 34.2 15000000.0
	1036909.0806 39.2 15000000.0
	1098084.77765 44.2 15000000.0
	1163431.68965 49.2 15000000.0
	1232036.59149 54.2 15000000.0
	1302890.09827 59.2 15000000.0
	1374959.94841 64.2 15000000.0
	1447323.14665 69.2 15000000.0
	1519275.36033 74.2 15000000.0
	1590364.79151 79.2 15000000.0
	1660360.72683 84.2 15000000.0
	906509.466888 24.2 17000000.0
	949703.061218 29.2 17000000.0
	998878.293223 34.2 17000000.0
	1053494.25664 39.2 17000000.0
	1112774.95803 44.2 17000000.0
	1175913.3294 49.2 17000000.0
	1242094.07286 54.2 17000000.0
	1310484.93284 59.2 17000000.0
	1380261.34609 64.2 17000000.0
	1450668.72797 69.2 17000000.0
	1521088.64675 74.2 17000000.0
	1591074.73957 79.2 17000000.0
	1660349.8733 84.2 17000000.0
	926930.950273 24.2 19000000.0
	969249.785536 29.2 19000000.0
	1017347.73051 34.2 19000000.0
	1070672.01655 39.2 19000000.0
	1128430.77956 44.2 19000000.0
	1189827.7648 49.2 19000000.0
	1254104.08554 54.2 19000000.0
	1320531.33435 59.2 19000000.0
	1388415.12911 64.2 19000000.0
	1457121.63378 69.2 19000000.0
	1526113.74369 74.2 19000000.0
	1594977.2681 79.2 19000000.0
	1663426.69798 84.2 19000000.0
	947347.658176 24.2 21000000.0
	988882.472001 29.2 21000000.0
	1036040.43829 34.2 21000000.0
	1088268.19997 39.2 21000000.0
	1144765.56445 44.2 21000000.0
	1204743.41116 49.2 21000000.0
	1267477.68723 54.2 21000000.0
	1332304.58289 59.2 21000000.0
	1398614.02485 64.2 21000000.0
	1465857.12821 69.2 21000000.0
	1533563.36404 74.2 21000000.0
	1601356.38854 79.2 21000000.0
	1668960.18383 84.2 21000000.0
	967744.717474 24.2 23000000.0
	1008566.68456 29.2 23000000.0
	1054889.73672 34.2 23000000.0
	1106166.40688 39.2 23000000.0
	1161592.35294 44.2 23000000.0
	1220383.29448 49.2 23000000.0
	1281837.73754 54.2 23000000.0
	1345333.95477 59.2 23000000.0
	1410318.28872 64.2 23000000.0
	1476301.90838 69.2 23000000.0
	1542866.07642 74.2 23000000.0
	1609669.70346 79.2 23000000.0
	1676453.13041 84.2 23000000.0
	988111.59776 24.2 25000000.0
	1028277.7192 29.2 25000000.0
	1073848.34244 34.2 25000000.0
	1124285.64164 39.2 25000000.0
	1178783.47398 44.2 25000000.0
	1236560.80791 49.2 25000000.0
	1296931.20029 54.2 25000000.0
	1359301.30498 59.2 25000000.0
	1423156.31185 64.2 25000000.0
	1488050.38956 69.2 25000000.0
	1553604.40178 74.2 25000000.0
	1619507.38545 79.2 25000000.0
	1685517.46816 84.2 25000000.0
	1008440.7843 24.2 27000000.0
	1047997.50591 29.2 27000000.0
	1092881.83738 34.2 27000000.0
	1142567.72502 39.2 27000000.0
	1196248.53209 44.2 27000000.0
	1253145.28789 49.2 27000000.0
	1312581.72907 54.2 27000000.0
	1373984.12379 59.2 27000000.0
	1436865.04347 64.2 27000000.0
	1500809.89473 69.2 27000000.0
	1565469.72426 74.2 27000000.0
	1630558.34967 79.2 27000000.0
	1695850.67723 84.2 27000000.0
	1028726.90193 24.2 29000000.0
	1067712.62553 29.2 29000000.0
	1111964.63468 34.2 29000000.0
	1160969.78373 39.2 29000000.0
	1213921.63476 44.2 29000000.0
	1270042.34556 49.2 29000000.0
	1328662.51582 54.2 29000000.0
	1389222.17368 59.2 29000000.0
	1451253.5372 64.2 29000000.0
	1514365.01391 69.2 29000000.0
	1578230.71845 74.2 29000000.0
	1642584.49753 79.2 29000000.0
	1707216.10612 84.2 29000000.0
	1048966.12073 24.2 31000000.0
	1087412.99651 29.2 31000000.0
	1131077.38391 34.2 31000000.0
	1179459.55485 39.2 31000000.0
	1231753.59218 44.2 31000000.0
	1287182.02471 49.2 31000000.0
	1345079.96441 54.2 31000000.0
	1404897.14501 59.2 31000000.0
	1466180.05422 64.2 31000000.0
	1528554.22553 69.2 31000000.0
	1591711.48908 74.2 31000000.0
	1655401.75577 79.2 31000000.0
	1719427.49496 84.2 31000000.0
	1069155.74331 24.2 33000000.0
	1107090.98013 29.2 33000000.0
	1150205.24449 34.2 33000000.0
	1198012.33474 39.2 33000000.0
	1249706.94871 44.2 33000000.0
	1304511.35569 49.2 33000000.0
	1361763.45683 54.2 33000000.0
	1420919.79457 59.2 33000000.0
	1481537.28674 64.2 33000000.0
	1543254.32317 69.2 33000000.0
	1605776.40622 74.2 33000000.0
	1668866.29275 79.2 33000000.0
	1732337.14211 84.2 33000000.0
	1089293.91261 24.2 35000000.0
	1126740.75587 29.2 35000000.0
	1169336.70378 34.2 35000000.0
	1216608.93133 39.2 35000000.0
	1267752.7047 44.2 35000000.0
	1321989.49926 49.2 35000000.0
	1378658.70602 54.2 35000000.0
	1437221.54959 59.2 35000000.0
	1497242.57007 64.2 35000000.0
	1558369.85368 69.2 35000000.0
	1620319.49563 74.2 35000000.0
	1682864.51604 79.2 35000000.0
	1745826.96714 84.2 35000000.0
	1109379.40128 24.2 37000000.0
	1146357.87593 29.2 37000000.0
	1188462.74771 34.2 37000000.0
	1235234.25139 39.2 37000000.0
	1285868.08796 44.2 37000000.0
	1339584.47968 49.2 37000000.0
	1395723.30367 54.2 37000000.0
	1453748.86877 59.2 37000000.0
	1513231.23975 64.2 37000000.0
	1573825.82021 69.2 37000000.0
	1635256.92941 74.2 37000000.0
	1697305.78409 79.2 37000000.0
	1759801.78546 84.2 37000000.0
	1129411.4576 24.2 39000000.0
	1165938.94193 29.2 39000000.0
	1207576.2665 34.2 39000000.0
	1253876.30243 39.2 39000000.0
	1304034.99926 44.2 39000000.0
	1357270.92715 49.2 39000000.0
	1412923.65774 54.2 39000000.0
	1470459.3584 59.2 39000000.0
	1529452.02176 64.2 39000000.0
	1589562.54899 69.2 39000000.0
	1650521.64167 74.2 39000000.0
	1712117.05673 79.2 39000000.0
	1774184.24007 84.2 39000000.0
	1149389.69131 24.2 41000000.0
	1185481.36623 29.2 41000000.0
	1226671.62086 34.2 41000000.0
	1272525.47295 39.2 41000000.0
	1322238.90362 44.2 41000000.0
	1375028.48104 49.2 41000000.0
	1430232.83585 54.2 41000000.0
	1487319.03679 59.2 41000000.0
	1545863.76794 64.2 41000000.0
	1605532.0155 69.2 41000000.0
	1666059.41599 74.2 41000000.0
	1727238.9334 79.2 41000000.0
	1788910.9652 84.2 41000000.0
