
	0.105299669146 24.2 1000000.0
	0.0996184866283 29.2 1000000.0
	0.0389126974369 34.2 1000000.0
	0.0388268697202 39.2 1000000.0
	0.0407419091375 44.2 1000000.0
	0.0430949675991 49.2 1000000.0
	0.045602638784 54.2 1000000.0
	0.0481274865429 59.2 1000000.0
	0.0506120953745 64.2 1000000.0
	0.0530435656373 69.2 1000000.0
	0.0554228922401 74.2 1000000.0
	0.0577587988228 79.2 1000000.0
	0.0600642338832 84.2 1000000.0
	0.109345117679 24.2 3000000.0
	0.107096432012 29.2 3000000.0
	0.10008162193 34.2 3000000.0
	0.0835249324666 39.2 3000000.0
	0.064531519204 44.2 3000000.0
	0.0579867524752 49.2 3000000.0
	0.0570715933659 54.2 3000000.0
	0.057843616704 59.2 3000000.0
	0.059175493307 64.2 3000000.0
	0.0607810288925 69.2 3000000.0
	0.0625336062067 74.2 3000000.0
	0.0643739904354 79.2 3000000.0
	0.0662754411454 84.2 3000000.0
	0.11266412849 24.2 5000000.0
	0.111818113758 29.2 5000000.0
	0.108443977177 34.2 5000000.0
	0.101580995229 39.2 5000000.0
	0.0910300517889 44.2 5000000.0
	0.0795902072587 49.2 5000000.0
	0.072629555239 54.2 5000000.0
	0.069778158174 59.2 5000000.0
	0.0688335559128 64.2 5000000.0
	0.0689270693568 69.2 5000000.0
	0.0696182359472 74.2 5000000.0
	0.0706786516441 79.2 5000000.0
	0.0719854429655 84.2 5000000.0
	0.115622454649 24.2 7000000.0
	0.115855003941 29.2 7000000.0
	0.113893592784 34.2 7000000.0
	0.109898701638 39.2 7000000.0
	0.10376219563 44.2 7000000.0
	0.0957905373988 49.2 7000000.0
	0.0883628335711 54.2 7000000.0
	0.083272254189 59.2 7000000.0
	0.0801156251514 64.2 7000000.0
	0.0784246412138 69.2 7000000.0
	0.0777423708515 74.2 7000000.0
	0.0777472260306 79.2 7000000.0
	0.0782324224797 84.2 7000000.0
	0.118376570054 24.2 9000000.0
	0.119401400925 29.2 9000000.0
	0.118262828609 34.2 9000000.0
	0.115716768879 39.2 9000000.0
	0.111627420957 44.2 9000000.0
	0.106109364208 49.2 9000000.0
	0.100219185449 54.2 9000000.0
	0.0951490637316 59.2 9000000.0
	0.09114790372 64.2 9000000.0
	0.0883149172733 69.2 9000000.0
	0.0865029591586 74.2 9000000.0
	0.0855039980539 79.2 9000000.0
	0.085133268045 84.2 9000000.0
	0.121008098197 24.2 11000000.0
	0.122676092709 29.2 11000000.0
	0.122266237389 34.2 11000000.0
	0.12043785535 39.2 11000000.0
	0.117536264652 44.2 11000000.0
	0.113492132967 49.2 11000000.0
	0.108941934622 54.2 11000000.0
	0.104593333388 59.2 11000000.0
	0.100690588427 64.2 11000000.0
	0.0974926034489 69.2 11000000.0
	0.0950713703531 74.2 11000000.0
	0.0933800289236 79.2 11000000.0
	0.0923240626828 84.2 11000000.0
	0.123564750773 24.2 13000000.0
	0.125790283526 29.2 13000000.0
	0.125948252426 34.2 13000000.0
	0.124633090431 39.2 13000000.0
	0.122469161126 44.2 13000000.0
	0.119366117357 49.2 13000000.0
	0.11576305997 54.2 13000000.0
	0.112135605363 59.2 13000000.0
	0.108647378492 64.2 13000000.0
	0.105531618415 69.2 13000000.0
	0.102927963561 74.2 13000000.0
	0.100885585654 79.2 13000000.0
	0.0993922792745 84.2 13000000.0
	0.126076562914 24.2 15000000.0
	0.128807803645 29.2 15000000.0
	0.129440849334 34.2 15000000.0
	0.128604504117 39.2 15000000.0
	0.12682203936 44.2 15000000.0
	0.12439515194 49.2 15000000.0
	0.121448822668 54.2 15000000.0
	0.118392395188 59.2 15000000.0
	0.115343234022 64.2 15000000.0
	0.112477672551 69.2 15000000.0
	0.109930339034 74.2 15000000.0
	0.107783282597 79.2 15000000.0
	0.106071026405 84.2 15000000.0
	0.12856344848 24.2 17000000.0
	0.131768293914 29.2 17000000.0
	0.132820110996 34.2 17000000.0
	0.132371293234 39.2 17000000.0
	0.130935854373 44.2 17000000.0
	0.128919523992 49.2 17000000.0
	0.126437353095 54.2 17000000.0
	0.123804336262 59.2 17000000.0
	0.12112675385 64.2 17000000.0
	0.118536529915 69.2 17000000.0
	0.116144074335 74.2 17000000.0
	0.114031557546 79.2 17000000.0
	0.112250819229 84.2 17000000.0
	0.131039121088 24.2 19000000.0
	0.134697760913 29.2 19000000.0
	0.136133365165 34.2 19000000.0
	0.13601565426 39.2 19000000.0
	0.134883232774 44.2 19000000.0
	0.133120321531 49.2 19000000.0
	0.130986851029 54.2 19000000.0
	0.128660286611 59.2 19000000.0
	0.126270962877 64.2 19000000.0
	0.123923769612 69.2 19000000.0
	0.121706479318 74.2 19000000.0
	0.119690099752 79.2 19000000.0
	0.117927437062 84.2 19000000.0
	0.133513297608 24.2 21000000.0
	0.137613961568 29.2 21000000.0
	0.139411672023 34.2 21000000.0
	0.139589503508 39.2 21000000.0
	0.138707154532 44.2 21000000.0
	0.137170811372 49.2 21000000.0
	0.135256913434 54.2 21000000.0
	0.133149207811 59.2 21000000.0
	0.130972826622 64.2 21000000.0
	0.128819175185 69.2 21000000.0
	0.12676033758 74.2 21000000.0
	0.124855143992 79.2 21000000.0
	0.123150684898 84.2 21000000.0
	0.135993014092 24.2 23000000.0
	0.140529387562 29.2 23000000.0
	0.142676231181 34.2 23000000.0
	0.143127266162 39.2 23000000.0
	0.142460751005 44.2 23000000.0
	0.141103689638 49.2 23000000.0
	0.139438422071 54.2 23000000.0
	0.137397298313 59.2 23000000.0
	0.135371919249 64.2 23000000.0
	0.133361756846 69.2 23000000.0
	0.131430152446 74.2 23000000.0
	0.129626530164 79.2 23000000.0
	0.127990920133 84.2 23000000.0
	0.13848345029 24.2 25000000.0
	0.143453027521 29.2 25000000.0
	0.145941943876 34.2 25000000.0
	0.146652610085 39.2 25000000.0
	0.146179909278 44.2 25000000.0
	0.144970473981 49.2 25000000.0
	0.143473743289 54.2 25000000.0
	0.141491021016 59.2 25000000.0
	0.139567602513 64.2 25000000.0
	0.137656303188 69.2 25000000.0
	0.135817286378 74.2 25000000.0
	0.134094194806 79.2 25000000.0
	0.132521087942 84.2 25000000.0
	0.140988466733 24.2 27000000.0
	0.14639146078 29.2 27000000.0
	0.149219519853 34.2 27000000.0
	0.150182258791 39.2 27000000.0
	0.149889644861 44.2 27000000.0
	0.148806809429 49.2 27000000.0
	0.147423170327 54.2 27000000.0
	0.145645678419 59.2 27000000.0
	0.143631501619 64.2 27000000.0
	0.141781416001 69.2 27000000.0
	0.140001937282 74.2 27000000.0
	0.138334288617 79.2 27000000.0
	0.136808512646 84.2 27000000.0
	0.143510965994 24.2 29000000.0
	0.149349564234 29.2 29000000.0
	0.152516786192 34.2 29000000.0
	0.153728277204 39.2 29000000.0
	0.153607822077 44.2 29000000.0
	0.152638010554 49.2 29000000.0
	0.151337182538 54.2 29000000.0
	0.149648438266 59.2 29000000.0
	0.14771195847 64.2 29000000.0
	0.145796282318 69.2 29000000.0
	0.144046892347 74.2 29000000.0
	0.142409418449 79.2 29000000.0
	0.14091195945 84.2 29000000.0
	0.146053142333 24.2 31000000.0
	0.15233098463 29.2 31000000.0
	0.155839533476 34.2 31000000.0
	0.157299506237 39.2 31000000.0
	0.157347436889 44.2 31000000.0
	0.156482426064 49.2 31000000.0
	0.155245586455 54.2 31000000.0
	0.15360723143 59.2 31000000.0
	0.151775786932 64.2 31000000.0
	0.149745804343 69.2 31000000.0
	0.148001218785 74.2 31000000.0
	0.146370355126 79.2 31000000.0
	0.144881252329 84.2 31000000.0
	0.148616658183 24.2 33000000.0
	0.155338463048 29.2 33000000.0
	0.159192081226 34.2 33000000.0
	0.160902497744 39.2 33000000.0
	0.161118076081 44.2 33000000.0
	0.160353567458 49.2 33000000.0
	0.159168965726 54.2 33000000.0
	0.15755948195 59.2 33000000.0
	0.15575980557 64.2 33000000.0
	0.153846845234 69.2 33000000.0
	0.151903355466 74.2 33000000.0
	0.15025804586 79.2 33000000.0
	0.148757989377 84.2 33000000.0
	0.15120277143 24.2 35000000.0
	0.158374063197 29.2 35000000.0
	0.162577666365 34.2 35000000.0
	0.164542143314 39.2 35000000.0
	0.164926882345 44.2 35000000.0
	0.164261503432 49.2 35000000.0
	0.16312222227 54.2 35000000.0
	0.16152816479 59.2 35000000.0
	0.159732530717 64.2 35000000.0
	0.157851834471 69.2 35000000.0
	0.155836566787 74.2 35000000.0
	0.154105479773 79.2 35000000.0
	0.152576630562 84.2 35000000.0
	0.153812428771 24.2 37000000.0
	0.161439335331 29.2 37000000.0
	0.165998716499 34.2 37000000.0
	0.168222108576 39.2 37000000.0
	0.168779211224 44.2 37000000.0
	0.168213800794 49.2 37000000.0
	0.167116398347 54.2 37000000.0
	0.165529389439 59.2 37000000.0
	0.163721564435 64.2 37000000.0
	0.161830494208 69.2 37000000.0
	0.159918603008 74.2 37000000.0
	0.157939268202 79.2 37000000.0
	0.156365623545 84.2 37000000.0
	0.156446335227 24.2 39000000.0
	0.164535436033 29.2 39000000.0
	0.169457046094 34.2 39000000.0
	0.171945140068 39.2 39000000.0
	0.172679089466 44.2 39000000.0
	0.172216175754 49.2 39000000.0
	0.171159787571 54.2 39000000.0
	0.16957498911 59.2 39000000.0
	0.167744686386 64.2 39000000.0
	0.165822683639 69.2 39000000.0
	0.163897423305 74.2 39000000.0
	0.161978218487 79.2 39000000.0
	0.160148429615 84.2 39000000.0
	0.159105006595 24.2 41000000.0
	0.167663217114 29.2 41000000.0
	0.17295399982 34.2 41000000.0
	0.175713286373 39.2 41000000.0
	0.176629541684 44.2 41000000.0
	0.176272954788 49.2 41000000.0
	0.175258668115 54.2 41000000.0
	0.173673851738 59.2 41000000.0
	0.171814624174 64.2 41000000.0
	0.169849086679 69.2 41000000.0
	0.16788200582 74.2 41000000.0
	0.165964463706 79.2 41000000.0
	0.163966014853 84.2 41000000.0
