
	1.07552215865e-05 24.2 1000000.0
	7.26279545414e-06 29.2 1000000.0
	1.95026744456e-06 34.2 1000000.0
	2.12807567785e-06 39.2 1000000.0
	2.31875967737e-06 44.2 1000000.0
	2.50661170158e-06 49.2 1000000.0
	2.68959266193e-06 54.2 1000000.0
	2.86758194353e-06 59.2 1000000.0
	3.04086225215e-06 64.2 1000000.0
	3.20979181897e-06 69.2 1000000.0
	3.37471920077e-06 74.2 1000000.0
	3.53596171112e-06 79.2 1000000.0
	3.69380251133e-06 84.2 1000000.0
	1.24770057184e-05 24.2 3000000.0
	9.15710442943e-06 29.2 3000000.0
	6.71201705534e-06 34.2 3000000.0
	4.49284326231e-06 39.2 3000000.0
	3.36647457551e-06 44.2 3000000.0
	3.16686273884e-06 49.2 3000000.0
	3.18321627217e-06 54.2 3000000.0
	3.26564944829e-06 59.2 3000000.0
	3.3753705864e-06 64.2 3000000.0
	3.49820206256e-06 69.2 3000000.0
	3.62777893441e-06 74.2 3000000.0
	3.76085086284e-06 79.2 3000000.0
	3.89560889749e-06 84.2 3000000.0
	1.40385632403e-05 24.2 5000000.0
	1.05716862524e-05 29.2 5000000.0
	8.2711396438e-06 34.2 5000000.0
	6.54658629626e-06 39.2 5000000.0
	5.23152183087e-06 44.2 5000000.0
	4.42217460073e-06 49.2 5000000.0
	4.04824013064e-06 54.2 5000000.0
	3.90960725663e-06 59.2 5000000.0
	3.88444940691e-06 64.2 5000000.0
	3.91751312433e-06 69.2 5000000.0
	3.98313092918e-06 74.2 5000000.0
	4.06826121581e-06 79.2 5000000.0
	4.16568672263e-06 84.2 5000000.0
	1.5522130852e-05 24.2 7000000.0
	1.1820601581e-05 29.2 7000000.0
	9.45779881263e-06 34.2 7000000.0
	7.78912198112e-06 39.2 7000000.0
	6.54336947576e-06 44.2 7000000.0
	5.63630680069e-06 49.2 7000000.0
	5.04147087842e-06 54.2 7000000.0
	4.69513949139e-06 59.2 7000000.0
	4.51421686902e-06 64.2 7000000.0
	4.43517830578e-06 69.2 7000000.0
	4.41883450694e-06 74.2 7000000.0
	4.44225879609e-06 79.2 7000000.0
	4.49184845089e-06 84.2 7000000.0
	1.69647096759e-05 24.2 9000000.0
	1.29869751153e-05 29.2 9000000.0
	1.04979549302e-05 34.2 9000000.0
	8.78823251567e-06 39.2 9000000.0
	7.53961269424e-06 44.2 9000000.0
	6.60934972383e-06 49.2 9000000.0
	5.93451816145e-06 54.2 9000000.0
	5.47204505656e-06 59.2 9000000.0
	5.17447664166e-06 64.2 9000000.0
	4.99551484504e-06 69.2 9000000.0
	4.89848728839e-06 74.2 9000000.0
	4.85765251147e-06 79.2 9000000.0
	4.85579574032e-06 84.2 9000000.0
	1.83867653464e-05 24.2 11000000.0
	1.41072464377e-05 29.2 11000000.0
	1.14611466889e-05 34.2 11000000.0
	9.67182198662e-06 39.2 11000000.0
	8.38412626277e-06 44.2 11000000.0
	7.42485422397e-06 49.2 11000000.0
	6.70688860911e-06 54.2 11000000.0
	6.18043347028e-06 59.2 11000000.0
	5.80743420504e-06 64.2 11000000.0
	5.55353674199e-06 69.2 11000000.0
	5.38895194421e-06 74.2 11000000.0
	5.2900474326e-06 79.2 11000000.0
	5.23923506639e-06 84.2 11000000.0
	1.98011129053e-05 24.2 13000000.0
	1.52012107696e-05 29.2 13000000.0
	1.23792096723e-05 34.2 13000000.0
	1.04897520819e-05 39.2 13000000.0
	9.14349162454e-06 44.2 13000000.0
	8.14475765292e-06 49.2 13000000.0
	7.38983329795e-06 54.2 13000000.0
	6.81968479529e-06 59.2 13000000.0
	6.3955045187e-06 64.2 13000000.0
	6.08718978211e-06 69.2 13000000.0
	5.86959205282e-06 74.2 13000000.0
	5.72197085583e-06 79.2 13000000.0
	5.6278769529e-06 84.2 13000000.0
	2.12164941207e-05 24.2 15000000.0
	1.62810763763e-05 29.2 15000000.0
	1.32697725427e-05 34.2 15000000.0
	1.12670621875e-05 39.2 15000000.0
	9.8501326132e-06 44.2 15000000.0
	8.80363416562e-06 49.2 15000000.0
	8.01059826516e-06 54.2 15000000.0
	7.40357456178e-06 59.2 15000000.0
	6.94015340984e-06 64.2 15000000.0
	6.59042116571e-06 69.2 15000000.0
	6.33115285899e-06 74.2 15000000.0
	6.14356165714e-06 79.2 15000000.0
	6.01246614201e-06 84.2 15000000.0
	2.26392674911e-05 24.2 17000000.0
	1.73550530067e-05 29.2 17000000.0
	1.41438066456e-05 34.2 17000000.0
	1.20183079126e-05 39.2 17000000.0
	1.05222483425e-05 44.2 17000000.0
	9.42163858112e-06 49.2 17000000.0
	8.58774572581e-06 54.2 17000000.0
	7.94551745998e-06 59.2 17000000.0
	7.44827666082e-06 64.2 17000000.0
	7.06455040125e-06 69.2 17000000.0
	6.77127898666e-06 74.2 17000000.0
	6.55052691479e-06 79.2 17000000.0
	6.38795840852e-06 84.2 17000000.0
	2.40742990854e-05 24.2 19000000.0
	1.84290280201e-05 29.2 19000000.0
	1.50087164596e-05 34.2 19000000.0
	1.27528133528e-05 39.2 19000000.0
	1.11711325533e-05 44.2 19000000.0
	1.00113731824e-05 49.2 19000000.0
	9.13369878858e-06 54.2 19000000.0
	8.45595352954e-06 59.2 19000000.0
	7.92709689628e-06 64.2 19000000.0
	7.51337969937e-06 69.2 19000000.0
	7.19093883733e-06 74.2 19000000.0
	6.9418697651e-06 79.2 19000000.0
	6.75218379272e-06 84.2 19000000.0
	2.55254714987e-05 24.2 21000000.0
	1.95074423151e-05 29.2 21000000.0
	1.58698119596e-05 34.2 21000000.0
	1.34769860117e-05 39.2 21000000.0
	1.1804330386e-05 44.2 21000000.0
	1.05812258328e-05 49.2 21000000.0
	9.65699491429e-06 54.2 21000000.0
	8.94263993552e-06 59.2 21000000.0
	8.38278025946e-06 64.2 21000000.0
	7.94109081154e-06 69.2 21000000.0
	7.59239219096e-06 74.2 21000000.0
	7.31827869305e-06 79.2 21000000.0
	7.10469851752e-06 84.2 21000000.0
	2.69959932314e-05 24.2 23000000.0
	2.05937873117e-05 29.2 23000000.0
	1.67310882178e-05 34.2 23000000.0
	1.41954732703e-05 39.2 23000000.0
	1.24271766953e-05 44.2 23000000.0
	1.11370766377e-05 49.2 23000000.0
	1.01637083856e-05 54.2 23000000.0
	9.41134375715e-06 59.2 23000000.0
	8.82028652086e-06 64.2 23000000.0
	8.35149909827e-06 69.2 23000000.0
	7.97820926843e-06 74.2 23000000.0
	7.68117906678e-06 79.2 23000000.0
	7.44599484226e-06 84.2 23000000.0
	2.84885962857e-05 24.2 25000000.0
	2.16909053135e-05 29.2 25000000.0
	1.759567183e-05 34.2 25000000.0
	1.49117952219e-05 39.2 25000000.0
	1.30436183446e-05 44.2 25000000.0
	1.16832287787e-05 49.2 25000000.0
	1.06583096929e-05 54.2 25000000.0
	9.86641968484e-06 59.2 25000000.0
	9.24354690945e-06 64.2 25000000.0
	8.74786577948e-06 69.2 25000000.0
	8.35085293908e-06 74.2 25000000.0
	8.03223099047e-06 79.2 25000000.0
	7.77701609021e-06 84.2 25000000.0
	3.00056675813e-05 24.2 27000000.0
	2.28011803899e-05 29.2 27000000.0
	1.84660925525e-05 34.2 27000000.0
	1.56287158892e-05 39.2 27000000.0
	1.36566865192e-05 44.2 27000000.0
	1.22229472304e-05 49.2 27000000.0
	1.11441918163e-05 54.2 27000000.0
	1.03112224846e-05 59.2 27000000.0
	9.65568583807e-06 64.2 27000000.0
	9.13291321436e-06 69.2 27000000.0
	8.71253012852e-06 74.2 27000000.0
	8.3730853315e-06 79.2 27000000.0
	8.09888006571e-06 84.2 27000000.0
	3.15493393715e-05 24.2 29000000.0
	2.39266647682e-05 29.2 29000000.0
	1.93444568109e-05 34.2 29000000.0
	1.6348473273e-05 39.2 29000000.0
	1.4268784016e-05 44.2 29000000.0
	1.27587868997e-05 49.2 29000000.0
	1.16240017153e-05 54.2 29000000.0
	1.07483907383e-05 59.2 29000000.0
	1.00592112763e-05 64.2 29000000.0
	9.50890079718e-06 69.2 29000000.0
	9.06516208664e-06 74.2 29000000.0
	8.70527749438e-06 79.2 29000000.0
	8.41273072315e-06 84.2 29000000.0
	3.31215532759e-05 24.2 31000000.0
	2.50691654429e-05 29.2 31000000.0
	2.0232563039e-05 34.2 31000000.0
	1.70729284166e-05 39.2 31000000.0
	1.48818683471e-05 44.2 31000000.0
	1.3292801394e-05 49.2 31000000.0
	1.20998556421e-05 54.2 31000000.0
	1.11800416823e-05 59.2 31000000.0
	1.04561624364e-05 64.2 31000000.0
	9.87770872781e-06 69.2 31000000.0
	9.41040239131e-06 74.2 31000000.0
	9.03019068473e-06 79.2 31000000.0
	8.71966419383e-06 84.2 31000000.0
	3.47241067755e-05 24.2 33000000.0
	2.62303052812e-05 29.2 33000000.0
	2.11319809539e-05 34.2 33000000.0
	1.78036656393e-05 39.2 33000000.0
	1.54975730604e-05 44.2 33000000.0
	1.38266808712e-05 49.2 33000000.0
	1.25734831817e-05 54.2 33000000.0
	1.16079064875e-05 59.2 33000000.0
	1.08482205032e-05 64.2 33000000.0
	1.02409124404e-05 69.2 33000000.0
	9.7496707314e-06 74.2 33000000.0
	9.34905230457e-06 79.2 33000000.0
	9.02069616584e-06 84.2 33000000.0
	3.63586877343e-05 24.2 35000000.0
	2.74115672368e-05 29.2 35000000.0
	2.20441076184e-05 34.2 35000000.0
	1.85420620744e-05 39.2 35000000.0
	1.61172908042e-05 44.2 35000000.0
	1.43618460144e-05 49.2 35000000.0
	1.3046326263e-05 54.2 35000000.0
	1.2033425681e-05 59.2 35000000.0
	1.12367909197e-05 64.2 35000000.0
	1.05998438372e-05 69.2 35000000.0
	1.00841888866e-05 74.2 35000000.0
	9.66294485023e-06 79.2 35000000.0
	9.31675140326e-06 84.2 35000000.0
	3.80269005307e-05 24.2 37000000.0
	2.86143270583e-05 29.2 37000000.0
	2.2970208078e-05 34.2 37000000.0
	1.92893372264e-05 39.2 37000000.0
	1.67422318192e-05 44.2 37000000.0
	1.48995138942e-05 49.2 37000000.0
	1.35196089067e-05 54.2 37000000.0
	1.24578176157e-05 59.2 37000000.0
	1.16230646671e-05 64.2 37000000.0
	1.09556400932e-05 69.2 37000000.0
	1.04150136607e-05 74.2 37000000.0
	9.97282208223e-06 79.2 37000000.0
	9.60866456725e-06 84.2 37000000.0
	3.9730286202e-05 24.2 39000000.0
	2.98398779655e-05 29.2 39000000.0
	2.3911445462e-05 34.2 39000000.0
	2.00465891225e-05 39.2 39000000.0
	1.73734661455e-05 44.2 39000000.0
	1.54407452581e-05 49.2 39000000.0
	1.39943874554e-05 54.2 39000000.0
	1.28821284457e-05 59.2 39000000.0
	1.20080642332e-05 64.2 39000000.0
	1.13092820767e-05 69.2 39000000.0
	1.07430651842e-05 74.2 39000000.0
	1.02795260822e-05 79.2 39000000.0
	9.89718637068e-06 84.2 39000000.0
	4.14703382172e-05 24.2 41000000.0
	3.10894496011e-05 29.2 41000000.0
	2.48689037122e-05 34.2 41000000.0
	2.08148212339e-05 39.2 41000000.0
	1.80119547367e-05 44.2 41000000.0
	1.59864792174e-05 49.2 41000000.0
	1.44715874741e-05 54.2 41000000.0
	1.33072692037e-05 59.2 41000000.0
	1.23926784294e-05 64.2 41000000.0
	1.1661624508e-05 69.2 41000000.0
	1.10691505254e-05 74.2 41000000.0
	1.05838032599e-05 79.2 41000000.0
	1.01829918588e-05 84.2 41000000.0
