
	1030.56676624 24.4 1000000.0
	784.483815569 29.4 1000000.0
	436.219351928 34.4 1000000.0
	491.631167009 39.4 1000000.0
	534.378893432 44.4 1000000.0
	570.817185807 49.4 1000000.0
	602.762483908 54.4 1000000.0
	630.995307157 59.4 1000000.0
	655.992416725 64.4 1000000.0
	678.17303545 69.4 1000000.0
	697.979119625 74.4 1000000.0
	715.876283143 79.4 1000000.0
	732.321035172 84.4 1000000.0
	1148.06641693 24.4 3000000.0
	1000.43531907 29.4 3000000.0
	807.150599099 34.4 3000000.0
	596.427855774 39.4 3000000.0
	558.107954663 44.4 3000000.0
	586.320819787 49.4 3000000.0
	617.786185575 54.4 3000000.0
	646.656087157 59.4 3000000.0
	672.340653209 64.4 3000000.0
	695.043598881 69.4 3000000.0
	715.192646669 74.4 3000000.0
	733.292487448 79.4 3000000.0
	749.846783764 84.4 3000000.0
	1237.57066283 24.4 5000000.0
	1123.89100869 29.4 5000000.0
	992.900842983 34.4 5000000.0
	855.157435455 39.4 5000000.0
	744.528911094 44.4 5000000.0
	694.006007759 49.4 5000000.0
	687.760026624 54.4 5000000.0
	699.012688122 59.4 5000000.0
	715.31076586 64.4 5000000.0
	732.30286338 69.4 5000000.0
	748.602900255 74.4 5000000.0
	763.915069351 79.4 5000000.0
	778.352351497 84.4 5000000.0
	1312.44651299 24.4 7000000.0
	1217.88981728 29.4 7000000.0
	1113.28405545 34.4 7000000.0
	1005.65963833 39.4 7000000.0
	908.739385976 44.4 7000000.0
	838.102057712 49.4 7000000.0
	798.811839304 54.4 7000000.0
	783.620086628 59.4 7000000.0
	782.354337426 64.4 7000000.0
	787.87289354 69.4 7000000.0
	796.383493648 74.4 7000000.0
	806.146290694 79.4 7000000.0
	816.459807464 84.4 7000000.0
	1377.79102968 24.4 9000000.0
	1296.04598684 29.4 9000000.0
	1207.33846357 34.4 9000000.0
	1116.54594153 39.4 9000000.0
	1031.62405805 44.4 9000000.0
	961.434278372 49.4 9000000.0
	911.018683043 54.4 9000000.0
	879.564324484 59.4 9000000.0
	862.723487627 64.4 9000000.0
	855.64518915 69.4 9000000.0
	854.573421177 74.4 9000000.0
	857.121075339 79.4 9000000.0
	861.94118148 84.4 9000000.0
	1436.17505662 24.4 11000000.0
	1363.81093676 29.4 11000000.0
	1286.19758611 34.4 11000000.0
	1206.78977636 39.4 11000000.0
	1130.84819861 44.4 11000000.0
	1064.23028935 49.4 11000000.0
	1010.97136235 54.4 11000000.0
	971.857676808 59.4 11000000.0
	945.161128772 64.4 11000000.0
	928.184902295 69.4 11000000.0
	918.330928897 74.4 11000000.0
	913.555642892 79.4 11000000.0
	912.431455822 84.4 11000000.0
	1489.13294688 24.4 13000000.0
	1424.02330362 29.4 13000000.0
	1354.78629559 34.4 13000000.0
	1283.87841597 39.4 13000000.0
	1214.99956488 44.4 13000000.0
	1152.31366334 49.4 13000000.0
	1099.03901788 54.4 13000000.0
	1056.44109989 59.4 13000000.0
	1023.98688979 64.4 13000000.0
	1000.21812075 69.4 13000000.0
	983.496993317 74.4 13000000.0
	972.368455779 79.4 13000000.0
	965.667072805 84.4 13000000.0
	1537.68697965 24.4 15000000.0
	1478.40415256 29.4 15000000.0
	1415.80844506 34.4 15000000.0
	1351.62139412 39.4 15000000.0
	1288.53322518 44.4 15000000.0
	1229.61969846 49.4 15000000.0
	1177.45408335 54.4 15000000.0
	1133.41002465 59.4 15000000.0
	1097.58724766 64.4 15000000.0
	1069.27876022 69.4 15000000.0
	1047.49875104 74.4 15000000.0
	1031.28312811 79.4 15000000.0
	1019.78762651 84.4 15000000.0
	1582.57084004 24.4 17000000.0
	1528.10388881 29.4 17000000.0
	1470.95350482 34.4 17000000.0
	1412.28009719 39.4 17000000.0
	1354.07565805 44.4 17000000.0
	1298.66377142 49.4 17000000.0
	1248.10279507 54.4 17000000.0
	1203.71449554 59.4 17000000.0
	1165.94513272 64.4 17000000.0
	1134.58549134 69.4 17000000.0
	1109.11503823 74.4 17000000.0
	1088.94292932 79.4 17000000.0
	1073.50209019 84.4 17000000.0
	1624.3388776 24.4 19000000.0
	1573.94404184 29.4 19000000.0
	1521.37010443 34.4 19000000.0
	1467.33760394 39.4 19000000.0
	1413.33369593 44.4 19000000.0
	1361.13799315 49.4 19000000.0
	1312.39590983 54.4 19000000.0
	1268.30744728 59.4 19000000.0
	1229.49517971 64.4 19000000.0
	1196.08658514 69.4 19000000.0
	1167.91205783 74.4 19000000.0
	1144.67580977 79.4 19000000.0
	1126.03880324 84.4 19000000.0
	1663.42548067 24.4 21000000.0
	1616.53934277 29.4 21000000.0
	1567.88600409 34.4 21000000.0
	1517.83479959 39.4 21000000.0
	1467.49630324 44.4 21000000.0
	1418.24439487 49.4 21000000.0
	1371.39232813 54.4 21000000.0
	1327.99370361 59.4 21000000.0
	1288.74313695 64.4 21000000.0
	1253.99018065 69.4 21000000.0
	1223.8326821 74.4 21000000.0
	1198.21677374 79.4 21000000.0
	1176.9964772 84.4 21000000.0
	1700.18017514 24.4 23000000.0
	1656.36577951 29.4 23000000.0
	1611.12329734 34.4 23000000.0
	1564.53828349 39.4 23000000.0
	1517.43410191 44.4 23000000.0
	1470.87513516 49.4 23000000.0
	1425.90648695 54.4 23000000.0
	1383.43351652 59.4 23000000.0
	1344.16049289 64.4 23000000.0
	1308.57617764 69.4 23000000.0
	1276.97860187 74.4 23000000.0
	1249.51329741 79.4 23000000.0
	1226.20185173 84.4 23000000.0
	1734.88983105 24.4 25000000.0
	1693.8015499 29.4 25000000.0
	1651.56440552 34.4 25000000.0
	1608.03309533 39.4 25000000.0
	1563.80853211 44.4 25000000.0
	1519.71501117 49.4 25000000.0
	1476.58021794 54.4 25000000.0
	1435.1702039 59.4 25000000.0
	1396.16327938 64.4 25000000.0
	1360.12873895 69.4 25000000.0
	1327.51002697 74.4 25000000.0
	1298.61456447 79.4 25000000.0
	1273.60977288 84.4 25000000.0
	1767.7935078 24.4 27000000.0
	1729.15323811 29.4 27000000.0
	1689.59259104 34.4 27000000.0
	1648.77800919 39.4 27000000.0
	1607.13638978 44.4 27000000.0
	1565.30343108 49.4 27000000.0
	1523.92971747 54.4 27000000.0
	1483.65533171 59.4 27000000.0
	1445.11378303 64.4 27000000.0
	1408.91451811 69.4 27000000.0
	1375.602869 74.4 27000000.0
	1345.61468776 79.4 27000000.0
	1319.24271624 84.4 27000000.0
	1799.09283191 24.4 29000000.0
	1762.67337436 29.4 29000000.0
	1725.51822338 34.4 29000000.0
	1687.14054686 39.4 29000000.0
	1647.83041077 44.4 29000000.0
	1608.0740095 49.4 29000000.0
	1568.3770259 54.4 29000000.0
	1529.26805536 59.4 29000000.0
	1491.32720875 64.4 29000000.0
	1455.17709647 69.4 29000000.0
	1421.43136612 74.4 29000000.0
	1390.62521894 79.4 29000000.0
	1363.15704661 84.4 29000000.0
	1828.95952032 24.4 31000000.0
	1794.57268571 29.4 31000000.0
	1759.59657131 34.4 31000000.0
	1723.42023534 39.4 31000000.0
	1686.22608276 44.4 31000000.0
	1648.38107074 49.4 31000000.0
	1610.27186108 54.4 31000000.0
	1572.32960038 59.4 31000000.0
	1535.07849549 64.4 31000000.0
	1499.13684335 69.4 31000000.0
	1465.16139832 74.4 31000000.0
	1433.7622454 79.4 31000000.0
	1405.42503725 84.4 31000000.0
	1857.5409984 24.4 33000000.0
	1825.0289228 29.4 33000000.0
	1792.04029411 34.4 33000000.0
	1757.86466536 39.4 33000000.0
	1722.60007848 44.4 33000000.0
	1686.51808014 49.4 33000000.0
	1649.90725985 54.4 33000000.0
	1613.11421449 59.4 33000000.0
	1576.60823931 64.4 33000000.0
	1540.99243807 69.4 33000000.0
	1506.94817305 74.4 33000000.0
	1475.14042536 79.4 33000000.0
	1446.12550489 84.4 33000000.0
	1884.96469846 24.4 35000000.0
	1854.19339183 29.4 35000000.0
	1823.02847442 34.4 35000000.0
	1790.68093796 39.4 35000000.0
	1757.18334874 44.4 35000000.0
	1722.73086955 49.4 35000000.0
	1687.53109803 54.4 35000000.0
	1651.85760104 59.4 35000000.0
	1616.12765885 64.4 35000000.0
	1580.92279491 69.4 35000000.0
	1546.93568107 74.4 35000000.0
	1514.87025239 79.4 35000000.0
	1485.33895755 84.4 35000000.0
	1911.34141515 24.4 37000000.0
	1882.19589819 29.4 37000000.0
	1852.71331435 34.4 37000000.0
	1822.04404296 39.4 37000000.0
	1790.17067697 44.4 37000000.0
	1757.22737602 49.4 37000000.0
	1723.35477158 54.4 37000000.0
	1688.76352764 59.4 37000000.0
	1653.82274445 64.4 37000000.0
	1619.08898875 69.4 37000000.0
	1585.25687586 74.4 37000000.0
	1553.05682317 79.4 37000000.0
	1523.14505605 84.4 37000000.0
	1936.76796901 24.4 39000000.0
	1909.14855964 29.4 39000000.0
	1881.22520461 34.4 39000000.0
	1852.10313074 39.4 39000000.0
	1821.72781197 44.4 39000000.0
	1790.18496956 49.4 39000000.0
	1757.559864 54.4 39000000.0
	1724.00908205 59.4 39000000.0
	1689.85774183 64.4 39000000.0
	1655.63606222 69.4 39000000.0
	1622.0341563 74.4 39000000.0
	1589.79932299 79.4 39000000.0
	1559.62125909 84.4 39000000.0
	1961.32935054 24.4 41000000.0
	1935.14879577 29.4 41000000.0
	1908.67663173 34.4 41000000.0
	1880.98629769 39.4 41000000.0
	1851.99689678 44.4 41000000.0
	1821.75606874 49.4 41000000.0
	1790.3033491 54.4 41000000.0
	1757.7489035 59.4 41000000.0
	1724.37809402 64.4 41000000.0
	1690.6946841 69.4 41000000.0
	1657.37997908 74.4 41000000.0
	1625.19087258 79.4 41000000.0
	1594.84208584 84.4 41000000.0
