
	12032.9902525 24.4 1000000.0
	20307.156771 29.4 1000000.0
	19257.2346458 34.4 1000000.0
	14375.3170326 39.4 1000000.0
	12912.2883959 44.4 1000000.0
	12225.7367458 49.4 1000000.0
	11869.241615 54.4 1000000.0
	11707.7154132 59.4 1000000.0
	11686.3947813 64.4 1000000.0
	11776.6849952 69.4 1000000.0
	11958.9333646 74.4 1000000.0
	12216.1694774 79.4 1000000.0
	12531.9462779 84.4 1000000.0
	10664.8418814 24.4 3000000.0
	13899.1272794 29.4 3000000.0
	20057.6152249 34.4 3000000.0
	31847.8425864 39.4 3000000.0
	24805.8870706 44.4 3000000.0
	18288.6369428 49.4 3000000.0
	15631.8782222 54.4 3000000.0
	14349.4937954 59.4 3000000.0
	13681.9387233 64.4 3000000.0
	13356.3771931 69.4 3000000.0
	13250.4830345 74.4 3000000.0
	13297.3679499 79.4 3000000.0
	13453.555078 84.4 3000000.0
	9925.4332432 24.4 5000000.0
	12160.4344177 29.4 5000000.0
	14973.0565267 34.4 5000000.0
	18514.3367088 39.4 5000000.0
	21290.7540947 44.4 5000000.0
	20816.9706938 49.4 5000000.0
	18553.5487264 54.4 5000000.0
	16667.4955649 59.4 5000000.0
	15468.618024 64.4 5000000.0
	14766.5585047 69.4 5000000.0
	14395.6207488 74.4 5000000.0
	14250.3609 79.4 5000000.0
	14262.5600765 84.4 5000000.0
	9438.45107117 24.4 7000000.0
	11250.3973867 29.4 7000000.0
	13201.3087815 34.4 7000000.0
	15296.5444013 39.4 7000000.0
	17175.1172731 44.4 7000000.0
	18172.8893741 49.4 7000000.0
	18043.2351386 54.4 7000000.0
	17239.4247803 59.4 7000000.0
	16348.0888971 64.4 7000000.0
	15652.6001093 69.4 7000000.0
	15202.2045416 74.4 7000000.0
	14964.1369982 79.4 7000000.0
	14891.1574091 84.4 7000000.0
	9082.96058462 24.4 9000000.0
	10664.6108885 29.4 9000000.0
	12231.6430279 34.4 9000000.0
	13787.1662036 39.4 9000000.0
	15195.4641276 44.4 9000000.0
	16204.1141874 49.4 9000000.0
	16654.0242963 54.4 9000000.0
	16611.5572303 59.4 9000000.0
	16288.2077223 64.4 9000000.0
	15899.9826601 69.4 9000000.0
	15581.0044539 74.4 9000000.0
	15382.3111 79.4 9000000.0
	15306.2704614 84.4 9000000.0
	8806.22401263 24.4 11000000.0
	10244.7481636 29.4 11000000.0
	11598.8184753 34.4 11000000.0
	12879.8449655 39.4 11000000.0
	14033.5266751 44.4 11000000.0
	14946.5346511 49.4 11000000.0
	15530.4946698 54.4 11000000.0
	15793.753198 59.4 11000000.0
	15822.9335673 64.4 11000000.0
	15729.7019703 69.4 11000000.0
	15611.2671311 74.4 11000000.0
	15530.5923697 79.4 11000000.0
	15515.9931729 84.4 11000000.0
	8581.00902929 24.4 13000000.0
	9922.91707798 29.4 13000000.0
	11143.7701587 34.4 13000000.0
	12261.6588329 39.4 13000000.0
	13259.8653593 44.4 13000000.0
	14087.1471261 49.4 13000000.0
	14695.9856175 54.4 13000000.0
	15084.263792 59.4 13000000.0
	15296.5072694 64.4 13000000.0
	15396.840722 69.4 13000000.0
	15446.6113989 74.4 13000000.0
	15493.0627168 79.4 13000000.0
	15565.2264943 84.4 13000000.0
	8391.6231659 24.4 15000000.0
	9664.52104309 29.4 15000000.0
	10795.5146199 34.4 15000000.0
	11807.0426482 39.4 15000000.0
	12702.2307964 44.4 15000000.0
	13462.1060246 49.4 15000000.0
	14064.2895778 54.4 15000000.0
	14507.3057064 59.4 15000000.0
	14817.477692 64.4 15000000.0
	15036.1112515 69.4 15000000.0
	15204.3382234 74.4 15000000.0
	15355.1155175 79.4 15000000.0
	15510.6373298 84.4 15000000.0
	8228.29348082 24.4 17000000.0
	9449.84630915 29.4 17000000.0
	10517.0499687 34.4 17000000.0
	11454.9065093 39.4 17000000.0
	12277.9457488 44.4 17000000.0
	12985.6477907 49.4 17000000.0
	13571.8159783 54.4 17000000.0
	14038.7504954 59.4 17000000.0
	14404.3017349 64.4 17000000.0
	14696.8797426 69.4 17000000.0
	14945.746656 74.4 17000000.0
	15174.5271766 79.4 17000000.0
	15399.1071595 84.4 17000000.0
	8084.56970614 24.4 19000000.0
	9266.73753353 29.4 19000000.0
	10286.9905954 34.4 19000000.0
	11171.6348775 39.4 19000000.0
	11942.1319655 44.4 19000000.0
	12609.2465099 49.4 19000000.0
	13177.5446798 54.4 19000000.0
	13653.6016473 59.4 19000000.0
	14051.6059569 64.4 19000000.0
	14392.1779877 69.4 19000000.0
	14696.778308 74.4 19000000.0
	14982.7864783 79.4 19000000.0
	15261.5008186 84.4 19000000.0
	7955.99826833 24.4 21000000.0
	9107.24508432 29.4 21000000.0
	10092.0267619 34.4 21000000.0
	10937.0697605 39.4 21000000.0
	11668.2037897 44.4 21000000.0
	12303.4507438 49.4 21000000.0
	12854.7384228 54.4 21000000.0
	13332.5186153 59.4 21000000.0
	13749.7691414 64.4 21000000.0
	14122.4219756 69.4 21000000.0
	14466.527307 74.4 21000000.0
	14794.9335328 79.4 21000000.0
	15115.571218 84.4 21000000.0
	7839.39158114 24.4 23000000.0
	8965.92657703 29.4 23000000.0
	9923.39894167 34.4 23000000.0
	10738.3286144 39.4 23000000.0
	11439.3534042 44.4 23000000.0
	12049.3493677 49.4 23000000.0
	12585.4092848 54.4 23000000.0
	13061.2326921 59.4 23000000.0
	13489.7910587 64.4 23000000.0
	13884.2902818 69.4 23000000.0
	14257.0136561 74.4 23000000.0
	14617.3725469 79.4 23000000.0
	14970.6758854 84.4 23000000.0
	7732.40030901 24.4 25000000.0
	8838.91739431 29.4 25000000.0
	9775.08450866 34.4 25000000.0
	10566.7637418 39.4 25000000.0
	11244.4063818 44.4 25000000.0
	11834.2386224 49.4 25000000.0
	12357.0629101 54.4 25000000.0
	12829.2128033 59.4 25000000.0
	13264.1998887 64.4 25000000.0
	13673.7337773 69.4 25000000.0
	14067.5191015 74.4 25000000.0
	14452.343383 79.4 25000000.0
	14831.3973194 84.4 25000000.0
	7633.25036629 24.4 27000000.0
	8723.39005742 29.4 27000000.0
	9642.79425591 34.4 27000000.0
	10416.338448 39.4 27000000.0
	11075.6295398 44.4 27000000.0
	11649.2652971 49.4 27000000.0
	12160.7707953 54.4 27000000.0
	12628.5906615 59.4 27000000.0
	13066.9851305 64.4 27000000.0
	13486.9216235 69.4 27000000.0
	13896.3814076 74.4 27000000.0
	14300.1729975 79.4 27000000.0
	14699.7621006 84.4 27000000.0
	7540.57446213 24.4 29000000.0
	8617.22381698 29.4 29000000.0
	9523.38377573 34.4 29000000.0
	10282.7019429 39.4 29000000.0
	10927.4930027 44.4 29000000.0
	11488.0689262 49.4 29000000.0
	11989.993397 54.4 29000000.0
	12453.4004915 59.4 29000000.0
	12893.3409042 64.4 29000000.0
	13320.4911029 69.4 29000000.0
	13741.7128702 74.4 29000000.0
	14160.3486814 79.4 29000000.0
	14576.4722307 84.4 29000000.0
	7453.30041141 24.4 31000000.0
	8518.79425925 29.4 31000000.0
	9414.49139015 34.4 31000000.0
	10162.6340943 39.4 31000000.0
	10795.9331437 44.4 31000000.0
	11345.9612628 49.4 31000000.0
	11839.8373173 54.4 31000000.0
	12299.0531 59.4 31000000.0
	12739.414553 64.4 31000000.0
	13171.5696502 69.4 31000000.0
	13601.6788024 74.4 31000000.0
	14032.0189629 79.4 31000000.0
	14461.5578226 84.4 31000000.0
	7370.57485866 24.4 33000000.0
	8426.83461248 29.4 33000000.0
	9314.30644971 34.4 33000000.0
	10053.6974991 39.4 33000000.0
	10677.8941498 44.4 33000000.0
	11219.4101523 49.4 33000000.0
	11706.5717967 54.4 33000000.0
	12161.9701437 59.4 33000000.0
	12602.1000413 64.4 33000000.0
	13037.7278282 69.4 33000000.0
	13474.5972815 74.4 33000000.0
	13914.2258544 79.4 33000000.0
	14354.7170515 84.4 33000000.0
	7291.70983452 24.4 35000000.0
	8340.34156868 29.4 35000000.0
	9221.4160116 34.4 35000000.0
	9954.01142485 39.4 35000000.0
	10571.0322159 44.4 35000000.0
	11105.7036298 49.4 35000000.0
	11587.3052306 54.4 35000000.0
	12039.3264741 59.4 35000000.0
	12478.8763892 64.4 35000000.0
	12916.9168414 69.4 35000000.0
	13358.9661779 74.4 35000000.0
	13806.0118568 79.4 35000000.0
	14255.4929571 84.4 35000000.0
	7216.14446121 24.4 37000000.0
	8258.50967125 29.4 37000000.0
	9134.70042683 34.4 37000000.0
	9862.10032563 39.4 37000000.0
	10473.5186004 44.4 37000000.0
	11002.7248057 49.4 37000000.0
	11479.763425 54.4 37000000.0
	11928.8659336 59.4 37000000.0
	12367.6831186 64.4 37000000.0
	12807.4082012 69.4 37000000.0
	13253.4608193 74.4 37000000.0
	13706.4680535 79.4 37000000.0
	14163.3660216 84.4 37000000.0
	7143.41696581 24.4 39000000.0
	8180.68456728 29.4 39000000.0
	9053.26044048 34.4 39000000.0
	9776.78958602 39.4 39000000.0
	10383.9049013 44.4 39000000.0
	10908.7971013 49.4 39000000.0
	11382.1342777 54.4 39000000.0
	11828.7677334 59.4 39000000.0
	12266.8244044 64.4 39000000.0
	12707.7407003 69.4 39000000.0
	13156.9203498 74.4 39000000.0
	13614.7540095 79.4 39000000.0
	14077.803031 84.4 39000000.0
	7073.14386493 24.4 41000000.0
	8106.32903563 29.4 41000000.0
	8976.36517054 34.4 41000000.0
	9697.13207822 39.4 41000000.0
	10301.028693 44.4 41000000.0
	10822.5754378 49.4 41000000.0
	11292.9568701 54.4 41000000.0
	11737.548182 59.4 41000000.0
	12174.8950862 64.4 41000000.0
	12616.6755257 69.4 41000000.0
	13068.3304675 74.4 41000000.0
	13530.103928 79.4 41000000.0
	13998.2828656 84.4 41000000.0
