
	6028.99491841 24.4 1000000.0
	13962.6555877 29.4 1000000.0
	12463.8647422 34.4 1000000.0
	7906.23126324 39.4 1000000.0
	6510.11303272 44.4 1000000.0
	5820.13986714 49.4 1000000.0
	5408.62880917 54.4 1000000.0
	5137.09650447 59.4 1000000.0
	4946.11649492 64.4 1000000.0
	4805.66506878 69.4 1000000.0
	4698.87466454 74.4 1000000.0
	4615.53485332 79.4 1000000.0
	4549.11183694 84.4 1000000.0
	4651.01544195 24.4 3000000.0
	7599.72781699 29.4 3000000.0
	13579.1032199 34.4 3000000.0
	25006.1736577 39.4 3000000.0
	17989.6232344 44.4 3000000.0
	11622.7408143 49.4 3000000.0
	8981.94012851 54.4 3000000.0
	7626.17202514 59.4 3000000.0
	6812.10846321 64.4 3000000.0
	6272.54379983 69.4 3000000.0
	5890.61668965 74.4 3000000.0
	5607.41872815 79.4 3000000.0
	5390.05560463 84.4 3000000.0
	3907.78875287 24.4 5000000.0
	5834.94219698 29.4 5000000.0
	8496.41348767 34.4 5000000.0
	11951.1969126 39.4 5000000.0
	14632.4101162 44.4 5000000.0
	14097.0337897 49.4 5000000.0
	11801.0062948 54.4 5000000.0
	9841.84512221 59.4 5000000.0
	8504.37796212 64.4 5000000.0
	7596.24414592 69.4 5000000.0
	6956.26412995 74.4 5000000.0
	6487.02589254 79.4 5000000.0
	6131.0314282 84.4 5000000.0
	3423.89301343 24.4 7000000.0
	4904.77178529 29.4 7000000.0
	6686.86224426 34.4 7000000.0
	8704.48660552 39.4 7000000.0
	10532.6197171 44.4 7000000.0
	11470.6887644 49.4 7000000.0
	11265.4499992 54.4 7000000.0
	10358.8565774 59.4 7000000.0
	9317.90002052 64.4 7000000.0
	8414.45841849 69.4 7000000.0
	7696.66672003 74.4 7000000.0
	7137.47880742 79.4 7000000.0
	6699.48797988 84.4 7000000.0
	3075.82145998 24.4 9000000.0
	4306.06336055 29.4 9000000.0
	5685.19356711 34.4 9000000.0
	7150.77594996 39.4 9000000.0
	8510.44391596 44.4 9000000.0
	9469.48961478 49.4 9000000.0
	9844.53121162 54.4 9000000.0
	9689.77819106 59.4 9000000.0
	9207.30898925 64.4 9000000.0
	8605.96124224 69.4 9000000.0
	8018.07989183 74.4 9000000.0
	7498.88691502 79.4 9000000.0
	7059.50486187 84.4 9000000.0
	2808.97601717 24.4 11000000.0
	3878.39231404 29.4 11000000.0
	5027.3297648 34.4 11000000.0
	6204.13548765 39.4 11000000.0
	7301.48136928 44.4 11000000.0
	8164.66479755 49.4 11000000.0
	8676.23503238 54.4 11000000.0
	8827.1504582 59.4 11000000.0
	8694.49508527 64.4 11000000.0
	8385.21238648 69.4 11000000.0
	7996.2139714 74.4 11000000.0
	7594.79837401 79.4 11000000.0
	7217.65088512 84.4 11000000.0
	2595.03382406 24.4 13000000.0
	3552.26797823 29.4 13000000.0
	4552.58571635 34.4 13000000.0
	5552.67574371 39.4 13000000.0
	6484.86385461 44.4 13000000.0
	7257.72432566 49.4 13000000.0
	7793.53341172 54.4 13000000.0
	8070.02445177 59.4 13000000.0
	8120.33620931 64.4 13000000.0
	8003.84572868 69.4 13000000.0
	7782.32850548 74.4 13000000.0
	7507.86277739 79.4 13000000.0
	7217.94785117 84.4 13000000.0
	2417.71429807 24.4 15000000.0
	3292.08926607 29.4 15000000.0
	4188.62921006 34.4 15000000.0
	5069.80261627 39.4 15000000.0
	5889.15915626 44.4 15000000.0
	6588.43388233 49.4 15000000.0
	7114.86015478 54.4 15000000.0
	7445.51739134 59.4 15000000.0
	7593.87541379 64.4 15000000.0
	7595.74297174 69.4 15000000.0
	7492.65460633 74.4 15000000.0
	7322.63722181 79.4 15000000.0
	7116.52074941 84.4 15000000.0
	2266.95430972 24.4 17000000.0
	3077.53265052 29.4 17000000.0
	3897.54280823 34.4 17000000.0
	4693.4200513 39.4 17000000.0
	5431.15982525 44.4 17000000.0
	6071.58690564 49.4 17000000.0
	6578.1659781 54.4 17000000.0
	6931.12340187 59.4 17000000.0
	7134.49059942 64.4 17000000.0
	7210.40625888 69.4 17000000.0
	7188.18792279 74.4 17000000.0
	7096.49652425 79.4 17000000.0
	6959.92476912 84.4 17000000.0
	2136.18346743 24.4 19000000.0
	2896.07302364 29.4 19000000.0
	3657.33457214 34.4 19000000.0
	4389.15761251 39.4 19000000.0
	5065.33067114 44.4 19000000.0
	5658.42717877 49.4 19000000.0
	6142.76090389 54.4 19000000.0
	6502.49945494 59.4 19000000.0
	6737.38785349 64.4 19000000.0
	6861.1431788 69.4 19000000.0
	6894.85905223 74.4 19000000.0
	6860.76730618 79.4 19000000.0
	6778.83622445 84.4 19000000.0
	2020.92200627 24.4 21000000.0
	2739.53413819 29.4 21000000.0
	3454.28699768 34.4 21000000.0
	4136.31354704 39.4 21000000.0
	4764.52915262 44.4 21000000.0
	5319.11421544 49.4 21000000.0
	5781.81504145 54.4 21000000.0
	6140.47444594 59.4 21000000.0
	6393.20845272 64.4 21000000.0
	6548.56033041 69.4 21000000.0
	6621.81546479 74.4 21000000.0
	6630.43166829 79.4 21000000.0
	6590.89930739 84.4 21000000.0
	1918.00544326 24.4 23000000.0
	2602.33210345 29.4 23000000.0
	3279.35816908 34.4 23000000.0
	3921.61038694 39.4 23000000.0
	4511.50869586 44.4 23000000.0
	5034.35975878 49.4 23000000.0
	5477.11910234 54.4 23000000.0
	5830.73538902 59.4 23000000.0
	6093.02165235 64.4 23000000.0
	6269.42414314 69.4 23000000.0
	6371.11731444 74.4 23000000.0
	6411.87082874 79.4 23000000.0
	6405.40499548 84.4 23000000.0
	1825.13089445 24.4 25000000.0
	2480.51134421 29.4 25000000.0
	3126.32281014 34.4 25000000.0
	3736.10670815 39.4 25000000.0
	4294.75234451 44.4 25000000.0
	4791.13393381 49.4 25000000.0
	5215.93468405 54.4 25000000.0
	5562.62133354 59.4 25000000.0
	5829.32216834 64.4 25000000.0
	6019.69832212 69.4 25000000.0
	6142.05673254 74.4 25000000.0
	6207.30721781 79.4 25000000.0
	6226.88969738 84.4 25000000.0
	1740.57917611 24.4 27000000.0
	2371.18331715 29.4 27000000.0
	2990.74056955 34.4 27000000.0
	3573.54097956 39.4 27000000.0
	4106.25649254 44.4 27000000.0
	4580.310084 49.4 27000000.0
	4989.1026997 54.4 27000000.0
	5328.1062676 59.4 27000000.0
	5596.01554732 64.4 27000000.0
	5795.51773079 69.4 27000000.0
	5932.95487608 74.4 27000000.0
	6017.04530206 79.4 27000000.0
	6057.34262842 84.4 27000000.0
	1663.03799399 24.4 29000000.0
	2272.18369683 29.4 29000000.0
	2869.34980352 34.4 29000000.0
	3429.3851686 39.4 29000000.0
	3940.27386723 44.4 29000000.0
	4395.29929316 49.4 29000000.0
	4789.87672214 54.4 29000000.0
	5121.06406838 59.4 29000000.0
	5388.1899529 64.4 29000000.0
	5593.4581337 69.4 29000000.0
	5741.88743542 74.4 29000000.0
	5840.54218564 79.4 29000000.0
	5897.43107565 84.4 29000000.0
	1591.48577846 24.4 31000000.0
	2181.8545145 29.4 31000000.0
	2759.69439834 34.4 31000000.0
	3300.27546072 39.4 31000000.0
	3792.56259501 44.4 31000000.0
	4231.22118857 49.4 31000000.0
	4613.18103269 54.4 31000000.0
	4936.75301833 59.4 31000000.0
	5201.8797717 64.4 31000000.0
	5410.57106496 69.4 31000000.0
	5566.96971691 74.4 31000000.0
	5676.90896172 79.4 31000000.0
	5747.15013825 84.4 31000000.0
	1525.11322866 24.4 33000000.0
	2098.9009808 29.4 33000000.0
	2659.88495941 34.4 33000000.0
	3183.65498662 39.4 33000000.0
	3659.91791106 44.4 33000000.0
	4084.38036138 49.4 33000000.0
	4455.12487253 54.4 33000000.0
	4771.45384567 59.4 33000000.0
	5033.86672286 64.4 33000000.0
	5244.34474914 69.4 33000000.0
	5406.46155235 74.4 33000000.0
	5525.14443872 79.4 33000000.0
	5606.16145522 84.4 33000000.0
	1463.26903551 24.4 35000000.0
	2022.29464169 29.4 35000000.0
	2568.44087461 34.4 35000000.0
	3077.54144999 39.4 35000000.0
	3539.86936538 44.4 35000000.0
	3951.92455972 49.4 35000000.0
	4312.67597716 54.4 35000000.0
	4622.21287128 59.4 35000000.0
	4881.5221015 64.4 35000000.0
	5092.64642154 69.4 35000000.0
	5258.79809066 74.4 35000000.0
	5384.24381057 79.4 35000000.0
	5473.96972357 84.4 35000000.0
	1405.42152813 24.4 37000000.0
	1951.20621423 29.4 37000000.0
	2484.18286547 34.4 37000000.0
	2980.37130478 39.4 37000000.0
	3430.4788817 44.4 37000000.0
	3831.61502786 49.4 37000000.0
	4183.43595541 54.4 37000000.0
	4486.65733296 59.4 37000000.0
	4742.68395013 64.4 37000000.0
	4953.6648431 69.4 37000000.0
	5122.59010726 74.4 37000000.0
	5253.24827717 79.4 37000000.0
	5350.01548352 84.4 37000000.0
	1351.13105599 24.4 39000000.0
	1884.95797055 29.4 39000000.0
	2406.15806344 34.4 39000000.0
	2890.89246464 39.4 39000000.0
	3330.20241652 44.4 39000000.0
	3721.66826444 49.4 39000000.0
	4065.48246101 54.4 39000000.0
	4362.86080394 59.4 39000000.0
	4615.56182634 64.4 39000000.0
	4825.85891128 69.4 39000000.0
	4996.61217691 74.4 39000000.0
	5131.26622314 79.4 39000000.0
	5233.72441248 84.4 39000000.0
	1300.02976184 24.4 41000000.0
	1822.98931573 29.4 41000000.0
	2333.58662155 34.4 41000000.0
	2808.08869913 39.4 41000000.0
	3237.79293605 44.4 41000000.0
	3620.64454334 49.4 41000000.0
	3957.25618113 54.4 41000000.0
	4249.24382821 59.4 41000000.0
	4498.66284836 64.4 41000000.0
	4707.91365897 69.4 41000000.0
	4879.78662435 74.4 41000000.0
	5017.48039189 79.4 41000000.0
	5124.53362109 84.4 41000000.0
