
	52234.7550812 24.4 1000000.0
	127938.988069 29.4 1000000.0
	501026.408976 34.4 1000000.0
	582006.429157 39.4 1000000.0
	649702.021713 44.4 1000000.0
	712358.606972 49.4 1000000.0
	772496.57142 54.4 1000000.0
	831372.240532 59.4 1000000.0
	889806.130084 64.4 1000000.0
	948421.769432 69.4 1000000.0
	1007726.11836 74.4 1000000.0
	1068136.06399 79.4 1000000.0
	1129985.37948 84.4 1000000.0
	68279.0102401 24.4 3000000.0
	129084.752646 29.4 3000000.0
	211887.148482 34.4 3000000.0
	341692.902212 39.4 3000000.0
	490022.510122 44.4 3000000.0
	595201.751387 49.4 3000000.0
	679128.801531 54.4 3000000.0
	753729.248151 59.4 3000000.0
	823626.381051 64.4 3000000.0
	891111.423102 69.4 3000000.0
	957553.5118 74.4 3000000.0
	1023869.69393 79.4 3000000.0
	1090708.77769 84.4 3000000.0
	86442.7018814 24.4 5000000.0
	141494.03979 29.4 5000000.0
	209009.659089 34.4 5000000.0
	292528.898282 39.4 5000000.0
	393016.810825 44.4 5000000.0
	499672.180942 49.4 5000000.0
	598213.689346 54.4 5000000.0
	685960.916039 59.4 5000000.0
	766050.770069 64.4 5000000.0
	841471.602004 69.4 5000000.0
	914264.754481 74.4 5000000.0
	985801.944607 79.4 5000000.0
	1057029.69894 84.4 5000000.0
	105591.819602 24.4 7000000.0
	157277.375309 29.4 7000000.0
	218330.859327 34.4 7000000.0
	289552.917387 39.4 7000000.0
	370959.585343 44.4 7000000.0
	459808.188833 49.4 7000000.0
	550763.089416 54.4 7000000.0
	639111.612256 59.4 7000000.0
	723032.68933 64.4 7000000.0
	802931.830271 69.4 7000000.0
	879971.032489 74.4 7000000.0
	955308.269578 79.4 7000000.0
	1029887.24233 84.4 7000000.0
	125268.138591 24.4 9000000.0
	174652.686624 29.4 9000000.0
	231891.455055 34.4 9000000.0
	296958.407435 39.4 9000000.0
	369526.111944 44.4 9000000.0
	448240.975189 49.4 9000000.0
	530621.690784 54.4 9000000.0
	613952.278772 59.4 9000000.0
	696269.288062 64.4 9000000.0
	776731.466305 69.4 9000000.0
	855389.341143 74.4 9000000.0
	932744.604658 79.4 9000000.0
	1009417.92843 84.4 9000000.0
	145243.162897 24.4 11000000.0
	192911.966038 29.4 11000000.0
	247550.17914 34.4 11000000.0
	308782.486548 39.4 11000000.0
	376140.342727 44.4 11000000.0
	448715.171372 49.4 11000000.0
	525051.063457 54.4 11000000.0
	603481.112009 59.4 11000000.0
	682597.207534 64.4 11000000.0
	761507.355995 69.4 11000000.0
	839854.267937 74.4 11000000.0
	917684.954992 79.4 11000000.0
	995271.673387 84.4 11000000.0
	165388.727308 24.4 13000000.0
	211703.989299 29.4 13000000.0
	264415.665378 34.4 13000000.0
	322972.307514 39.4 13000000.0
	386834.992899 44.4 13000000.0
	455285.933637 49.4 13000000.0
	527339.507805 54.4 13000000.0
	601875.393187 59.4 13000000.0
	677887.742375 64.4 13000000.0
	754654.180471 69.4 13000000.0
	831772.705068 74.4 13000000.0
	909115.811777 79.4 13000000.0
	986747.146138 84.4 13000000.0
	185627.293584 24.4 15000000.0
	230831.224094 29.4 15000000.0
	282035.034906 34.4 15000000.0
	338588.564985 39.4 15000000.0
	399912.933737 44.4 15000000.0
	465385.597137 49.4 15000000.0
	534269.867164 54.4 15000000.0
	605761.512022 59.4 15000000.0
	679120.686136 64.4 15000000.0
	753783.795124 69.4 15000000.0
	829398.276038 74.4 15000000.0
	905798.708286 79.4 15000000.0
	982957.9411 84.4 15000000.0
	205909.430789 24.4 17000000.0
	250173.122936 29.4 17000000.0
	300149.340426 34.4 17000000.0
	355128.829133 39.4 17000000.0
	414507.961026 44.4 17000000.0
	477716.414668 49.4 17000000.0
	544161.35445 54.4 17000000.0
	613234.890795 59.4 17000000.0
	684379.27079 64.4 17000000.0
	757156.269532 69.4 17000000.0
	831275.561297 74.4 17000000.0
	906580.703055 79.4 17000000.0
	983014.252053 84.4 17000000.0
	226202.41643 24.4 19000000.0
	269651.769577 29.4 19000000.0
	318598.361723 34.4 19000000.0
	372296.120254 39.4 19000000.0
	430125.112219 44.4 19000000.0
	491545.508639 49.4 19000000.0
	556052.752532 54.4 19000000.0
	623166.743246 59.4 19000000.0
	692458.291817 64.4 19000000.0
	763587.044456 69.4 19000000.0
	836320.368258 74.4 19000000.0
	910524.193267 79.4 19000000.0
	986136.408143 84.4 19000000.0
	246483.98481 24.4 21000000.0
	289214.620408 29.4 21000000.0
	337277.193976 34.4 21000000.0
	389902.224928 39.4 21000000.0
	446458.516299 44.4 21000000.0
	506424.809964 49.4 21000000.0
	569353.169499 54.4 21000000.0
	634849.513435 59.4 21000000.0
	702577.284122 64.4 21000000.0
	772272.86687 69.4 21000000.0
	843754.11561 74.4 21000000.0
	916912.260561 79.4 21000000.0
	991690.779955 84.4 21000000.0
	266738.682555 24.4 23000000.0
	308825.079093 29.4 23000000.0
	356114.170097 34.4 23000000.0
	407821.563672 39.4 23000000.0
	463307.968011 44.4 23000000.0
	522063.719827 49.4 23000000.0
	583678.425654 54.4 23000000.0
	647817.445717 59.4 23000000.0
	714211.948276 64.4 23000000.0
	782658.637035 69.4 23000000.0
	853018.723652 74.4 23000000.0
	925208.403072 79.4 23000000.0
	999180.924046 84.4 23000000.0
	286955.639238 24.4 25000000.0
	328457.010353 29.4 25000000.0
	375058.691757 34.4 25000000.0
	425966.973219 39.4 25000000.0
	480536.533872 44.4 25000000.0
	538265.000602 49.4 25000000.0
	598767.493368 54.4 25000000.0
	661751.324154 59.4 25000000.0
	726997.774023 64.4 25000000.0
	794351.007294 69.4 25000000.0
	863709.028377 74.4 25000000.0
	935011.468758 79.4 25000000.0
	1008223.04537 84.4 25000000.0
	307127.149375 24.4 27000000.0
	348091.381481 29.4 27000000.0
	394074.092361 34.4 27000000.0
	444276.039734 39.4 27000000.0
	498047.253128 44.4 27000000.0
	554889.869745 49.4 27000000.0
	614436.644096 54.4 27000000.0
	676425.000399 59.4 27000000.0
	740673.686619 64.4 27000000.0
	807064.250569 69.4 27000000.0
	875525.618225 74.4 27000000.0
	946018.806576 79.4 27000000.0
	1018520.51927 84.4 27000000.0
	327247.740919 24.4 29000000.0
	367714.120481 29.4 29000000.0
	413133.238915 34.4 29000000.0
	462702.935269 39.4 29000000.0
	515769.523306 44.4 29000000.0
	571837.781862 49.4 29000000.0
	630552.76864 54.4 29000000.0
	691673.804889 59.4 29000000.0
	755047.903958 64.4 29000000.0
	820586.1067 69.4 29000000.0
	888243.129478 74.4 29000000.0
	957999.108686 79.4 29000000.0
	1029842.58734 84.4 29000000.0
	347313.546492 24.4 31000000.0
	387314.702897 29.4 31000000.0
	432215.709896 34.4 31000000.0
	481213.312254 39.4 31000000.0
	533650.74224 44.4 31000000.0
	589034.11777 49.4 31000000.0
	647017.087995 54.4 31000000.0
	707375.043547 59.4 31000000.0
	769976.482328 64.4 31000000.0
	834755.760404 69.4 31000000.0
	901688.984389 74.4 31000000.0
	970773.117993 79.4 31000000.0
	1042007.98645 84.4 31000000.0
	367321.869052 24.4 33000000.0
	406885.192352 29.4 33000000.0
	451305.922366 34.4 33000000.0
	499780.987042 39.4 33000000.0
	551650.964223 44.4 33000000.0
	606422.372166 49.4 33000000.0
	663754.801416 54.4 33000000.0
	723435.494791 59.4 33000000.0
	785349.375758 64.4 33000000.0
	849449.271114 69.4 33000000.0
	915728.958289 74.4 33000000.0
	984200.032381 79.4 33000000.0
	1054872.79748 84.4 33000000.0
	387270.87582 24.4 35000000.0
	426419.572992 29.4 35000000.0
	470391.853069 34.4 35000000.0
	518385.71578 39.4 35000000.0
	569739.364848 44.4 35000000.0
	623959.021018 49.4 35000000.0
	680708.281108 54.4 35000000.0
	739783.13263 59.4 35000000.0
	801081.104819 64.4 35000000.0
	864569.684412 69.4 35000000.0
	930257.206795 74.4 35000000.0
	998167.870645 79.4 35000000.0
	1068321.52601 84.4 35000000.0
	407159.378845 24.4 37000000.0
	445913.275086 29.4 37000000.0
	489464.143519 34.4 37000000.0
	537011.661704 39.4 37000000.0
	587891.833564 44.4 37000000.0
	641610.048287 49.4 37000000.0
	697832.466904 54.4 37000000.0
	756361.493808 59.4 37000000.0
	817104.346428 64.4 37000000.0
	880040.160779 69.4 37000000.0
	945189.241307 74.4 37000000.0
	1012586.56512 79.4 37000000.0
	1082260.54904 84.4 37000000.0
	426986.675272 24.4 39000000.0
	465362.831621 29.4 39000000.0
	508515.460351 34.4 39000000.0
	555646.313827 39.4 39000000.0
	606089.292741 44.4 39000000.0
	659348.534768 49.4 39000000.0
	715091.670528 54.4 39000000.0
	773125.751093 59.4 39000000.0
	833365.42899 64.4 39000000.0
	895799.098651 69.4 39000000.0
	960456.887778 74.4 39000000.0
	1027382.93836 79.4 39000000.0
	1096613.26522 84.4 39000000.0
	446752.429541 24.4 41000000.0
	484765.625651 29.4 41000000.0
	527540.029564 34.4 41000000.0
	574279.708325 39.4 41000000.0
	624316.498174 44.4 41000000.0
	677152.946613 49.4 41000000.0
	732457.308783 54.4 41000000.0
	790039.91761 59.4 41000000.0
	849821.10251 64.4 41000000.0
	911796.60685 69.4 41000000.0
	976004.605263 74.4 41000000.0
	1042496.99577 79.4 41000000.0
	1111316.46859 84.4 41000000.0
