
	0.102782624476 24.4 1000000.0
	0.0934601335509 29.4 1000000.0
	0.0360338789792 34.4 1000000.0
	0.0367891107866 39.4 1000000.0
	0.0388614502535 44.4 1000000.0
	0.0413347671109 49.4 1000000.0
	0.0441288388748 54.4 1000000.0
	0.0471969688104 59.4 1000000.0
	0.0505515047783 64.4 1000000.0
	0.0542001458543 69.4 1000000.0
	0.058141621985 74.4 1000000.0
	0.0623655339322 79.4 1000000.0
	0.0668525549385 84.4 1000000.0
	0.109415156422 24.4 3000000.0
	0.104985228594 29.4 3000000.0
	0.0937671869714 34.4 3000000.0
	0.0766843812202 39.4 3000000.0
	0.061192217885 44.4 3000000.0
	0.0559058446134 49.4 3000000.0
	0.0554874090157 54.4 3000000.0
	0.0566294141377 59.4 3000000.0
	0.0586719672127 64.4 3000000.0
	0.0613577778471 69.4 3000000.0
	0.0645561817783 74.4 3000000.0
	0.0681854636159 79.4 3000000.0
	0.0721834713873 84.4 3000000.0
	0.115182148263 24.4 5000000.0
	0.113356840481 29.4 5000000.0
	0.10585509545 34.4 5000000.0
	0.0953190078369 39.4 5000000.0
	0.0846290074087 44.4 5000000.0
	0.0754382753563 49.4 5000000.0
	0.0707623437607 54.4 5000000.0
	0.0689768610302 59.4 5000000.0
	0.0690247147224 64.4 5000000.0
	0.0702884361506 69.4 5000000.0
	0.0724245372318 74.4 5000000.0
	0.0752289949741 79.4 5000000.0
	0.0785664663478 84.4 5000000.0
	0.120515060244 24.4 7000000.0
	0.120883317936 29.4 7000000.0
	0.115341703886 34.4 7000000.0
	0.106701760122 39.4 7000000.0
	0.0976259376276 44.4 7000000.0
	0.0895397372843 49.4 7000000.0
	0.0841562665624 54.4 7000000.0
	0.0809792693181 59.4 7000000.0
	0.0796193687775 64.4 7000000.0
	0.0796765429993 69.4 7000000.0
	0.0808225740402 74.4 7000000.0
	0.0828172000975 79.4 7000000.0
	0.0854856941612 84.4 7000000.0
	0.125593587827 24.4 9000000.0
	0.127889429824 29.4 9000000.0
	0.12387189732 34.4 9000000.0
	0.116459060614 39.4 9000000.0
	0.107994726473 44.4 9000000.0
	0.100180975213 49.4 9000000.0
	0.0945394138314 54.4 9000000.0
	0.090872417269 59.4 9000000.0
	0.0888818585701 64.4 9000000.0
	0.0882639203321 69.4 9000000.0
	0.0887609096888 74.4 9000000.0
	0.0901645292745 79.4 9000000.0
	0.0923075081044 84.4 9000000.0
	0.130511401803 24.4 11000000.0
	0.134601934497 29.4 11000000.0
	0.132063793796 34.4 11000000.0
	0.125562762106 39.4 11000000.0
	0.117529424354 44.4 11000000.0
	0.109682027796 49.4 11000000.0
	0.103573801197 54.4 11000000.0
	0.0993616179356 59.4 11000000.0
	0.0968646356063 64.4 11000000.0
	0.0957861262389 69.4 11000000.0
	0.0958568833287 74.4 11000000.0
	0.0968640273884 79.4 11000000.0
	0.0986399999341 84.4 11000000.0
	0.135323982726 24.4 13000000.0
	0.141136905752 29.4 13000000.0
	0.139992701545 34.4 13000000.0
	0.134356617556 39.4 13000000.0
	0.126744515344 44.4 13000000.0
	0.118832378279 49.4 13000000.0
	0.112205644161 54.4 13000000.0
	0.107329715959 59.4 13000000.0
	0.104209802413 64.4 13000000.0
	0.102614495032 69.4 13000000.0
	0.102267886411 74.4 13000000.0
	0.102930369081 79.4 13000000.0
	0.104411254858 84.4 13000000.0
	0.140067045117 24.4 15000000.0
	0.147562059165 29.4 15000000.0
	0.147772723821 34.4 15000000.0
	0.143071573973 39.4 15000000.0
	0.13583231017 44.4 15000000.0
	0.127918977783 49.4 15000000.0
	0.120822874846 54.4 15000000.0
	0.115258605326 59.4 15000000.0
	0.111421892578 64.4 15000000.0
	0.109194681632 69.4 15000000.0
	0.108336264965 74.4 15000000.0
	0.108596984164 79.4 15000000.0
	0.10976110639 84.4 15000000.0
	0.144764964797 24.4 17000000.0
	0.153920403174 29.4 17000000.0
	0.15547052873 34.4 17000000.0
	0.151710911654 39.4 17000000.0
	0.144918941328 44.4 17000000.0
	0.137060191964 49.4 17000000.0
	0.129581256139 54.4 17000000.0
	0.123369267501 59.4 17000000.0
	0.118786777922 64.4 17000000.0
	0.115844769467 69.4 17000000.0
	0.114370867845 74.4 17000000.0
	0.114133233212 79.4 17000000.0
	0.114905583359 84.4 17000000.0
	0.149435110998 24.4 19000000.0
	0.160240926066 29.4 19000000.0
	0.163128344996 34.4 19000000.0
	0.160327446459 39.4 19000000.0
	0.154070297733 44.4 19000000.0
	0.146308823438 49.4 19000000.0
	0.138543051086 54.4 19000000.0
	0.13175518992 59.4 19000000.0
	0.126446750909 64.4 19000000.0
	0.122753821907 69.4 19000000.0
	0.12058903423 74.4 19000000.0
	0.1197613035 79.4 19000000.0
	0.120052404489 84.4 19000000.0
	0.154090271802 24.4 21000000.0
	0.166544033319 29.4 21000000.0
	0.170774484256 34.4 21000000.0
	0.168954654108 39.4 21000000.0
	0.163280265771 44.4 21000000.0
	0.155694950854 49.4 21000000.0
	0.14773150668 54.4 21000000.0
	0.140450908393 59.4 21000000.0
	0.134464991238 64.4 21000000.0
	0.130022723234 69.4 21000000.0
	0.127126136238 74.4 21000000.0
	0.125639261562 79.4 21000000.0
	0.125367953644 84.4 21000000.0
	0.158740104042 24.4 23000000.0
	0.172844564839 29.4 23000000.0
	0.178428729249 34.4 23000000.0
	0.177614866943 39.4 23000000.0
	0.172568992618 44.4 23000000.0
	0.165228862355 49.4 23000000.0
	0.157153058972 54.4 23000000.0
	0.149464142523 59.4 23000000.0
	0.142863612167 64.4 23000000.0
	0.137699028588 69.4 23000000.0
	0.134059091912 74.4 23000000.0
	0.131869918992 79.4 23000000.0
	0.130972884198 84.4 23000000.0
	0.163392046344 24.4 25000000.0
	0.179153584593 29.4 25000000.0
	0.186105333476 34.4 25000000.0
	0.186323542659 39.4 25000000.0
	0.181949483775 44.4 25000000.0
	0.174917189956 49.4 25000000.0
	0.166806818238 54.4 25000000.0
	0.158790729138 59.4 25000000.0
	0.151644174092 64.4 25000000.0
	0.145799783375 69.4 25000000.0
	0.141426767258 74.4 25000000.0
	0.138515133867 79.4 25000000.0
	0.13694881787 84.4 25000000.0
	0.168051919015 24.4 27000000.0
	0.185479499812 29.4 27000000.0
	0.193814802995 34.4 27000000.0
	0.195091665206 39.4 27000000.0
	0.191430365554 44.4 27000000.0
	0.184763026032 49.4 27000000.0
	0.176688779315 54.4 27000000.0
	0.168421600264 59.4 27000000.0
	0.160798439116 64.4 27000000.0
	0.154325261485 69.4 27000000.0
	0.149244436359 74.4 27000000.0
	0.14560848776 79.4 27000000.0
	0.143347463568 84.4 27000000.0
	0.172724332344 24.4 29000000.0
	0.191828791797 29.4 29000000.0
	0.201565011204 34.4 29000000.0
	0.203927180123 39.4 29000000.0
	0.201017437506 44.4 29000000.0
	0.194767470112 49.4 29000000.0
	0.18679373712 54.4 29000000.0
	0.178346043747 59.4 29000000.0
	0.170313936857 64.4 29000000.0
	0.163266953003 69.4 29000000.0
	0.157513276656 74.4 29000000.0
	0.153164839522 79.4 29000000.0
	0.150198869496 84.4 29000000.0
	0.17741297292 24.4 31000000.0
	0.198206510572 29.4 31000000.0
	0.209361926669 34.4 31000000.0
	0.212835896322 39.4 31000000.0
	0.210714596091 44.4 31000000.0
	0.204930451786 49.4 31000000.0
	0.19711616385 54.4 31000000.0
	0.188553200319 59.4 31000000.0
	0.180176802451 64.4 31000000.0
	0.172612117585 69.4 31000000.0
	0.166226381183 74.4 31000000.0
	0.161187044933 79.4 31000000.0
	0.157517950408 84.4 31000000.0
	0.182120809619 24.4 33000000.0
	0.204616620015 29.4 33000000.0
	0.217210105524 34.4 33000000.0
	0.221822076535 39.4 33000000.0
	0.220524411205 44.4 33000000.0
	0.215251189044 49.4 33000000.0
	0.207650602574 54.4 33000000.0
	0.199032714822 59.4 33000000.0
	0.190373183073 64.4 33000000.0
	0.182346333664 69.4 33000000.0
	0.175372483092 74.4 33000000.0
	0.169670516702 79.4 33000000.0
	0.165309337528 84.4 33000000.0
	0.186850245123 24.4 35000000.0
	0.211062245032 29.4 35000000.0
	0.225113034844 34.4 35000000.0
	0.230888837612 39.4 35000000.0
	0.23044850104 44.4 35000000.0
	0.225728454094 49.4 35000000.0
	0.218391831686 54.4 35000000.0
	0.209774981223 59.4 35000000.0
	0.200889894499 64.4 35000000.0
	0.192454890497 69.4 35000000.0
	0.184938222194 74.4 35000000.0
	0.178606251091 79.4 35000000.0
	0.173570860312 84.4 35000000.0
	0.191603229559 24.4 37000000.0
	0.217545852619 29.4 37000000.0
	0.233073378383 34.4 37000000.0
	0.240038430137 39.4 37000000.0
	0.240487784534 44.4 37000000.0
	0.236360733223 49.4 37000000.0
	0.229334920561 54.4 37000000.0
	0.220771195477 59.4 37000000.0
	0.211714687569 64.4 37000000.0
	0.202923516853 69.4 37000000.0
	0.194909497045 74.4 37000000.0
	0.187982803032 79.4 37000000.0
	0.182295992146 84.4 37000000.0
	0.196381347191 24.4 39000000.0
	0.22406938713 29.4 39000000.0
	0.241093156465 34.4 39000000.0
	0.249272438835 39.4 39000000.0
	0.250642656694 44.4 39000000.0
	0.24714632621 49.4 39000000.0
	0.240475234541 54.4 39000000.0
	0.23201332148 59.4 39000000.0
	0.222836315471 64.4 39000000.0
	0.213738732619 69.4 39000000.0
	0.205272249349 74.4 39000000.0
	0.197787554156 79.4 39000000.0
	0.191475540892 84.4 39000000.0
	0.201185883586 24.4 41000000.0
	0.230634373117 29.4 41000000.0
	0.2491738803 34.4 41000000.0
	0.258591929493 39.4 41000000.0
	0.260913113657 44.4 41000000.0
	0.258083410132 49.4 41000000.0
	0.251808417714 54.4 41000000.0
	0.243494021907 59.4 41000000.0
	0.234244503372 64.4 41000000.0
	0.224887988957 69.4 41000000.0
	0.21601289903 74.4 41000000.0
	0.208007511236 79.4 41000000.0
	0.201098801097 84.4 41000000.0
