	1.04969023293e-05 24.4 1000000.0
	6.99532107817e-06 29.4 1000000.0
	1.95489800276e-06 34.4 1000000.0
	2.13562501279e-06 39.4 1000000.0
	2.32663034383e-06 44.4 1000000.0
	2.5143926958e-06 49.4 1000000.0
	2.6971702994e-06 54.4 1000000.0
	2.87492909581e-06 59.4 1000000.0
	3.04798289209e-06 64.4 1000000.0
	3.21670097399e-06 69.4 1000000.0
	3.38143490073e-06 74.4 1000000.0
	3.54250172866e-06 79.4 1000000.0
	3.70018314315e-06 84.4 1000000.0
	1.22349654344e-05 24.4 3000000.0
	8.96599620904e-06 29.4 3000000.0
	6.5250039435e-06 34.4 3000000.0
	4.35870959872e-06 39.4 3000000.0
	3.3339931327e-06 44.4 3000000.0
	3.15992602233e-06 49.4 3000000.0
	3.18368585728e-06 54.4 3000000.0
	3.26914063114e-06 59.4 3000000.0
	3.38026920671e-06 64.4 3000000.0
	3.50377622489e-06 69.4 3000000.0
	3.63366257232e-06 74.4 3000000.0
	3.76685188645e-06 79.4 3000000.0
	3.90162447367e-06 84.4 3000000.0
	1.37946176494e-05 24.4 5000000.0
	1.03949162924e-05 29.4 5000000.0
	8.12004413955e-06 34.4 5000000.0
	6.41478707005e-06 39.4 5000000.0
	5.14774248837e-06 44.4 5000000.0
	4.38261968668e-06 49.4 5000000.0
	4.02961814054e-06 54.4 5000000.0
	3.90105560457e-06 59.4 5000000.0
	3.88141246198e-06 64.4 5000000.0
	3.91772909773e-06 69.4 5000000.0
	3.98533529297e-06 74.4 5000000.0
	4.07170016052e-06 79.4 5000000.0
	4.16989472896e-06 84.4 5000000.0
	1.52688097176e-05 24.4 7000000.0
	1.16449221028e-05 29.4 7000000.0
	9.32006080981e-06 34.4 7000000.0
	7.67018899075e-06 39.4 7000000.0
	6.44756023984e-06 44.4 7000000.0
	5.5735938981e-06 49.4 7000000.0
	5.00557549965e-06 54.4 7000000.0
	4.67443299508e-06 59.4 7000000.0
	4.50200063177e-06 64.4 7000000.0
	4.42827114048e-06 69.4 7000000.0
	4.41550814585e-06 74.4 7000000.0
	4.44142383877e-06 79.4 7000000.0
	4.49276486065e-06 84.4 7000000.0
	1.66982547029e-05 24.4 9000000.0
	1.28058734636e-05 29.4 9000000.0
	1.0364830655e-05 34.4 9000000.0
	8.67940160583e-06 39.4 9000000.0
	7.44758616605e-06 44.4 9000000.0
	6.53789248279e-06 49.4 9000000.0
	5.88564515532e-06 54.4 9000000.0
	5.44084343496e-06 59.4 9000000.0
	5.15450363829e-06 64.4 9000000.0
	4.98248168222e-06 69.4 9000000.0
	4.89005686089e-06 74.4 9000000.0
	4.85250452546e-06 79.4 9000000.0
	4.85308567003e-06 84.4 9000000.0
	1.81054168672e-05 24.4 11000000.0
	1.39168441683e-05 29.4 11000000.0
	1.13272484683e-05 34.4 11000000.0
	9.56891280372e-06 39.4 11000000.0
	8.29873674289e-06 44.4 11000000.0
	7.35430148979e-06 49.4 11000000.0
	6.65266048913e-06 54.4 11000000.0
	6.14186289964e-06 59.4 11000000.0
	5.78103314163e-06 64.4 11000000.0
	5.53546146889e-06 69.4 11000000.0
	5.37643488648e-06 74.4 11000000.0
	5.28139979453e-06 79.4 11000000.0
	5.23343925252e-06 84.4 11000000.0
	1.95044860371e-05 24.4 13000000.0
	1.4999167142e-05 29.4 13000000.0
	1.22408986346e-05 34.4 13000000.0
	1.03890634794e-05 39.4 13000000.0
	9.06361214082e-06 44.4 13000000.0
	8.07845689607e-06 49.4 13000000.0
	7.33587596091e-06 54.4 13000000.0
	6.7780907576e-06 59.4 13000000.0
	6.36495816984e-06 64.4 13000000.0
	6.06526537391e-06 69.4 13000000.0
	5.85387112346e-06 74.4 13000000.0
	5.71063478917e-06 79.4 13000000.0
	5.61972443001e-06 84.4 13000000.0
	2.09052845129e-05 24.4 15000000.0
	1.60661345358e-05 29.4 15000000.0
	1.3124578527e-05 34.4 15000000.0
	1.11656550449e-05 39.4 15000000.0
	9.77370703111e-06 44.4 15000000.0
	8.74186399766e-06 49.4 15000000.0
	7.95954306821e-06 54.4 15000000.0
	7.36231389277e-06 59.4 15000000.0
	6.90808140896e-06 64.4 15000000.0
	6.56626019393e-06 69.4 15000000.0
	6.31321827849e-06 74.4 15000000.0
	6.13027380894e-06 79.4 15000000.0
	6.00260624579e-06 84.4 15000000.0
	2.23150856048e-05 24.4 17000000.0
	1.71267988073e-05 29.4 17000000.0
	1.39901260627e-05 34.4 17000000.0
	1.19139601805e-05 39.4 17000000.0
	1.04472346979e-05 44.4 17000000.0
	9.36349301635e-06 49.4 17000000.0
	8.54030359158e-06 54.4 17000000.0
	7.9064549485e-06 59.4 17000000.0
	7.41675437231e-06 64.4 17000000.0
	7.03980868034e-06 69.4 17000000.0
	6.75226531806e-06 74.4 17000000.0
	6.53606691596e-06 79.4 17000000.0
	6.37699312857e-06 84.4 17000000.0
	2.3739565455e-05 24.4 19000000.0
	1.818774179e-05 29.4 19000000.0
	1.48456260114e-05 34.4 19000000.0
	1.26439167465e-05 39.4 19000000.0
	1.10957830181e-05 44.4 19000000.0
	9.9556037361e-06 49.4 19000000.0
	9.08960395173e-06 54.4 19000000.0
	8.41981597195e-06 59.4 19000000.0
	7.89740805218e-06 64.4 19000000.0
	7.48938713091e-06 69.4 19000000.0
	7.1719351315e-06 74.4 19000000.0
	6.92704367528e-06 79.4 19000000.0
	6.74071326666e-06 84.4 19000000.0
	2.51833457906e-05 24.4 21000000.0
	1.92539997171e-05 29.4 21000000.0
	1.56969436533e-05 34.4 21000000.0
	1.33624469843e-05 39.4 21000000.0
	1.17272528164e-05 44.4 21000000.0
	1.05265952321e-05 49.4 21000000.0
	9.61556243946e-06 54.4 21000000.0
	8.90945891623e-06 59.4 21000000.0
	8.35553501596e-06 64.4 21000000.0
	7.91872966989e-06 69.4 21000000.0
	7.57427905832e-06 74.4 21000000.0
	7.30382700758e-06 79.4 21000000.0
	7.09330373377e-06 84.4 21000000.0
	2.66503244058e-05 24.4 23000000.0
	2.03295896901e-05 29.4 23000000.0
	1.65485414202e-05 34.4 23000000.0
	1.40746310778e-05 39.4 23000000.0
	1.23473238515e-05 44.4 23000000.0
	1.10824985955e-05 49.4 23000000.0
	1.01241286108e-05 54.4 23000000.0
	9.38078193081e-06 59.4 23000000.0
	8.79562758534e-06 64.4 23000000.0
	8.33124449294e-06 69.4 23000000.0
	7.96159878316e-06 74.4 23000000.0
	7.66770198485e-06 79.4 23000000.0
	7.43519348754e-06 84.4 23000000.0
	2.81438871403e-05 24.4 25000000.0
	2.14178293603e-05 29.4 25000000.0
	1.74039495417e-05 34.4 25000000.0
	1.47843571556e-05 39.4 25000000.0
	1.2960255726e-05 44.4 25000000.0
	1.16278148766e-05 49.4 25000000.0
	1.06197952061e-05 54.4 25000000.0
	9.83797666182e-06 59.4 25000000.0
	9.22133123221e-06 64.4 25000000.0
	8.72988378691e-06 69.4 25000000.0
	8.33610351419e-06 74.4 25000000.0
	8.0201589031e-06 79.4 25000000.0
	7.76722758174e-06 84.4 25000000.0
	2.96670497371e-05 24.4 27000000.0
	2.25215412581e-05 29.4 27000000.0
	1.82660543558e-05 34.4 27000000.0
	1.54947068627e-05 39.4 27000000.0
	1.35693569836e-05 44.4 27000000.0
	1.21660139961e-05 49.4 27000000.0
	1.11060464682e-05 54.4 27000000.0
	1.02843557022e-05 59.4 27000000.0
	9.63561692192e-06 64.4 27000000.0
	9.11716094441e-06 69.4 27000000.0
	8.69979524506e-06 74.4 27000000.0
	8.36268528743e-06 79.4 27000000.0
	8.09041142169e-06 84.4 27000000.0
	3.12225561944e-05 24.4 29000000.0
	2.36431889637e-05 29.4 29000000.0
	1.91372837285e-05 34.4 29000000.0
	1.62081967583e-05 39.4 29000000.0
	1.41772753943e-05 44.4 29000000.0
	1.26998466659e-05 49.4 29000000.0
	1.15856494119e-05 54.4 29000000.0
	1.07225829544e-05 59.4 29000000.0
	1.00409273587e-05 64.4 29000000.0
	9.49520824578e-06 69.4 29000000.0
	9.05444605839e-06 74.4 29000000.0
	8.69667882513e-06 79.4 29000000.0
	8.40578026951e-06 84.4 29000000.0
	3.28129490417e-05 24.4 31000000.0
	2.47849710682e-05 29.4 31000000.0
	2.00197311494e-05 34.4 31000000.0
	1.69269362005e-05 39.4 31000000.0
	1.47861857772e-05 44.4 31000000.0
	1.32315474992e-05 49.4 31000000.0
	1.20608488255e-05 54.4 31000000.0
	1.11548366123e-05 59.4 31000000.0
	1.04392921834e-05 64.4 31000000.0
	9.86583922618e-06 69.4 31000000.0
	9.40161045326e-06 74.4 31000000.0
	9.02341691056e-06 79.4 31000000.0
	8.71433599934e-06 84.4 31000000.0
	3.44406208846e-05 24.4 33000000.0
	2.59488879584e-05 29.4 33000000.0
	2.09152415988e-05 34.4 33000000.0
	1.76527344167e-05 39.4 33000000.0
	1.53979161019e-05 44.4 33000000.0
	1.37629718846e-05 49.4 33000000.0
	1.25335014169e-05 54.4 33000000.0
	1.15829259617e-05 59.4 33000000.0
	1.08324166727e-05 64.4 33000000.0
	1.02306047013e-05 69.4 33000000.0
	9.7426492557e-06 74.4 33000000.0
	9.34405197253e-06 79.4 33000000.0
	9.01701896644e-06 84.4 33000000.0
	3.61078530974e-05 24.4 35000000.0
	2.71367905181e-05 29.4 35000000.0
	2.18254726779e-05 34.4 35000000.0
	1.83871753693e-05 39.4 35000000.0
	1.60140348315e-05 44.4 35000000.0
	1.42956909681e-05 49.4 35000000.0
	1.30051703642e-05 54.4 35000000.0
	1.2008376333e-05 59.4 35000000.0
	1.12217497245e-05 64.4 35000000.0
	1.0590839975e-05 69.4 35000000.0
	1.00787556308e-05 74.4 35000000.0
	9.65961802457e-06 79.4 35000000.0
	9.31469791652e-06 84.4 35000000.0
	3.78168454778e-05 24.4 37000000.0
	2.83504164546e-05 29.4 37000000.0
	2.27519392127e-05 34.4 37000000.0
	1.91316714976e-05 39.4 37000000.0
	1.66359130604e-05 44.4 37000000.0
	1.48310592568e-05 49.4 37000000.0
	1.34771934125e-05 54.4 37000000.0
	1.24324918186e-05 59.4 37000000.0
	1.16085361112e-05 64.4 37000000.0
	1.09477035951e-05 69.4 37000000.0
	1.04109795304e-05 74.4 37000000.0
	9.97104158419e-06 79.4 37000000.0
	9.60816899491e-06 84.4 37000000.0
	3.95697394107e-05 24.4 39000000.0
	2.95914179491e-05 29.4 39000000.0
	2.36960465169e-05 34.4 39000000.0
	1.98875031908e-05 39.4 39000000.0
	1.72647697609e-05 44.4 39000000.0
	1.53702638185e-05 49.4 39000000.0
	1.39507328794e-05 54.4 39000000.0
	1.28564022427e-05 59.4 39000000.0
	1.19938568871e-05 64.4 39000000.0
	1.13022088385e-05 69.4 39000000.0
	1.07402493483e-05 74.4 39000000.0
	1.02791537515e-05 79.4 39000000.0
	9.89815918069e-06 84.4 39000000.0
	4.13686362862e-05 24.4 41000000.0
	3.08613830922e-05 29.4 41000000.0
	2.46591156808e-05 34.4 41000000.0
	2.06558483734e-05 39.4 41000000.0
	1.79017054119e-05 44.4 41000000.0
	1.59143607967e-05 49.4 41000000.0
	1.442681302e-05 54.4 41000000.0
	1.32810988182e-05 59.4 41000000.0
	1.23786608679e-05 64.4 41000000.0
	1.1655249211e-05 69.4 41000000.0
	1.106739057e-05 74.4 41000000.0
	1.05847019794e-05 79.4 41000000.0
	1.01853316944e-05 84.4 41000000.0
