
	66.878818441 24.4 1000000.0
	57.152162823 29.4 1000000.0
	9.80208623898 34.4 1000000.0
	7.45573982161 39.4 1000000.0
	6.19887301301 44.4 1000000.0
	5.36255860422 49.4 1000000.0
	4.75077117328 54.4 1000000.0
	4.27769756 59.4 1000000.0
	3.89804497609 64.4 1000000.0
	3.58506590342 69.4 1000000.0
	3.3217133617 74.4 1000000.0
	3.09650089133 79.4 1000000.0
	2.90135149925 84.4 1000000.0
	70.034273605 24.4 3000000.0
	63.5362709561 29.4 3000000.0
	54.1719920154 34.4 3000000.0
	38.9258126097 39.4 3000000.0
	25.3382100771 44.4 3000000.0
	19.3183954368 49.4 3000000.0
	16.0589127505 54.4 3000000.0
	13.927565377 59.4 3000000.0
	12.3859399075 64.4 3000000.0
	11.2011039543 69.4 3000000.0
	10.2528771814 74.4 3000000.0
	9.47168496724 79.4 3000000.0
	8.81388205645 84.4 3000000.0
	72.431914621 24.4 5000000.0
	67.1611321342 29.4 5000000.0
	60.6307738337 34.4 5000000.0
	52.4794237934 39.4 5000000.0
	43.0928027882 44.4 5000000.0
	34.5535375374 49.4 5000000.0
	28.3879401752 54.4 5000000.0
	24.1935918517 59.4 5000000.0
	21.2211118356 64.4 5000000.0
	18.9982818272 69.4 5000000.0
	17.2614375491 74.4 5000000.0
	15.8581042305 79.4 5000000.0
	14.6947419987 84.4 5000000.0
	74.4084820397 24.4 7000000.0
	69.8467850189 29.4 7000000.0
	64.5126761535 34.4 7000000.0
	58.3428143401 39.4 7000000.0
	51.4979077386 44.4 7000000.0
	44.5799083525 49.4 7000000.0
	38.3858797251 54.4 7000000.0
	33.3480827724 59.4 7000000.0
	29.4217022465 64.4 7000000.0
	26.3626122051 69.4 7000000.0
	23.9348899808 74.4 7000000.0
	21.9641693571 79.4 7000000.0
	20.330186964 84.4 7000000.0
	76.1097341667 24.4 9000000.0
	72.0263861688 29.4 9000000.0
	67.3962868377 34.4 9000000.0
	62.2301960257 39.4 9000000.0
	56.6359566774 44.4 9000000.0
	50.8939720652 49.4 9000000.0
	45.4019958506 54.4 9000000.0
	40.4918390595 59.4 9000000.0
	36.3090827929 64.4 9000000.0
	32.8329848564 69.4 9000000.0
	29.9599429076 74.4 9000000.0
	27.5709915635 79.4 9000000.0
	25.5623248256 84.4 9000000.0
	77.6142643583 24.4 11000000.0
	73.8823642107 29.4 11000000.0
	69.729652579 34.4 11000000.0
	65.1922664882 39.4 11000000.0
	60.3539728036 44.4 11000000.0
	55.380579419 49.4 11000000.0
	50.5042437913 54.4 11000000.0
	45.9484115064 59.4 11000000.0
	41.8582688047 64.4 11000000.0
	38.2847933459 69.4 11000000.0
	35.2082436569 74.4 11000000.0
	32.5717414864 79.4 11000000.0
	30.307540988 84.4 11000000.0
	78.9700320282 24.4 13000000.0
	75.5109710477 29.4 13000000.0
	71.7093036638 34.4 13000000.0
	67.6113258511 39.4 13000000.0
	63.2872991341 44.4 13000000.0
	58.8500284447 49.4 13000000.0
	54.4508377652 54.4 13000000.0
	50.2451785904 59.4 13000000.0
	46.3521990678 64.4 13000000.0
	42.8364605837 69.4 13000000.0
	39.7131123415 74.4 13000000.0
	36.9633493356 79.4 13000000.0
	34.5502346935 84.4 13000000.0
	80.2087514239 24.4 15000000.0
	76.9698981185 29.4 15000000.0
	73.4404602104 34.4 15000000.0
	69.6711103572 39.4 15000000.0
	65.7236843891 44.4 15000000.0
	61.6825237223 49.4 15000000.0
	57.6544828681 54.4 15000000.0
	53.7522988799 59.4 15000000.0
	50.0708518518 64.4 15000000.0
	46.6720344191 69.4 15000000.0
	43.5834890369 74.4 15000000.0
	40.8058284477 79.4 15000000.0
	38.3219988468 84.4 15000000.0
	81.3526177098 24.4 17000000.0
	78.2967259576 29.4 17000000.0
	74.9865293966 34.4 17000000.0
	71.474613251 39.4 17000000.0
	67.817185433 44.4 17000000.0
	64.0817261373 49.4 17000000.0
	60.3485305209 54.4 17000000.0
	56.7025586159 59.4 17000000.0
	53.2194444034 64.4 17000000.0
	49.9542434503 69.4 17000000.0
	46.937999873 74.4 17000000.0
	44.1807523698 79.4 17000000.0
	41.6771789848 84.4 17000000.0
	82.4178356309 24.4 19000000.0
	79.5174226625 29.4 19000000.0
	76.3888716462 34.4 19000000.0
	73.085562347 39.4 19000000.0
	69.6597605098 44.4 19000000.0
	66.1682316906 49.4 19000000.0
	62.6744164304 54.4 19000000.0
	59.2446124964 59.4 19000000.0
	55.9397553184 64.4 19000000.0
	52.8075058662 69.4 19000000.0
	49.8785055748 74.4 19000000.0
	47.167150549 79.4 19000000.0
	44.6749162074 84.4 19000000.0
	83.4166321007 24.4 21000000.0
	80.6507430119 29.4 21000000.0
	77.6760518183 34.4 21000000.0
	74.5462162277 39.4 21000000.0
	71.3106449347 44.4 21000000.0
	68.0189261265 49.4 21000000.0
	64.7232861705 54.4 21000000.0
	61.4771178229 59.4 21000000.0
	58.3302376184 64.4 21000000.0
	55.3235228882 69.4 21000000.0
	52.4856172837 74.4 21000000.0
	49.8326125789 79.4 21000000.0
	47.3698837045 84.4 21000000.0
	84.3584793785 24.4 23000000.0
	81.7107068826 29.4 23000000.0
	78.8686701916 34.4 23000000.0
	75.8860751274 39.4 23000000.0
	72.8102084126 44.4 23000000.0
	69.6856504573 49.4 23000000.0
	66.5568765002 54.4 23000000.0
	63.4681240852 59.4 23000000.0
	60.4607914999 64.4 23000000.0
	57.5699197651 69.4 23000000.0
	54.8215791318 74.4 23000000.0
	52.2321147282 79.4 23000000.0
	49.8090540221 84.4 23000000.0
	85.2508765954 24.4 25000000.0
	82.7080886808 29.4 25000000.0
	79.9820972132 34.4 25000000.0
	77.1265686375 39.4 25000000.0
	74.1871861973 44.4 25000000.0
	71.2049226604 49.4 25000000.0
	68.2187256069 54.4 25000000.0
	65.266187903 59.4 25000000.0
	62.3822974267 64.4 25000000.0
	59.5972251009 69.4 25000000.0
	56.9343869052 74.4 25000000.0
	54.4096065515 79.4 25000000.0
	52.0314808014 84.4 25000000.0
	86.0998697107 24.4 27000000.0
	83.6513592399 29.4 27000000.0
	81.0281208957 34.4 27000000.0
	78.2837660795 39.4 27000000.0
	75.4627523464 44.4 27000000.0
	72.6033866972 49.4 27000000.0
	69.7405711199 54.4 27000000.0
	66.9069773144 59.4 27000000.0
	64.1326715596 64.4 27000000.0
	61.4438218254 69.4 27000000.0
	58.8613434415 74.4 27000000.0
	56.400149713 79.4 27000000.0
	54.0692287593 84.4 27000000.0
	86.9104092019 24.4 29000000.0
	84.5473066063 29.4 29000000.0
	82.0159895497 34.4 29000000.0
	79.3700345299 39.4 29000000.0
	76.6529560278 44.4 29000000.0
	73.9010510865 49.4 29000000.0
	71.146195957 54.4 29000000.0
	68.417351785 59.4 29000000.0
	65.7407711771 64.4 29000000.0
	63.1393541136 69.4 29000000.0
	60.6317672591 74.4 29000000.0
	58.2318512023 79.4 29000000.0
	55.9485668933 84.4 29000000.0
	87.6866031465 24.4 31000000.0
	85.4014594429 29.4 31000000.0
	82.9530990031 34.4 31000000.0
	80.3951003825 39.4 31000000.0
	77.7702510019 44.4 31000000.0
	75.1133079654 49.4 31000000.0
	72.4538430657 54.4 31000000.0
	69.8179751797 59.4 31000000.0
	67.2289735126 64.4 31000000.0
	64.7070753358 69.4 31000000.0
	62.2689779431 74.4 31000000.0
	59.9274181099 79.4 31000000.0
	57.691080985 84.4 31000000.0
	88.4319006392 24.4 33000000.0
	86.2183842665 29.4 33000000.0
	83.8454610163 34.4 33000000.0
	81.3667550969 39.4 33000000.0
	78.82449492 44.4 33000000.0
	76.2522428536 49.4 33000000.0
	73.6777885973 54.4 33000000.0
	71.1250434504 59.4 33000000.0
	68.6149209074 64.4 33000000.0
	66.1654868356 69.4 33000000.0
	63.7917403196 74.4 33000000.0
	61.505355932 79.4 33000000.0
	59.314605933 84.4 33000000.0
	89.1492275055 24.4 35000000.0
	87.0018993288 29.4 35000000.0
	84.6980317848 34.4 35000000.0
	82.2913394824 39.4 35000000.0
	79.823624478 44.4 35000000.0
	77.327513274 49.4 35000000.0
	74.8293996845 54.4 35000000.0
	72.3514594318 59.4 35000000.0
	69.9127294241 64.4 35000000.0
	67.5295003168 69.4 35000000.0
	65.2153200597 74.4 35000000.0
	62.9808796422 79.4 35000000.0
	60.83397372 84.4 35000000.0
	89.8410885561 24.4 37000000.0
	87.7552318405 29.4 37000000.0
	85.514948022 34.4 37000000.0
	83.174085112 39.4 37000000.0
	80.7741247896 44.4 37000000.0
	78.3469553122 49.4 37000000.0
	75.9178653616 54.4 37000000.0
	73.5076516126 59.4 37000000.0
	71.1338437295 64.4 37000000.0
	68.8112760716 69.4 37000000.0
	66.5522628862 74.4 37000000.0
	64.3666058446 79.4 37000000.0
	62.2616031775 84.4 37000000.0
	90.509645871 24.4 39000000.0
	88.4811357235 29.4 39000000.0
	86.2997002597 34.4 39000000.0
	84.0193606949 39.4 39000000.0
	81.6813638388 44.4 39000000.0
	79.3170128958 49.4 39000000.0
	76.9507138127 54.4 39000000.0
	74.6021573485 59.4 39000000.0
	72.2876534252 64.4 39000000.0
	70.0208370885 69.4 39000000.0
	67.8129764143 74.4 39000000.0
	65.6730812926 79.4 39000000.0
	63.6079628119 84.4 39000000.0
	91.1567795888 24.4 41000000.0
	89.1819812677 29.4 41000000.0
	87.0552624511 34.4 41000000.0
	84.8308535222 39.4 41000000.0
	82.5498359731 44.4 41000000.0
	80.2430482855 49.4 41000000.0
	77.9341861803 54.4 41000000.0
	75.6420464294 59.4 41000000.0
	73.3819451192 64.4 41000000.0
	71.1665256426 69.4 41000000.0
	69.0061697524 74.4 41000000.0
	66.9091895498 79.4 41000000.0
	64.88193456 84.4 41000000.0
