
	1754.90723259 24.4 1000000.0
	4555.27636318 29.4 1000000.0
	16427.6544642 34.4 1000000.0
	18632.6997884 39.4 1000000.0
	20251.982173 44.4 1000000.0
	21589.8582255 49.4 1000000.0
	22749.7584888 54.4 1000000.0
	23785.2506817 59.4 1000000.0
	24729.7806785 64.4 1000000.0
	25606.3147718 69.4 1000000.0
	26431.3909698 74.4 1000000.0
	27217.1421328 79.4 1000000.0
	27972.459529 84.4 1000000.0
	1216.43292504 24.4 3000000.0
	3474.15718208 29.4 3000000.0
	6062.79226375 34.4 3000000.0
	9566.65620262 39.4 3000000.0
	13120.6424134 44.4 3000000.0
	15371.513369 49.4 3000000.0
	16991.8923655 54.4 3000000.0
	18304.6376532 59.4 3000000.0
	19434.8083462 64.4 3000000.0
	20444.1744138 69.4 3000000.0
	21368.6797796 74.4 3000000.0
	22231.3361803 79.4 3000000.0
	23047.6471832 84.4 3000000.0
	810.764845923 24.4 5000000.0
	2856.76041078 29.4 5000000.0
	4971.82617691 34.4 5000000.0
	7233.22915365 39.4 5000000.0
	9630.97678301 44.4 5000000.0
	11907.7107841 49.4 5000000.0
	13809.6440674 54.4 5000000.0
	15353.9855601 59.4 5000000.0
	16649.1997907 64.4 5000000.0
	17777.4179573 69.4 5000000.0
	18790.3975619 74.4 5000000.0
	19721.0390054 79.4 5000000.0
	20590.9970764 84.4 5000000.0
	479.50351621 24.4 7000000.0
	2401.22297311 29.4 7000000.0
	4315.05263051 34.4 7000000.0
	6244.9278152 39.4 7000000.0
	8187.86629764 44.4 7000000.0
	10083.1351574 49.4 7000000.0
	11837.1002635 54.4 7000000.0
	13391.3227169 59.4 7000000.0
	14748.3007382 64.4 7000000.0
	15943.4887217 69.4 7000000.0
	17015.5795158 74.4 7000000.0
	17995.6866368 79.4 7000000.0
	18906.6023367 84.4 7000000.0
	197.005608405 24.4 9000000.0
	2033.59949733 29.4 9000000.0
	3828.38591257 34.4 9000000.0
	5592.03301796 39.4 9000000.0
	7324.33716251 44.4 9000000.0
	9003.32331295 49.4 9000000.0
	10591.5008669 54.4 9000000.0
	12056.9828462 59.4 9000000.0
	13387.7230139 64.4 9000000.0
	14591.1883983 69.4 9000000.0
	15685.7485611 74.4 9000000.0
	16692.0935047 79.4 9000000.0
	17628.5902594 84.4 9000000.0
	-50.6051700878 24.4 11000000.0
	1722.43386769 29.4 11000000.0
	3435.96752568 34.4 11000000.0
	5095.95822229 39.4 11000000.0
	6704.08077412 44.4 11000000.0
	8252.11784365 49.4 11000000.0
	9723.63046897 54.4 11000000.0
	11102.7332985 59.4 11000000.0
	12381.5413868 64.4 11000000.0
	13561.6589189 69.4 11000000.0
	14651.8115451 74.4 11000000.0
	15664.2995346 79.4 11000000.0
	16611.9333091 84.4 11000000.0
	-271.788186612 24.4 13000000.0
	1451.06627022 29.4 13000000.0
	3104.35630993 34.4 13000000.0
	4691.97563487 39.4 13000000.0
	6216.76844331 44.4 13000000.0
	7676.875089 49.4 13000000.0
	9065.79370262 54.4 13000000.0
	10376.3328548 59.4 13000000.0
	11604.8723239 64.4 13000000.0
	12752.8409479 69.4 13000000.0
	13825.8340481 74.4 13000000.0
	14831.9345193 79.4 13000000.0
	15780.0862847 84.4 13000000.0
	-472.122847556 24.4 15000000.0
	1209.49772199 29.4 15000000.0
	2815.60666867 34.4 15000000.0
	4349.02145387 39.4 15000000.0
	5813.28515587 44.4 15000000.0
	7209.89340079 49.4 15000000.0
	8537.70444166 54.4 15000000.0
	9794.67215997 59.4 15000000.0
	10980.2725577 64.4 15000000.0
	12096.7313758 69.4 15000000.0
	13148.7496134 74.4 15000000.0
	14142.5504872 79.4 15000000.0
	15084.9101752 84.4 15000000.0
	-655.503049645 24.4 17000000.0
	991.211464007 29.4 17000000.0
	2558.88980398 34.4 17000000.0
	4049.695479 39.4 17000000.0
	5467.56450562 44.4 17000000.0
	6815.89943038 49.4 17000000.0
	8096.6860394 54.4 17000000.0
	9311.11342567 59.4 17000000.0
	10460.8839283 64.4 17000000.0
	11549.1021059 69.4 17000000.0
	12580.2839757 74.4 17000000.0
	13559.8092396 79.4 17000000.0
	14493.284082 84.4 17000000.0
	-824.765377494 24.4 19000000.0
	791.702389462 29.4 19000000.0
	2327.13418099 34.4 19000000.0
	3783.23312251 39.4 19000000.0
	5164.12471902 44.4 19000000.0
	6474.33733585 49.4 19000000.0
	7717.77381123 54.4 19000000.0
	8897.73472773 59.4 19000000.0
	10017.5385742 64.4 19000000.0
	11081.0854057 69.4 19000000.0
	12092.9606593 74.4 19000000.0
	13058.1392589 79.4 19000000.0
	13981.5656434 84.4 19000000.0
	-982.047186723 24.4 21000000.0
	607.714379964 29.4 21000000.0
	2115.44989389 34.4 21000000.0
	3542.49387894 39.4 21000000.0
	4893.02161517 44.4 21000000.0
	6172.23089008 49.4 21000000.0
	7385.23541114 54.4 21000000.0
	8536.74727845 59.4 21000000.0
	9631.26390707 64.4 21000000.0
	10673.3632116 69.4 21000000.0
	11667.8013668 74.4 21000000.0
	12619.3622877 79.4 21000000.0
	13532.5930351 84.4 21000000.0
	-1129.00368128 24.4 23000000.0
	436.810473178 29.4 23000000.0
	1920.30513667 34.4 23000000.0
	3322.48900847 39.4 23000000.0
	4647.48799873 44.4 23000000.0
	5900.88572683 49.4 23000000.0
	7088.5712657 54.4 23000000.0
	8216.21450173 59.4 23000000.0
	9289.17417954 64.4 23000000.0
	10312.5865174 69.4 23000000.0
	11291.4134702 74.4 23000000.0
	12230.3648438 79.4 23000000.0
	13133.7411212 84.4 23000000.0
	-1266.94609887 24.4 25000000.0
	277.114694145 29.4 25000000.0
	1739.05992492 34.4 25000000.0
	3119.59012674 39.4 25000000.0
	4422.70926568 44.4 25000000.0
	5654.20168835 49.4 25000000.0
	6820.45101346 54.4 25000000.0
	7927.78146576 59.4 25000000.0
	8982.18065678 64.4 25000000.0
	9989.23373733 69.4 25000000.0
	10954.1096281 74.4 25000000.0
	11881.5107304 79.4 25000000.0
	12775.5849705 84.4 25000000.0
	-1396.93325176 24.4 27000000.0
	127.148966957 29.4 27000000.0
	1569.68526351 34.4 27000000.0
	2931.07209955 39.4 27000000.0
	4215.13682229 44.4 27000000.0
	5427.73868589 49.4 27000000.0
	6575.56794585 54.4 27000000.0
	7665.39478163 59.4 27000000.0
	8703.6643888 64.4 27000000.0
	9696.31623648 69.4 27000000.0
	10648.7099264 74.4 27000000.0
	11565.5771909 79.4 27000000.0
	12450.9749025 84.4 27000000.0
	-1519.83421531 24.4 29000000.0
	-14.2742331511 29.4 29000000.0
	1410.5854542 34.4 29000000.0
	2754.83366861 39.4 29000000.0
	4022.07883937 44.4 29000000.0
	5218.16663768 49.4 29000000.0
	6349.96420354 54.4 29000000.0
	7424.54119868 59.4 29000000.0
	8448.67324742 64.4 29000000.0
	9428.57497045 69.4 29000000.0
	10369.7724046 74.4 29000000.0
	11277.0444554 79.4 29000000.0
	12154.3974803 84.4 29000000.0
	-1636.37248404 24.4 31000000.0
	-148.124996014 29.4 31000000.0
	1260.48103203 34.4 31000000.0
	2589.21871032 39.4 31000000.0
	3841.4440125 44.4 31000000.0
	5022.92494497 49.4 31000000.0
	6140.61348146 54.4 31000000.0
	7201.77364515 59.4 31000000.0
	8213.41628209 64.4 31000000.0
	9181.96622236 69.4 31000000.0
	10113.0892657 74.4 31000000.0
	11011.617492 79.4 31000000.0
	11881.5328964 84.4 31000000.0
	-1747.15783647 24.4 33000000.0
	-275.207239268 29.4 33000000.0
	1118.32900051 34.4 33000000.0
	2432.89746902 39.4 33000000.0
	3671.5744837 44.4 33000000.0
	4840.00278669 49.4 33000000.0
	5945.15232784 54.4 33000000.0
	6994.40462224 59.4 33000000.0
	7994.93378884 64.4 33000000.0
	8953.32218335 69.4 33000000.0
	9875.34930764 74.4 33000000.0
	10765.8992803 79.4 33000000.0
	11628.9458561 84.4 33000000.0
	-1852.70982007 24.4 35000000.0
	-396.195553043 29.4 35000000.0
	983.26690479 34.4 35000000.0
	2284.78508671 39.4 35000000.0
	3511.13312829 44.4 35000000.0
	4667.79235167 49.4 35000000.0
	5761.70111272 54.4 35000000.0
	6800.30125072 59.4 35000000.0
	7790.8752627 64.4 35000000.0
	8740.12052342 69.4 35000000.0
	9653.90628612 74.4 35000000.0
	10537.1635532 79.4 35000000.0
	11393.8670266 84.4 35000000.0
	-1953.47538381 24.4 37000000.0
	-511.662259095 29.4 37000000.0
	854.572642806 34.4 37000000.0
	2143.98417588 39.4 37000000.0
	3359.02528033 44.4 37000000.0
	4504.98784391 49.4 37000000.0
	5588.74120184 54.4 37000000.0
	6617.74435017 59.4 37000000.0
	7599.34587968 64.4 37000000.0
	8540.32394856 69.4 37000000.0
	9446.61631602 74.4 37000000.0
	10323.1937035 79.4 37000000.0
	11174.0362557 84.4 37000000.0
	-2049.84233626 24.4 39000000.0
	-622.097662863 29.4 39000000.0
	731.634961282 34.4 39000000.0
	2009.74337623 39.4 39000000.0
	3214.34299783 44.4 39000000.0
	4350.51418259 49.4 39000000.0
	5425.02852829 54.4 39000000.0
	6445.32914183 59.4 39000000.0
	7418.79783372 64.4 39000000.0
	8352.26595326 69.4 39000000.0
	9251.7213221 74.4 39000000.0
	10122.1664562 79.4 39000000.0
	10967.5883538 84.4 39000000.0
	-2142.14976958 24.4 41000000.0
	-727.925466693 29.4 41000000.0
	613.931385395 34.4 41000000.0
	1881.42682562 39.4 41000000.0
	3076.32450225 44.4 41000000.0
	4203.47552835 49.4 41000000.0
	5269.53141224 54.4 41000000.0
	6281.89375959 59.4 41000000.0
	7247.95181578 64.4 41000000.0
	8174.56783431 69.4 41000000.0
	9067.76390062 74.4 41000000.0
	9932.56638454 79.4 41000000.0
	10772.9685949 84.4 41000000.0
