
	473.7314627225277 33.223 100000.0
	495.6832303080171 36.223 100000.0
	516.6086303578409 39.223 100000.0
	536.6520802697188 42.223 100000.0
	555.9210210382217 45.223 100000.0
	574.5007034976222 48.223 100000.0
	592.460992660501 51.223 100000.0
	609.8600244891514 54.223 100000.0
	626.7464633201765 57.223 100000.0
	643.1610491820057 60.223 100000.0
	659.1377451407673 63.223 100000.0
	674.7046470214723 66.223 100000.0
	689.8847510240785 69.223 100000.0
	704.6966381467857 72.223 100000.0
	719.1551107587868 75.223 100000.0
	733.2718001944619 78.223 100000.0
	747.0557526027821 81.223 100000.0
	760.5139923615458 84.223 100000.0
	773.6520574020739 87.223 100000.0
	786.4744981781253 90.223 100000.0
	798.9853312371092 93.223 100000.0
	811.1884389694126 96.223 100000.0
	823.0879087374657 99.223 100000.0
	834.6883068773924 102.223 100000.0
	459.58922657189805 33.223 400000.0
	484.87254782562076 36.223 400000.0
	508.21867971885547 39.223 400000.0
	530.1401811488652 42.223 400000.0
	550.916261217186 45.223 400000.0
	570.7288681210209 48.223 400000.0
	589.7103099680859 51.223 400000.0
	607.9627188095193 54.223 400000.0
	625.5674116355463 57.223 400000.0
	642.5901291105608 60.223 400000.0
	659.0843573847064 63.223 400000.0
	675.0936466329672 66.223 400000.0
	690.6533534119553 69.223 400000.0
	705.7920292381606 72.223 400000.0
	720.5325803841034 75.223 400000.0
	734.8932716630687 78.223 400000.0
	748.888616264035 81.223 400000.0
	762.530174672285 84.223 400000.0
	775.8272738010357 87.223 400000.0
	788.7876502555337 90.223 400000.0
	801.4180177152183 93.223 400000.0
	813.7245567984323 96.223 400000.0
	825.7133257794244 99.223 400000.0
	837.3905916258814 102.223 400000.0
	442.31358344357255 33.223 700000.0
	472.9575316204576 36.223 700000.0
	499.4605712250054 39.223 700000.0
	523.5725255986827 42.223 700000.0
	546.001150252475 45.223 700000.0
	567.1167346804752 48.223 700000.0
	587.1519676390295 51.223 700000.0
	606.2705988381449 54.223 700000.0
	624.5955255675028 57.223 700000.0
	642.2223106729382 60.223 700000.0
	659.2266897153584 63.223 700000.0
	675.6692584050963 66.223 700000.0
	691.5986808097871 69.223 700000.0
	707.0540475881913 72.223 700000.0
	722.0667090438104 75.223 700000.0
	736.6617629506426 78.223 700000.0
	750.8593012997162 81.223 700000.0
	764.6754773444997 84.223 700000.0
	778.12342900477 87.223 700000.0
	791.2140794426828 90.223 700000.0
	803.956826616881 93.223 700000.0
	816.3601286662888 96.223 700000.0
	828.4319897159602 99.223 700000.0
	840.1803502147433 102.223 700000.0
	419.3120371230498 33.223 1000000.0
	460.10761922940515 36.223 1000000.0
	490.8272830311905 39.223 1000000.0
	517.4065265454675 42.223 1000000.0
	541.5473253749343 45.223 1000000.0
	563.9574457687074 48.223 1000000.0
	585.0164904192436 51.223 1000000.0
	604.9659261247797 54.223 1000000.0
	623.97607526064 57.223 1000000.0
	642.1743880638385 60.223 1000000.0
	659.6594408675943 63.223 1000000.0
	676.5088808463256 66.223 1000000.0
	692.7844622154447 69.223 1000000.0
	708.5355266755921 72.223 1000000.0
	723.8015742113081 75.223 1000000.0
	738.6142610242134 78.223 1000000.0
	752.9990121644315 81.223 1000000.0
	766.9763581021319 84.223 1000000.0
	780.5630605957301 87.223 1000000.0
	793.7730675854359 90.223 1000000.0
	806.6183216686255 93.223 1000000.0
	819.1094379067358 96.223 1000000.0
	831.2562619406845 99.223 1000000.0
	843.0683172099012 102.223 1000000.0
	375.20337445251215 33.223 1300000.0
	446.4573785205786 36.223 1300000.0
	482.9535973926147 39.223 1300000.0
	512.1761525657796 42.223 1300000.0
	537.9579525186031 45.223 1300000.0
	561.552485361836 48.223 1300000.0
	583.5317127802977 51.223 1300000.0
	604.2234474483934 54.223 1300000.0
	623.8450913363328 57.223 1300000.0
	642.5537073847122 60.223 1300000.0
	660.4683613299804 63.223 1300000.0
	677.6817598003283 66.223 1300000.0
	694.2671562040007 69.223 1300000.0
	710.2828955237392 72.223 1300000.0
	725.7756513157095 75.223 1300000.0
	740.78287145304 78.223 1300000.0
	755.3347074951117 81.223 1300000.0
	769.4555833677076 84.223 1300000.0
	783.165495540561 87.223 1300000.0
	796.4811010764519 90.223 1300000.0
	809.4166290586705 93.223 1300000.0
	821.9846386928958 96.223 1300000.0
	834.1966404520614 99.223 1300000.0
	846.0635930200408 102.223 1300000.0
	618.3159435311035 33.223 1600000.0
	434.4330744274342 36.223 1600000.0
	476.9549493686901 39.223 1600000.0
	508.56682776690093 42.223 1600000.0
	535.6846550595784 45.223 1600000.0
	560.214281646266 48.223 1600000.0
	582.9220592850253 51.223 1600000.0
	604.2092615396323 54.223 1600000.0
	624.3285120466714 57.223 1600000.0
	643.4576734004245 60.223 1600000.0
	661.7300473977618 63.223 1600000.0
	679.248979809172 66.223 1600000.0
	696.0960660282677 69.223 1600000.0
	712.336364723962 72.223 1600000.0
	728.0220351335963 75.223 1600000.0
	743.1950522584356 78.223 1600000.0
	757.8893322503467 81.223 1600000.0
	772.1324503695892 84.223 1600000.0
	785.9470577626315 87.223 1600000.0
	799.3520618308281 90.223 1600000.0
	812.3636112741486 93.223 1600000.0
	824.9959131095833 96.223 1600000.0
	837.2619010555562 99.223 1600000.0
	849.1737703918237 102.223 1600000.0
