
	10679.281598943777 33.223 100000.0
	10627.471883985681 36.223 100000.0
	10583.064518977359 39.223 100000.0
	10545.100411826164 42.223 100000.0
	10512.937899522929 45.223 100000.0
	10485.882696138846 48.223 100000.0
	10463.226464613675 51.223 100000.0
	10444.321556600788 54.223 100000.0
	10428.626433085543 57.223 100000.0
	10415.723407277144 60.223 100000.0
	10405.319195394408 63.223 100000.0
	10397.236111253042 66.223 100000.0
	10391.398479493211 69.223 100000.0
	10387.816762228542 72.223 100000.0
	10386.570801958886 75.223 100000.0
	10387.793059283022 78.223 100000.0
	10391.652469506053 81.223 100000.0
	10398.339394981082 84.223 100000.0
	10408.052035931034 87.223 100000.0
	10420.984555501367 90.223 100000.0
	10437.317070939353 93.223 100000.0
	10457.207566073374 96.223 100000.0
	10480.785695819013 99.223 100000.0
	10508.148384873712 102.223 100000.0
	12241.266512749771 33.223 400000.0
	11821.474142959554 36.223 400000.0
	11543.857671722062 39.223 400000.0
	11339.24061398154 42.223 400000.0
	11180.248326692506 45.223 400000.0
	11053.340831259637 48.223 400000.0
	10950.465851521503 51.223 400000.0
	10866.219483167135 54.223 400000.0
	10796.729192874804 57.223 400000.0
	10739.134054053686 60.223 400000.0
	10691.298316376118 63.223 400000.0
	10651.629887084666 66.223 400000.0
	10618.953454611205 69.223 400000.0
	10592.416011539668 72.223 400000.0
	10571.413601413771 75.223 400000.0
	10555.533024100145 78.223 400000.0
	10544.504690209955 81.223 400000.0
	10538.164169679429 84.223 400000.0
	10536.4207747814 87.223 400000.0
	10539.23199894113 90.223 400000.0
	10546.58292697123 93.223 400000.0
	10558.469913391522 96.223 400000.0
	10574.887938842114 99.223 400000.0
	10595.821128874113 102.223 400000.0
	15238.858306510912 33.223 700000.0
	13619.715639073567 36.223 700000.0
	12810.825557079354 39.223 700000.0
	12307.702055199645 42.223 700000.0
	11955.168049686612 45.223 700000.0
	11691.289472328264 48.223 700000.0
	11486.02360234527 51.223 700000.0
	11322.443102262156 54.223 700000.0
	11189.931092041208 57.223 700000.0
	11081.338048352038 60.223 700000.0
	10991.63051596236 63.223 700000.0
	10917.169997029507 66.223 700000.0
	10855.288050475112 69.223 700000.0
	10804.01496747132 72.223 700000.0
	10761.895303892552 75.223 700000.0
	10727.856348141451 78.223 700000.0
	10701.11096343275 81.223 700000.0
	10681.083988673554 84.223 700000.0
	10667.355544534426 87.223 700000.0
	10659.616948720592 90.223 700000.0
	10657.636337019883 93.223 700000.0
	10661.231938654391 96.223 700000.0
	10670.251492758654 99.223 700000.0
	10684.556644628148 102.223 700000.0
	23325.551193941017 33.223 1000000.0
	16686.679344179815 36.223 1000000.0
	14576.504556247011 39.223 1000000.0
	13517.640345361926 42.223 1000000.0
	12862.843810669645 45.223 1000000.0
	12408.866484672788 48.223 1000000.0
	12072.48894065581 51.223 1000000.0
	11812.837539095599 54.223 1000000.0
	11606.966350386438 57.223 1000000.0
	11440.68662264096 60.223 1000000.0
	11304.61153180042 63.223 1000000.0
	11192.239725876658 66.223 1000000.0
	11098.929176344373 69.223 1000000.0
	11021.29908306256 72.223 1000000.0
	10956.855805282277 75.223 1000000.0
	10903.745119887124 78.223 1000000.0
	10860.580517269904 81.223 1000000.0
	10826.319944543315 84.223 1000000.0
	10800.174984161851 87.223 1000000.0
	10781.542697832878 90.223 1000000.0
	10769.953895186478 93.223 1000000.0
	10765.03366709227 96.223 1000000.0
	10766.471296086502 99.223 1000000.0
	10773.997462473773 102.223 1000000.0
	268764.97242807795 33.223 1300000.0
	23056.365814925735 36.223 1300000.0
	17211.83368786054 39.223 1300000.0
	15070.774781297721 42.223 1300000.0
	13935.51045453905 45.223 1300000.0
	13216.080094575746 48.223 1300000.0
	12711.95960180604 51.223 1300000.0
	12336.599733594003 54.223 1300000.0
	12046.041715522368 57.223 1300000.0
	11815.15641792037 60.223 1300000.0
	11628.28870309129 63.223 1300000.0
	11475.066253127528 66.223 1300000.0
	11348.31167535616 69.223 1300000.0
	11242.904880734908 72.223 1300000.0
	11155.114486737732 75.223 1300000.0
	11082.179212387926 78.223 1300000.0
	11022.031806034222 81.223 1300000.0
	10973.109194236891 84.223 1300000.0
	10934.217573037244 87.223 1300000.0
	10904.434141308611 90.223 1300000.0
	10883.034254464914 93.223 1300000.0
	10869.436814071687 96.223 1300000.0
	10863.163105465004 99.223 1300000.0
	10863.80577126242 102.223 1300000.0
	36772.43401576468 33.223 1600000.0
	41556.95719478502 36.223 1600000.0
	21453.49177191532 39.223 1600000.0
	17115.786888166054 42.223 1600000.0
	15212.07884482695 45.223 1600000.0
	14122.908887448331 48.223 1600000.0
	13405.545250778196 51.223 1600000.0
	12892.053685248196 54.223 1600000.0
	12504.74760487686 57.223 1600000.0
	12202.322327898832 60.223 1600000.0
	11960.459697119875 63.223 1600000.0
	11763.728828386358 66.223 1600000.0
	11601.788751302185 69.223 1600000.0
	11467.429716163171 72.223 1600000.0
	11355.478335554011 75.223 1600000.0
	11262.142615505358 78.223 1600000.0
	11184.597235023733 81.223 1600000.0
	11120.708356090534 84.223 1600000.0
	11068.843981361217 87.223 1600000.0
	11027.73932611054 90.223 1600000.0
	10996.399077706896 93.223 1600000.0
	10974.025296253409 96.223 1600000.0
	10959.963689682612 99.223 1600000.0
	10953.663388313587 102.223 1600000.0
