
	1161004.0363059998 33.223 100000.0
	1180106.4661533865 36.223 100000.0
	1199148.2961240706 39.223 100000.0
	1218131.9455239878 42.223 100000.0
	1237062.2280404328 45.223 100000.0
	1255945.2127626683 48.223 100000.0
	1274787.230787817 51.223 100000.0
	1293594.3425123896 54.223 100000.0
	1312372.1545581855 57.223 100000.0
	1331125.8458111484 60.223 100000.0
	1349860.3029142711 63.223 100000.0
	1368580.3033587306 66.223 100000.0
	1387290.7090987742 69.223 100000.0
	1405996.6484882862 72.223 100000.0
	1424703.6732910206 75.223 100000.0
	1443417.8832223585 78.223 100000.0
	1462146.0144075286 81.223 100000.0
	1480895.4910120913 84.223 100000.0
	1499674.4414451323 87.223 100000.0
	1518491.6821046614 90.223 100000.0
	1537356.6727107423 93.223 100000.0
	1556279.4479194584 96.223 100000.0
	1575270.530195019 99.223 100000.0
	1594340.828906032 102.223 100000.0
	1142154.7106013948 33.223 400000.0
	1163538.4783723725 36.223 400000.0
	1184387.658189288 39.223 400000.0
	1204861.5741142642 42.223 400000.0
	1225044.8033735175 45.223 400000.0
	1244993.4398535278 48.223 400000.0
	1264749.526440744 51.223 400000.0
	1284346.3677133499 54.223 400000.0
	1303811.0259368464 57.223 400000.0
	1323165.8470180463 60.223 400000.0
	1342429.5792607558 63.223 400000.0
	1361618.2655970978 66.223 400000.0
	1380745.9740670014 69.223 400000.0
	1399825.3955513546 72.223 400000.0
	1418868.3263077368 75.223 400000.0
	1437886.0488527701 78.223 400000.0
	1456889.6230930274 81.223 400000.0
	1475890.0987671555 84.223 400000.0
	1494898.6597072838 87.223 400000.0
	1513926.7099508564 90.223 400000.0
	1532985.911234788 93.223 400000.0
	1552088.1808329094 96.223 400000.0
	1571245.6580387088 99.223 400000.0
	1590470.6468543275 102.223 400000.0
	1119134.4379544968 33.223 700000.0
	1144696.0700504475 36.223 700000.0
	1168220.8495343425 39.223 700000.0
	1190649.0801827156 42.223 700000.0
	1212359.8732952294 45.223 700000.0
	1233548.9230776413 48.223 700000.0
	1254336.518637789 51.223 700000.0
	1274805.4269629428 54.223 700000.0
	1295016.6534975737 57.223 700000.0
	1315017.1477847998 60.223 700000.0
	1334844.1608248968 63.223 700000.0
	1354528.011722131 66.223 700000.0
	1374093.9925073339 69.223 700000.0
	1393563.747413771 72.223 700000.0
	1412956.2993892122 75.223 700000.0
	1432288.8223594439 78.223 700000.0
	1451577.2210348707 81.223 700000.0
	1470836.5603859485 84.223 700000.0
	1490081.3755760062 87.223 700000.0
	1509325.8861294324 90.223 700000.0
	1528584.1334636516 93.223 700000.0
	1547870.057602625 96.223 700000.0
	1567197.5263651323 99.223 700000.0
	1586580.3282778221 102.223 700000.0
	1087202.5600250831 33.223 1000000.0
	1122313.1288266995 36.223 1000000.0
	1150194.3246604267 39.223 1000000.0
	1175313.0648844012 42.223 1000000.0
	1198934.2337661642 45.223 1000000.0
	1221585.8283596642 48.223 1000000.0
	1243544.1944493866 51.223 1000000.0
	1264977.6713570147 54.223 1000000.0
	1285999.730308494 57.223 1000000.0
	1306692.1779395433 60.223 1000000.0
	1327116.7955914144 63.223 1000000.0
	1347321.8988775501 66.223 1000000.0
	1367346.3945885915 69.223 1000000.0
	1387222.4698485734 72.223 1000000.0
	1406977.4623908733 75.223 1000000.0
	1426635.2014905678 78.223 1000000.0
	1446216.9850775797 81.223 1000000.0
	1465742.2948895409 84.223 1000000.0
	1485229.3166404737 87.223 1000000.0
	1504695.31187796 90.223 1000000.0
	1524156.8756829477 93.223 1000000.0
	1543630.1062001125 96.223 1000000.0
	1563130.706356502 99.223 1000000.0
	1582674.0340340645 102.223 1000000.0
	1001806.4498100393 33.223 1300000.0
	1093628.420444127 36.223 1300000.0
	1129597.6646057847 39.223 1300000.0
	1158618.987435746 42.223 1300000.0
	1184687.1828511795 45.223 1300000.0
	1209081.5628649467 48.223 1300000.0
	1232373.5559722418 51.223 1300000.0
	1254873.7274367358 54.223 1300000.0
	1276774.4378655816 57.223 1300000.0
	1298205.938608708 60.223 1300000.0
	1319262.0698306658 63.223 1300000.0
	1340013.5693954593 66.223 1300000.0
	1360515.6892021438 69.223 1300000.0
	1380812.9126891105 72.223 1300000.0
	1400942.0573599823 75.223 1300000.0
	1420934.4048073527 78.223 1300000.0
	1440817.20542561 81.223 1300000.0
	1460614.7590231895 84.223 1300000.0
	1480349.1956036126 87.223 1300000.0
	1500041.037591836 90.223 1300000.0
	1519709.5994166604 93.223 1300000.0
	1539373.2645995452 96.223 1300000.0
	1559049.6702067368 99.223 1300000.0
	1578755.821468203 102.223 1300000.0
	879746.8284542197 33.223 1600000.0
	1050838.2941832906 36.223 1600000.0
	1105275.288236958 39.223 1600000.0
	1140267.1566444614 42.223 1600000.0
	1169533.4149470064 45.223 1600000.0
	1196019.4541282903 48.223 1600000.0
	1220832.0951440101 51.223 1600000.0
	1244509.3898300263 54.223 1600000.0
	1267358.7218919394 57.223 1600000.0
	1289576.073009981 60.223 1600000.0
	1311296.3853866009 63.223 1600000.0
	1332617.890814671 66.223 1600000.0
	1353615.1940327575 69.223 1600000.0
	1374346.9424816582 72.223 1600000.0
	1394860.638866552 75.223 1600000.0
	1415195.8211544836 78.223 1600000.0
	1435386.2440244074 81.223 1600000.0
	1455461.413613659 84.223 1600000.0
	1475447.6834630535 87.223 1600000.0
	1495369.0416880015 90.223 1600000.0
	1515247.6749431367 93.223 1600000.0
	1535104.3680586661 96.223 1600000.0
	1554958.781424197 99.223 1600000.0
	1574829.6371260497 102.223 1600000.0
