
	1294604.191309646 33.223 100000.0
	1326562.2499947222 36.223 100000.0
	1358376.3600342276 39.223 100000.0
	1390067.0756341584 42.223 100000.0
	1421652.7669244586 45.223 100000.0
	1453149.8108179006 48.223 100000.0
	1484572.4599069662 51.223 100000.0
	1515932.9172804228 54.223 100000.0
	1547241.5948368157 57.223 100000.0
	1578507.4637948216 60.223 100000.0
	1609738.430223399 63.223 100000.0
	1640941.6966861114 66.223 100000.0
	1672124.0894688314 69.223 100000.0
	1703292.3411650043 72.223 100000.0
	1734453.3240477992 75.223 100000.0
	1765614.2329829428 78.223 100000.0
	1796782.718848014 81.223 100000.0
	1827966.975060835 84.223 100000.0
	1859175.7810754094 87.223 100000.0
	1890418.5076309142 90.223 100000.0
	1921705.0891496157 93.223 100000.0
	1953045.9689876947 96.223 100000.0
	1984452.0232782236 99.223 100000.0
	2015934.4689106096 102.223 100000.0
	1264491.3145369964 33.223 400000.0
	1300534.1611298267 36.223 400000.0
	1335558.353162418 39.223 400000.0
	1369869.1407224583 42.223 400000.0
	1403639.019772089 45.223 400000.0
	1436982.5499454679 48.223 400000.0
	1469983.014616861 51.223 400000.0
	1502703.9246303455 54.223 400000.0
	1535195.0546852634 57.223 400000.0
	1567496.171143957 60.223 400000.0
	1599639.6004913347 63.223 400000.0
	1631652.1145806382 66.223 400000.0
	1663556.3611487406 69.223 400000.0
	1695371.9660539932 72.223 400000.0
	1727116.3859358474 75.223 400000.0
	1758805.5647423028 78.223 400000.0
	1790454.432846195 81.223 400000.0
	1822077.2782619095 84.223 400000.0
	1853688.0134034879 87.223 400000.0
	1885300.3566268138 90.223 400000.0
	1916927.9447398998 93.223 400000.0
	1948584.3903053454 96.223 400000.0
	1980283.2956318038 99.223 400000.0
	2012038.2336998892 102.223 400000.0
	1228195.9523521408 33.223 700000.0
	1271148.6723561164 36.223 700000.0
	1310682.9047571332 39.223 700000.0
	1348310.5074242565 42.223 700000.0
	1384677.1046831694 45.223 700000.0
	1420129.2346019046 48.223 700000.0
	1454883.0551901099 51.223 700000.0
	1489086.8644503222 54.223 700000.0
	1522848.6718649021 57.223 700000.0
	1556250.3016714165 60.223 700000.0
	1589355.5402448608 63.223 700000.0
	1622215.3000147943 66.223 700000.0
	1654871.1158352967 69.223 700000.0
	1687357.620240632 72.223 700000.0
	1719704.3464338612 75.223 700000.0
	1751937.0633437736 78.223 700000.0
	1784078.7710936258 81.223 700000.0
	1816150.442407491 84.223 700000.0
	1848171.569887738 87.223 700000.0
	1880160.5629924792 90.223 700000.0
	1912135.0279185558 93.223 700000.0
	1944111.9562638905 96.223 700000.0
	1976107.8430554133 99.223 700000.0
	2008138.750752585 102.223 700000.0
	1179168.5546827668 33.223 1000000.0
	1236797.1053632293 36.223 1000000.0
	1283259.3445390854 39.223 1000000.0
	1325254.1330102955 42.223 1000000.0
	1364757.9972987126 45.223 1000000.0
	1402628.6456324898 48.223 1000000.0
	1439327.5429343604 51.223 1000000.0
	1475139.7568153453 54.223 1000000.0
	1510258.0740563031 57.223 1000000.0
	1544820.9934253767 60.223 1000000.0
	1578932.3054339094 63.223 1000000.0
	1612672.3054879843 66.223 1000000.0
	1646104.7638368905 69.223 1000000.0
	1679281.5319057961 72.223 1000000.0
	1712245.724126001 75.223 1000000.0
	1745033.9839251644 78.223 1000000.0
	1777678.1295713722 81.223 1000000.0
	1810206.3626920779 84.223 1000000.0
	1842644.1587323092 87.223 1000000.0
	1875014.9208607657 90.223 1000000.0
	1907340.4552970196 93.223 1000000.0
	1939641.3106953555 96.223 1000000.0
	1971937.0137993135 99.223 1000000.0
	2004246.2262156098 102.223 1000000.0
	1056613.045429302 33.223 1300000.0
	1193894.0956993531 36.223 1300000.0
	1252482.3067900743 39.223 1300000.0
	1300506.9185360807 42.223 1300000.0
	1343869.0034958129 45.223 1300000.0
	1384525.6364965413 48.223 1300000.0
	1423377.5394644672 51.223 1300000.0
	1460924.8799591786 54.223 1300000.0
	1497481.3591017898 57.223 1300000.0
	1533260.5048081456 60.223 1300000.0
	1568416.1465091517 63.223 1300000.0
	1603063.7792222407 66.223 1300000.0
	1637292.9450466775 69.223 1300000.0
	1671174.951699292 72.223 1300000.0
	1704767.9589325418 75.223 1300000.0
	1738120.4709332546 78.223 1300000.0
	1771273.805479627 81.223 1300000.0
	1804263.8743964022 84.223 1300000.0
	1837122.4827007707 87.223 1300000.0
	1869878.2814898556 90.223 1300000.0
	1902557.46636114 93.223 1300000.0
	1935184.2860899735 96.223 1300000.0
	1967781.408629228 99.223 1300000.0
	2000370.1795175984 102.223 1300000.0
	913020.9792507881 33.223 1600000.0
	1132524.449673053 36.223 1600000.0
	1217034.4994962795 39.223 1600000.0
	1273815.478657038 42.223 1600000.0
	1321999.9903854716 45.223 1600000.0
	1365874.7588427942 48.223 1600000.0
	1407101.7424030083 51.223 1600000.0
	1446509.26605598 54.223 1600000.0
	1484579.145781378 57.223 1600000.0
	1521622.1039688285 60.223 1600000.0
	1557853.3610693119 63.223 1600000.0
	1593429.830802167 66.223 1600000.0
	1628470.423599867 69.223 1600000.0
	1663068.0780994552 72.223 1600000.0
	1697297.3644045517 75.223 1600000.0
	1731219.5320787746 78.223 1600000.0
	1764885.9877140552 81.223 1600000.0
	1798340.7554737227 84.223 1600000.0
	1831622.2502568248 87.223 1600000.0
	1864764.570198421 90.223 1600000.0
	1897798.4441127693 93.223 1600000.0
	1930751.9263960512 96.223 1600000.0
	1963650.9046573318 99.223 1600000.0
	1996519.467425782 102.223 1600000.0
