
	0.026628326195749737 33.223 100000.0
	0.02869745301230567 36.223 100000.0
	0.030741863408153717 39.223 100000.0
	0.03275582289215567 42.223 100000.0
	0.03473354648695766 45.223 100000.0
	0.036669990553931005 48.223 100000.0
	0.038561446695959185 51.223 100000.0
	0.040405935178406835 54.223 100000.0
	0.04220259569960631 57.223 100000.0
	0.043952142926086686 60.223 100000.0
	0.04565641351191588 63.223 100000.0
	0.04731812244149613 66.223 100000.0
	0.04894063866655143 69.223 100000.0
	0.050527794019963435 72.223 100000.0
	0.05208372871698313 75.223 100000.0
	0.05361277113768812 78.223 100000.0
	0.055119347070582254 81.223 100000.0
	0.05660791277876765 84.223 100000.0
	0.0580829062665786 87.223 100000.0
	0.05954871151673424 90.223 100000.0
	0.061009631026984555 93.223 100000.0
	0.06246986262732308 96.223 100000.0
	0.06393347728985853 99.223 100000.0
	0.06540439545277565 102.223 100000.0
	0.02978513066969254 33.223 400000.0
	0.031503495903511224 36.223 400000.0
	0.03328756152052316 39.223 400000.0
	0.03509690415596306 42.223 400000.0
	0.03690759090409675 45.223 400000.0
	0.03870365767335539 48.223 400000.0
	0.04047484538522937 51.223 400000.0
	0.042217990614162836 54.223 400000.0
	0.043925429992892534 57.223 400000.0
	0.04559570962894175 60.223 400000.0
	0.04722900523196424 63.223 400000.0
	0.04882673451985566 66.223 400000.0
	0.05039123601608313 69.223 400000.0
	0.051925510994582105 72.223 400000.0
	0.05343302154993586 75.223 400000.0
	0.05491753607425446 78.223 400000.0
	0.05638301322246718 81.223 400000.0
	0.057833516039894506 84.223 400000.0
	0.05927314882664996 87.223 400000.0
	0.0607060102737772 90.223 400000.0
	0.06213615733825916 93.223 400000.0
	0.06356757522638916 96.223 400000.0
	0.06500414975686597 99.223 400000.0
	0.06644963930292304 102.223 400000.0
	0.03360778929620827 33.223 700000.0
	0.03457088219149164 36.223 700000.0
	0.03592635206625941 39.223 700000.0
	0.03744805096550394 42.223 700000.0
	0.03904647877634057 45.223 700000.0
	0.04067548757076407 48.223 700000.0
	0.04230998712994088 51.223 700000.0
	0.04394643266013689 54.223 700000.0
	0.04556211825420504 57.223 700000.0
	0.04715240019843556 60.223 700000.0
	0.04871515072194058 63.223 700000.0
	0.050250075649436704 66.223 700000.0
	0.05175821025461513 69.223 700000.0
	0.053241543094695525 72.223 700000.0
	0.05470273526557612 75.223 700000.0
	0.056144911778589525 78.223 700000.0
	0.05757150746887574 81.223 700000.0
	0.05898615376909423 84.223 700000.0
	0.060392595534015416 87.223 700000.0
	0.061794629242644325 90.223 700000.0
	0.06319605557209731 93.223 700000.0
	0.06460064070951778 96.223 700000.0
	0.06601208197710806 99.223 700000.0
	0.06743397447798574 102.223 700000.0
	0.039894844992998196 33.223 1000000.0
	0.03834559819285755 36.223 1000000.0
	0.038833495329880015 39.223 1000000.0
	0.039898480816117854 42.223 1000000.0
	0.041204390591517946 45.223 1000000.0
	0.042622530584411206 48.223 1000000.0
	0.04409434355941385 51.223 1000000.0
	0.04561430061006917 54.223 1000000.0
	0.04713258157097269 57.223 1000000.0
	0.048639808192965074 60.223 1000000.0
	0.05013062293211175 63.223 1000000.0
	0.051602441929749325 66.223 1000000.0
	0.05305462549808234 69.223 1000000.0
	0.05448790444321205 72.223 1000000.0
	0.05590397420900038 75.223 1000000.0
	0.05730520413708664 78.223 1000000.0
	0.0586944278251431 81.223 1000000.0
	0.0600747913297275 84.223 1000000.0
	0.06144964259239146 87.223 1000000.0
	0.06282244978411328 90.223 1000000.0
	0.0641967392267035 93.223 1000000.0
	0.06557604571787552 96.223 1000000.0
	0.0669638697976191 99.223 1000000.0
	0.06836363795059645 102.223 1000000.0
	0.08360809809436336 33.223 1300000.0
	0.044049877422282065 36.223 1300000.0
	0.04232939596175192 39.223 1300000.0
	0.04257917551282826 42.223 1300000.0
	0.04345069826654008 45.223 1300000.0
	0.04458809882478285 48.223 1300000.0
	0.04585802663427368 51.223 1300000.0
	0.04724589774423539 54.223 1300000.0
	0.04865726400071686 57.223 1300000.0
	0.05007563119202498 60.223 1300000.0
	0.05149105521285241 63.223 1300000.0
	0.05289784707437321 66.223 1300000.0
	0.054293181150375194 69.223 1300000.0
	0.0556761995016709 72.223 1300000.0
	0.057047411709120296 75.223 1300000.0
	0.05840828173746413 78.223 1300000.0
	0.05976093837900226 81.223 1300000.0
	0.06110796966075441 84.223 1300000.0
	0.06245227509005261 87.223 1300000.0
	0.06379695770352604 90.223 1300000.0
	0.06514524300980734 93.223 1300000.0
	0.06650041536689405 96.223 1300000.0
	0.0678657648306604 99.223 1300000.0
	0.06924453946125635 102.223 1300000.0
	0.09135088876083601 33.223 1600000.0
	0.055756562619874606 36.223 1600000.0
	0.04701860143180147 39.223 1600000.0
	0.04568332757316857 42.223 1600000.0
	0.04587432261506207 45.223 1600000.0
	0.04662300194482377 48.223 1600000.0
	0.04763423816871623 51.223 1600000.0
	0.04886697679078707 54.223 1600000.0
	0.050157220372048734 57.223 1600000.0
	0.05147771999735046 60.223 1600000.0
	0.05281197450786869 63.223 1600000.0
	0.054150048676949135 66.223 1600000.0
	0.055486234986061214 69.223 1600000.0
	0.05681764451063802 72.223 1600000.0
	0.05814331048620295 75.223 1600000.0
	0.05946359545923545 78.223 1600000.0
	0.060779788119501105 81.223 1600000.0
	0.06209382334142866 84.223 1600000.0
	0.06340808428328616 87.223 1600000.0
	0.06472525973929555 90.223 1600000.0
	0.06604823852774129 93.223 1600000.0
	0.06738002814149516 96.223 1600000.0
	0.06872368856951926 99.223 1600000.0
	0.07008227487614731 102.223 1600000.0
