
	1.680495432058023e-06 33.223 100000.0
	1.8197916936065948e-06 36.223 100000.0
	1.9543151479416318e-06 39.223 100000.0
	2.084639842042642e-06 42.223 100000.0
	2.2112119842657913e-06 45.223 100000.0
	2.3343935761550947e-06 48.223 100000.0
	2.4544868470418542e-06 51.223 100000.0
	2.5717492256572794e-06 54.223 100000.0
	2.6864032159482315e-06 57.223 100000.0
	2.7986433025068683e-06 60.223 100000.0
	2.908641001904594e-06 63.223 100000.0
	3.0165486885925998e-06 66.223 100000.0
	3.1225025721165807e-06 69.223 100000.0
	3.226625063931902e-06 72.223 100000.0
	3.3290266915971173e-06 75.223 100000.0
	3.4298076689101103e-06 78.223 100000.0
	3.529059199123311e-06 81.223 100000.0
	3.6268645675334455e-06 84.223 100000.0
	3.7233000654669673e-06 87.223 100000.0
	3.818435777631781e-06 90.223 100000.0
	3.912336257559766e-06 93.223 100000.0
	4.00506111053255e-06 96.223 100000.0
	4.0966654993894755e-06 99.223 100000.0
	4.187200585579006e-06 102.223 100000.0
	1.7212751592797813e-06 33.223 400000.0
	1.8614005919091215e-06 36.223 400000.0
	1.995575927047972e-06 39.223 400000.0
	2.124904397951224e-06 42.223 400000.0
	2.2501266571807885e-06 45.223 400000.0
	2.371776455916618e-06 48.223 400000.0
	2.4902594131130816e-06 51.223 400000.0
	2.6058962662030098e-06 54.223 400000.0
	2.7189483880412053e-06 57.223 400000.0
	2.8296337929601226e-06 60.223 400000.0
	2.938137705205223e-06 63.223 400000.0
	3.044619840165431e-06 66.223 400000.0
	3.149219601058627e-06 69.223 400000.0
	3.2520598989892627e-06 72.223 400000.0
	3.353250032104695e-06 75.223 400000.0
	3.4528879025838145e-06 78.223 400000.0
	3.551061755772213e-06 81.223 400000.0
	3.6478515668715267e-06 84.223 400000.0
	3.743330162647129e-06 87.223 400000.0
	3.837564140489112e-06 90.223 400000.0
	3.9306146301101905e-06 93.223 400000.0
	4.0225379313443745e-06 96.223 400000.0
	4.113386053160534e-06 99.223 400000.0
	4.2032071730056695e-06 102.223 400000.0
	1.7907124066696805e-06 33.223 700000.0
	1.922987312405797e-06 36.223 700000.0
	2.051704377725735e-06 39.223 700000.0
	2.1766853629552426e-06 42.223 700000.0
	2.29821913916465e-06 45.223 700000.0
	2.4166358071841588e-06 48.223 700000.0
	2.5322321241998614e-06 51.223 700000.0
	2.645262608009465e-06 54.223 700000.0
	2.755944068254624e-06 57.223 700000.0
	2.86446208372758e-06 60.223 700000.0
	2.970976828576244e-06 63.223 700000.0
	3.075627811305989e-06 66.223 700000.0
	3.178537617778541e-06 69.223 700000.0
	3.2798148491990048e-06 72.223 700000.0
	3.3795564350006148e-06 75.223 700000.0
	3.4778494662544407e-06 78.223 700000.0
	3.5747726616832827e-06 81.223 700000.0
	3.670397551003152e-06 84.223 700000.0
	3.7647894393354795e-06 87.223 700000.0
	3.858008200717303e-06 90.223 700000.0
	3.950108937060278e-06 93.223 700000.0
	4.041142530242523e-06 96.223 700000.0
	4.131156108567282e-06 99.223 700000.0
	4.2201934439995555e-06 102.223 700000.0
	1.9248561760753515e-06 33.223 1000000.0
	2.0175157049573174e-06 36.223 1000000.0
	2.1289488972680087e-06 39.223 1000000.0
	2.2434279592923613e-06 42.223 1000000.0
	2.357547568945988e-06 45.223 1000000.0
	2.4702693817083386e-06 48.223 1000000.0
	2.5812558304195784e-06 51.223 1000000.0
	2.6904226933716655e-06 54.223 1000000.0
	2.7977868895836806e-06 57.223 1000000.0
	2.903406786590989e-06 60.223 1000000.0
	3.007356618193257e-06 63.223 1000000.0
	3.1097149498636017e-06 66.223 1000000.0
	3.2105593911943483e-06 69.223 1000000.0
	3.309964234851812e-06 72.223 1000000.0
	3.4079995105877184e-06 75.223 1000000.0
	3.5047307316085435e-06 78.223 1000000.0
	3.6002189755157645e-06 81.223 1000000.0
	3.694521118756274e-06 84.223 1000000.0
	3.7876901321313947e-06 87.223 1000000.0
	3.87977539047335e-06 90.223 1000000.0
	3.97082297340917e-06 93.223 1000000.0
	4.0608759466647245e-06 96.223 1000000.0
	4.149974619932316e-06 99.223 1000000.0
	4.238156780703705e-06 102.223 1000000.0
	2.5693446327675006e-06 33.223 1300000.0
	2.175910602749322e-06 36.223 1300000.0
	2.2378463705385697e-06 39.223 1300000.0
	2.32999132459938e-06 42.223 1300000.0
	2.4307104485603594e-06 45.223 1300000.0
	2.5341961845385913e-06 48.223 1300000.0
	2.6382728730216425e-06 51.223 1300000.0
	2.741986269742654e-06 54.223 1300000.0
	2.84488374403285e-06 57.223 1300000.0
	2.9467456773894108e-06 60.223 1300000.0
	3.0474698617053577e-06 63.223 1300000.0
	3.147016568189843e-06 66.223 1300000.0
	3.245380495554683e-06 69.223 1300000.0
	3.342575649656613e-06 72.223 1300000.0
	3.438626851164231e-06 75.223 1300000.0
	3.533564814318344e-06 78.223 1300000.0
	3.627423228517858e-06 81.223 1300000.0
	3.720237000518786e-06 84.223 1300000.0
	3.8120411875027006e-06 87.223 1300000.0
	3.902870350555247e-06 90.223 1300000.0
	3.992758168572446e-06 93.223 1300000.0
	4.0817372157447345e-06 96.223 1300000.0
	4.169838842805316e-06 99.223 1300000.0
	4.257093124461287e-06 102.223 1300000.0
	5.287434254337443e-06 33.223 1600000.0
	2.504873642167472e-06 36.223 1600000.0
	2.3977389345516094e-06 39.223 1600000.0
	2.4433402047521175e-06 42.223 1600000.0
	2.520955207299593e-06 45.223 1600000.0
	2.610155138884142e-06 48.223 1600000.0
	2.704297818001977e-06 51.223 1600000.0
	2.8005803624153003e-06 54.223 1600000.0
	2.897638099735326e-06 57.223 1600000.0
	2.994745924046541e-06 60.223 1600000.0
	3.0914970408649352e-06 63.223 1600000.0
	3.187656159800562e-06 66.223 1600000.0
	3.283085956077511e-06 69.223 1600000.0
	3.3777075919617356e-06 72.223 1600000.0
	3.471478344180894e-06 75.223 1600000.0
	3.5643783621074755e-06 78.223 1600000.0
	3.6564025459890394e-06 81.223 1600000.0
	3.7475554157887872e-06 84.223 1600000.0
	3.837847787997396e-06 87.223 1600000.0
	3.927294578159902e-06 90.223 1600000.0
	4.0159133224771826e-06 93.223 1600000.0
	4.103723169134021e-06 96.223 1600000.0
	4.190744182582469e-06 99.223 1600000.0
	4.276996859994764e-06 102.223 1600000.0
