
	0.748502125594622 33.223 100000.0
	0.682799937135537 36.223 100000.0
	0.6280299938610334 39.223 100000.0
	0.5816147051270044 42.223 100000.0
	0.5417395745446516 45.223 100000.0
	0.5070875678669136 48.223 100000.0
	0.47667798357340124 51.223 100000.0
	0.4497645093944243 54.223 100000.0
	0.4257684604747558 57.223 100000.0
	0.40423375356288527 60.223 100000.0
	0.38479575420769774 63.223 100000.0
	0.3671592319980509 66.223 100000.0
	0.3510824464115809 69.223 100000.0
	0.3363654518491152 72.223 100000.0
	0.32284136481084186 75.223 100000.0
	0.31036974836712905 78.223 100000.0
	0.29883153483477126 81.223 100000.0
	0.2881250825721992 84.223 100000.0
	0.2781630802901688 87.223 100000.0
	0.2688700925471198 90.223 100000.0
	0.26018059584201236 93.223 100000.0
	0.2520373940088605 96.223 100000.0
	0.2443903296957409 99.223 100000.0
	0.23719522903361215 102.223 100000.0
	3.269667353285052 33.223 400000.0
	2.9198000400361854 36.223 400000.0
	2.6460154864744116 39.223 400000.0
	2.4241312578700644 42.223 400000.0
	2.2397141859695706 45.223 400000.0
	2.083451503100604 48.223 400000.0
	1.9489996664518399 51.223 400000.0
	1.8318578282685771 54.223 400000.0
	1.7287277871495557 57.223 400000.0
	1.637127939116835 60.223 400000.0
	1.5551493603797655 63.223 400000.0
	1.4812957764579406 66.223 400000.0
	1.4143752078115495 69.223 400000.0
	1.353424603505691 72.223 400000.0
	1.2976561814617233 75.223 400000.0
	1.2464184326443046 78.223 400000.0
	1.1991672631654193 81.223 400000.0
	1.155444290524517 84.223 400000.0
	1.1148602818875446 87.223 400000.0
	1.0770823497581694 90.223 400000.0
	1.0418239345879645 93.223 400000.0
	1.0088368827843925 96.223 400000.0
	0.9779051198166617 99.223 400000.0
	0.9488395514300706 102.223 400000.0
	6.418396112195586 33.223 700000.0
	5.535670972653579 36.223 700000.0
	4.913589088022764 39.223 700000.0
	4.43989384243988 42.223 700000.0
	4.0622751094699305 45.223 700000.0
	3.7517356160538395 48.223 700000.0
	3.4904616755491866 51.223 700000.0
	3.26673186538254 54.223 700000.0
	3.072439093575538 57.223 700000.0
	2.9017570293385604 60.223 700000.0
	2.7503681823394803 63.223 700000.0
	2.61499156147709 66.223 700000.0
	2.4930806032312054 69.223 700000.0
	2.382622868423555 72.223 700000.0
	2.2820031186640652 75.223 700000.0
	2.189907248807031 78.223 700000.0
	2.1052533435597707 81.223 700000.0
	2.0271412081728304 84.223 700000.0
	1.954814767674489 87.223 700000.0
	1.8876336105388491 90.223 700000.0
	1.825051147370751 93.223 700000.0
	1.7665976323175467 96.223 700000.0
	1.7118668114460835 99.223 700000.0
	1.6605053123850382 102.223 700000.0
	10.873584347368912 33.223 1000000.0
	8.734846834053828 36.223 1000000.0
	7.515123064738542 39.223 1000000.0
	6.669286890502717 42.223 1000000.0
	6.030498757819569 45.223 1000000.0
	5.52355522888838 48.223 1000000.0
	5.107686673755856 51.223 1000000.0
	4.758232189308337 54.223 1000000.0
	4.459142894253049 57.223 1000000.0
	4.199407778347976 60.223 1000000.0
	3.971161270509022 63.223 1000000.0
	3.768601724692732 66.223 1000000.0
	3.58733623925482 69.223 1000000.0
	3.423964978029242 72.223 1000000.0
	3.275807299180255 75.223 1000000.0
	3.1407155277216297 78.223 1000000.0
	3.016944871554101 81.223 1000000.0
	2.9030604160816162 84.223 1000000.0
	2.7978692606812783 87.223 1000000.0
	2.7003701012398467 90.223 1000000.0
	2.6097151683982975 93.223 1000000.0
	2.525181077324827 96.223 1000000.0
	2.446146211038809 99.223 1000000.0
	2.3720729653092505 102.223 1000000.0
	23.719772872429417 33.223 1300000.0
	12.96555373203092 36.223 1300000.0
	10.579027426799135 39.223 1300000.0
	9.16216051582793 42.223 1300000.0
	8.16676172401743 45.223 1300000.0
	7.409768669244419 48.223 1300000.0
	6.806140773775613 51.223 1300000.0
	6.309112975519048 54.223 1300000.0
	5.890164172099956 57.223 1300000.0
	5.530630700009396 60.223 1300000.0
	5.217654944002986 63.223 1300000.0
	4.942022288657554 66.223 1300000.0
	4.696917729143945 69.223 1300000.0
	4.477169276092652 72.223 1300000.0
	4.278766205486051 75.223 1300000.0
	4.098540695302753 78.223 1300000.0
	3.933950781396108 81.223 1300000.0
	3.782928405295507 84.223 1300000.0
	3.643770559666309 87.223 1300000.0
	3.515059722753256 90.223 1300000.0
	3.395604657211072 93.223 1300000.0
	3.284395657060896 96.223 1300000.0
	3.1805702317548845 99.223 1300000.0
	3.083386453000481 102.223 1300000.0
	48.08537443320806 33.223 1600000.0
	19.58716248067914 36.223 1600000.0
	14.31649330709242 39.223 1600000.0
	11.980682167233281 42.223 1600000.0
	10.494103349528892 45.223 1600000.0
	9.419782341736758 48.223 1600000.0
	8.589697911304272 51.223 1600000.0
	7.9207969326192345 54.223 1600000.0
	7.365789879934906 57.223 1600000.0
	6.895183655538386 60.223 1600000.0
	6.489372266063993 63.223 1600000.0
	6.134688465860522 66.223 1600000.0
	5.821246343102007 69.223 1600000.0
	5.541679505299702 72.223 1600000.0
	5.2903627929239905 75.223 1600000.0
	5.062911245869483 78.223 1600000.0
	4.85584596237811 81.223 1600000.0
	4.666364533133628 84.223 1600000.0
	4.492179254692311 87.223 1600000.0
	4.331400562567639 90.223 1600000.0
	4.182451399778834 93.223 1600000.0
	4.044003220248899 96.223 1600000.0
	3.914927421019303 99.223 1600000.0
	3.7942579712267146 102.223 1600000.0
