
	27565.756049173564 33.223 100000.0
	28486.732934245367 36.223 100000.0
	29330.562356893315 39.223 100000.0
	30109.133664377634 42.223 100000.0
	30831.834391093886 45.223 100000.0
	31506.19832699623 48.223 100000.0
	32138.3510188669 51.223 100000.0
	32733.332183283754 54.223 100000.0
	33295.334489650835 57.223 100000.0
	33827.88283656717 60.223 100000.0
	34333.97041092958 63.223 100000.0
	34816.162962886876 66.223 100000.0
	35276.679451337644 69.223 100000.0
	35717.454936101916 72.223 100000.0
	36140.18999388991 75.223 100000.0
	36546.38980655458 78.223 100000.0
	36937.39526766704 81.223 100000.0
	37314.407877112084 84.223 100000.0
	37678.50977413981 87.223 100000.0
	38030.67994986316 90.223 100000.0
	38371.80744833368 93.223 100000.0
	38702.70218907266 96.223 100000.0
	39024.10390820549 99.223 100000.0
	39336.689609696725 102.223 100000.0
	21261.768447582883 33.223 400000.0
	22300.68549400041 36.223 400000.0
	23229.778583017134 39.223 400000.0
	24072.793186935818 42.223 400000.0
	24845.518389619832 45.223 400000.0
	25559.4500706986 48.223 400000.0
	26223.368835970745 51.223 400000.0
	26844.1783753143 54.223 400000.0
	27427.418990932325 57.223 400000.0
	27977.610230048806 60.223 400000.0
	28498.4912760762 63.223 400000.0
	28993.19496883538 66.223 400000.0
	29464.376505920613 69.223 400000.0
	29914.310167551655 72.223 400000.0
	30344.96295133589 75.223 400000.0
	30758.051237864052 78.223 400000.0
	31155.08480872384 81.223 400000.0
	31537.40132871583 84.223 400000.0
	31906.19357005487 87.223 400000.0
	32262.53106932492 90.223 400000.0
	32607.377487135916 93.223 400000.0
	32941.60463372156 96.223 400000.0
	33266.00389683133 99.223 400000.0
	33581.295638231364 102.223 400000.0
	18206.557290024804 33.223 700000.0
	19445.33122949632 36.223 700000.0
	20494.321863808513 39.223 700000.0
	21418.955967374113 42.223 700000.0
	22251.17045983058 45.223 700000.0
	23010.294457504308 48.223 700000.0
	23709.51743664018 51.223 700000.0
	24358.482195005363 54.223 700000.0
	24964.547001996318 57.223 700000.0
	25533.494163103267 60.223 700000.0
	26069.969191196014 63.223 700000.0
	26577.771790688967 66.223 700000.0
	27060.057614352696 69.223 700000.0
	27519.482706270206 72.223 700000.0
	27958.30938780014 75.223 700000.0
	28378.485312579855 78.223 700000.0
	28781.703368066675 81.223 700000.0
	29169.447631022616 84.223 700000.0
	29543.02900814962 87.223 700000.0
	29903.613150924648 90.223 700000.0
	30252.242524384757 93.223 700000.0
	30589.85401501698 96.223 700000.0
	30917.29311084181 99.223 700000.0
	31235.325431713252 102.223 700000.0
	15641.268797082255 33.223 1000000.0
	17305.90214020936 36.223 1000000.0
	18539.31694279515 39.223 1000000.0
	19571.48987512923 42.223 1000000.0
	20475.603786035565 45.223 1000000.0
	21286.57361792782 48.223 1000000.0
	22024.966427763826 51.223 1000000.0
	22704.47201378414 54.223 1000000.0
	23334.90421573123 57.223 1000000.0
	23923.643939722842 60.223 1000000.0
	24476.43111730593 63.223 1000000.0
	24997.843054117096 66.223 1000000.0
	25491.60382075667 69.223 1000000.0
	25960.794429777092 72.223 1000000.0
	26408.000834482464 75.223 1000000.0
	26835.421002914834 78.223 1000000.0
	27244.94403502981 81.223 1000000.0
	27638.209626940406 84.223 1000000.0
	28016.65340647723 87.223 1000000.0
	28381.54192903014 90.223 1000000.0
	28733.999997288716 93.223 1000000.0
	29075.032215289 96.223 1000000.0
	29405.540169517917 99.223 1000000.0
	29726.336266014914 102.223 1000000.0
	11328.787792785175 33.223 1300000.0
	15339.749403654785 36.223 1300000.0
	16896.658192555045 39.223 1300000.0
	18077.44829079431 42.223 1300000.0
	19070.026080437125 45.223 1300000.0
	19940.734868080788 48.223 1300000.0
	20722.491558724287 51.223 1300000.0
	21434.94743511884 54.223 1300000.0
	22091.21543212573 57.223 1300000.0
	22700.684946545716 60.223 1300000.0
	23270.405070103305 63.223 1300000.0
	23805.850169898276 66.223 1300000.0
	24311.38253661611 69.223 1300000.0
	24790.550647505435 72.223 1300000.0
	25246.29087859835 75.223 1300000.0
	25681.068917279095 78.223 1300000.0
	26096.98168320972 81.223 1300000.0
	26495.832412789994 84.223 1300000.0
	26879.186971640473 87.223 1300000.0
	27248.416731641595 90.223 1300000.0
	27604.731653534673 93.223 1300000.0
	27949.206121921357 96.223 1300000.0
	28282.799350766065 99.223 1300000.0
	28606.37167906542 102.223 1300000.0
	6798.131681976188 33.223 1600000.0
	13119.285298680994 36.223 1600000.0
	15370.352959305583 39.223 1600000.0
	16767.225744208747 42.223 1600000.0
	17870.43916907812 45.223 1600000.0
	18810.174645765364 48.223 1600000.0
	19639.776489158958 51.223 1600000.0
	20387.561259506863 54.223 1600000.0
	21071.01850267533 57.223 1600000.0
	21702.029835143585 60.223 1600000.0
	22289.190701765343 63.223 1600000.0
	22838.997114828322 66.223 1600000.0
	23356.5187498664 69.223 1600000.0
	23845.811744182327 72.223 1600000.0
	24310.187172393442 75.223 1600000.0
	24752.393591877255 78.223 1600000.0
	25174.74546951142 81.223 1600000.0
	25579.21598390447 84.223 1600000.0
	25967.50554429961 87.223 1600000.0
	26341.093291291345 90.223 1600000.0
	26701.276402653555 93.223 1600000.0
	27049.20050154081 96.223 1600000.0
	27385.883475884577 99.223 1600000.0
	27712.234357876412 102.223 1600000.0
