407190.497148 15 13433.8996518
415827.496037 16 21548.3955173
423966.020377 17 32885.839381
431521.729479 18 48148.1676578
438409.321833 19 68070.8354761
444543.376525 20 93414.495594
449837.1714 21 124958.49801
454199.691612 22 163496.22215
457530.876203 23 209832.24054
459714.756538 24 264781.354296
460609.491321 25 329169.648052
460032.148636 26 403837.928549
457733.725812 27 489648.3435
453354.38615 28 587495.900562
446334.104007 29 698328.771554
435706.653259 30 823187.043258
419509.527109 31 963288.180112
392264.197957 32 1120270.11551
