13433.8996518 15 13433.8996518
21548.3955173 16 21548.3955173
32885.839381 17 32885.839381
48148.1676578 18 48148.1676578
68070.8354761 19 68070.8354761
93414.495594 20 93414.495594
124958.49801 21 124958.49801
163496.22215 22 163496.22215
209832.24054 23 209832.24054
264781.354296 24 264781.354296
329169.648052 25 329169.648052
403837.928549 26 403837.928549
489648.3435 27 489648.3435
587495.900562 28 587495.900562
698328.771554 29 698328.771554
823187.043258 30 823187.043258
963288.180112 31 963288.180112
1120270.11551 32 1120270.11551
