0.222400870336 15 13433.8996518
0.337658565328 16 21548.3955173
0.490694579797 17 32885.839381
0.688003693084 18 48148.1676578
0.93655686881 19 68070.8354761
1.24397838972 20 93414.495594
1.61879231904 21 124958.49801
2.07076441146 22 163496.22215
2.61138575342 23 209832.24054
3.25457872193 24 264781.354296
4.0177699397 25 329169.648052
4.92360420664 26 403837.928549
6.00285629656 27 489648.3435
7.29977978194 28 587495.900562
8.88299759943 29 698328.771554
10.8711018422 30 823187.043258
13.5076855838 31 963288.180112
17.4924568478 32 1120270.11551
