
	324.362618898 253.15 101000.0
	340.04448553 278.15 101000.0
	355.009801301 303.15 101000.0
	369.340209777 328.15 101000.0
	383.099157272 353.15 101000.0
	396.337226812 378.15 101000.0
	409.096017833 403.15 101000.0
	421.410938789 428.15 101000.0
	433.313155265 453.15 101000.0
	444.830886424 478.15 101000.0
	455.990215471 503.15 101000.0
	466.815555775 528.15 101000.0
	477.329888743 553.15 101000.0
	487.554863276 578.15 101000.0
	497.510821917 603.15 101000.0
	507.216797502 628.15 101000.0
	516.690507176 653.15 101000.0
	525.948358097 678.15 101000.0
	535.005470661 703.15 101000.0
	543.875719693 728.15 101000.0
	552.571791161 753.15 101000.0
	561.105250622 778.15 101000.0
	569.486619364 803.15 101000.0
	577.725454535 828.15 101000.0
	585.830430137 853.15 101000.0
	593.809416483 878.15 101000.0
	601.669556345 903.15 101000.0
	609.41733665 928.15 101000.0
	617.05865501 953.15 101000.0
	624.598880762 978.15 101000.0
	632.04291048 1003.15 101000.0
	639.395218085 1028.15 101000.0
	646.659899823 1053.15 101000.0
	653.840714465 1078.15 101000.0
	660.941119099 1103.15 101000.0
	667.964300926 1128.15 101000.0
	674.913205443 1153.15 101000.0
	681.790561404 1178.15 101000.0
	688.598902897 1203.15 101000.0
	324.422888679 253.15 201000.0
	340.16184194 278.15 201000.0
	355.168316396 303.15 201000.0
	369.528813692 328.15 201000.0
	383.309942787 353.15 201000.0
	396.564417665 378.15 201000.0
	409.335316012 403.15 201000.0
	421.659097661 428.15 201000.0
	433.567692219 453.15 201000.0
	445.089884409 478.15 201000.0
	456.252182765 503.15 201000.0
	467.079324859 528.15 201000.0
	477.594542047 553.15 201000.0
	487.819677775 578.15 201000.0
	497.77522722 603.15 201000.0
	507.480343776 628.15 201000.0
	516.95284033 653.15 201000.0
	526.209200433 678.15 201000.0
	535.264605666 703.15 201000.0
	544.132980013 728.15 201000.0
	552.827049041 753.15 201000.0
	561.358410267 778.15 201000.0
	569.737610817 803.15 201000.0
	577.974228748 828.15 201000.0
	586.076954987 853.15 201000.0
	594.053673549 878.15 201000.0
	601.911538291 903.15 201000.0
	609.657045092 928.15 201000.0
	617.296098775 953.15 201000.0
	624.83407447 978.15 201000.0
	632.275873377 1003.15 201000.0
	639.62597309 1028.15 201000.0
	646.888472742 1053.15 201000.0
	654.067133348 1078.15 201000.0
	661.165413709 1103.15 201000.0
	668.186502299 1128.15 201000.0
	675.133345535 1153.15 201000.0
	682.00867279 1178.15 201000.0
	688.815018531 1203.15 201000.0
	324.48641726 253.15 301000.0
	340.281913151 278.15 301000.0
	355.329087179 303.15 301000.0
	369.719296048 328.15 301000.0
	383.522299359 353.15 301000.0
	396.792929235 378.15 301000.0
	409.575730367 403.15 301000.0
	421.908204765 428.15 301000.0
	433.823038724 453.15 301000.0
	445.349576751 478.15 301000.0
	456.514748168 503.15 301000.0
	467.343611175 528.15 301000.0
	477.859644247 553.15 301000.0
	488.084883127 578.15 301000.0
	498.039973836 603.15 301000.0
	507.74418888 628.15 301000.0
	517.215435725 653.15 301000.0
	526.470273367 678.15 301000.0
	535.523943797 703.15 301000.0
	544.39041952 728.15 301000.0
	553.082465176 753.15 301000.0
	561.611709808 778.15 301000.0
	569.988726014 803.15 301000.0
	578.223112453 828.15 301000.0
	586.323576723 853.15 301000.0
	594.298016321 878.15 301000.0
	602.153596005 903.15 301000.0
	609.896820448 928.15 301000.0
	617.533601552 953.15 301000.0
	625.069320121 978.15 301000.0
	632.508881885 1003.15 301000.0
	639.856768022 1028.15 301000.0
	647.117080481 1053.15 301000.0
	654.293582452 1078.15 301000.0
	661.389734393 1103.15 301000.0
	668.408726007 1128.15 301000.0
	675.353504582 1153.15 301000.0
	682.226800076 1178.15 301000.0
	689.031147297 1203.15 301000.0
	324.553218109 253.15 401000.0
	340.404703145 278.15 401000.0
	355.492112798 303.15 401000.0
	369.911653649 328.15 401000.0
	383.73622278 353.15 401000.0
	397.022757005 378.15 401000.0
	409.817256442 403.15 401000.0
	422.158255888 428.15 401000.0
	434.079190891 453.15 401000.0
	445.609959909 478.15 401000.0
	456.777908482 503.15 401000.0
	467.608411847 528.15 401000.0
	478.125192761 553.15 401000.0
	488.350477022 578.15 401000.0
	498.305059696 603.15 401000.0
	508.00833096 628.15 401000.0
	517.478291698 653.15 401000.0
	526.731575405 678.15 401000.0
	535.783483708 703.15 401000.0
	544.648037002 728.15 401000.0
	553.338038474 753.15 401000.0
	561.865148257 778.15 401000.0
	570.239964061 803.15 401000.0
	578.472104841 828.15 401000.0
	586.570294608 853.15 401000.0
	594.542444129 878.15 401000.0
	602.395728876 903.15 401000.0
	610.136662161 928.15 401000.0
	617.77116283 953.15 401000.0
	625.30461725 978.15 401000.0
	632.741935576 1003.15 401000.0
	640.087602489 1028.15 401000.0
	647.345722677 1053.15 401000.0
	654.520061444 1078.15 401000.0
	661.614080847 1103.15 401000.0
	668.630971768 1128.15 401000.0
	675.573682324 1153.15 401000.0
	682.444943018 1178.15 401000.0
	689.24728897 1203.15 401000.0
	324.623304879 253.15 501000.0
	340.530216015 278.15 501000.0
	355.657392489 303.15 501000.0
	370.105883377 328.15 501000.0
	383.951708912 353.15 501000.0
	397.253896526 378.15 501000.0
	410.059889845 403.15 501000.0
	422.409246872 428.15 501000.0
	434.336144879 453.15 501000.0
	445.871030384 478.15 501000.0
	457.041660546 503.15 501000.0
	467.87372403 528.15 501000.0
	478.391185042 553.15 501000.0
	488.616457175 578.15 501000.0
	498.570482752 603.15 501000.0
	508.272768182 628.15 501000.0
	517.741406603 653.15 501000.0
	526.993105069 678.15 501000.0
	536.043224072 703.15 501000.0
	544.905831263 728.15 501000.0
	553.593767855 753.15 501000.0
	562.118724639 778.15 501000.0
	570.491324073 803.15 501000.0
	578.721205108 828.15 501000.0
	586.817107913 853.15 501000.0
	594.786956309 878.15 501000.0
	602.637936299 903.15 501000.0
	610.376569679 928.15 501000.0
	618.008782106 953.15 501000.0
	625.539965393 978.15 501000.0
	632.975034026 1003.15 501000.0
	640.318476102 1028.15 501000.0
	647.574398973 1053.15 501000.0
	654.746569994 1078.15 501000.0
	661.838452767 1103.15 501000.0
	668.8532393 1128.15 501000.0
	675.7938785 1153.15 501000.0
	682.663101377 1178.15 501000.0
	689.46344333 1203.15 501000.0
	324.696691397 253.15 601000.0
	340.658455951 278.15 601000.0
	355.824925568 303.15 601000.0
	370.301982189 328.15 601000.0
	384.168753689 353.15 601000.0
	397.486343417 378.15 601000.0
	410.303626242 403.15 601000.0
	422.661173615 428.15 601000.0
	434.593896895 453.15 601000.0
	446.13278472 478.15 601000.0
	457.306001236 503.15 601000.0
	468.139544917 528.15 601000.0
	478.657618567 553.15 601000.0
	488.882821328 578.15 601000.0
	498.83624098 603.15 601000.0
	508.537498731 628.15 601000.0
	518.004778814 653.15 601000.0
	527.254860896 678.15 601000.0
	536.303163571 703.15 601000.0
	545.163801115 728.15 601000.0
	553.849652248 753.15 601000.0
	562.372437985 778.15 601000.0
	570.742805174 803.15 601000.0
	578.970412459 828.15 601000.0
	587.064015916 853.15 601000.0
	595.031552203 878.15 601000.0
	602.880217675 903.15 601000.0
	610.616542454 928.15 601000.0
	618.246458878 953.15 601000.0
	625.775364092 978.15 601000.0
	633.208176816 1003.15 601000.0
	640.549388474 1028.15 601000.0
	647.803109014 1053.15 601000.0
	654.973107776 1078.15 601000.0
	662.062849851 1103.15 601000.0
	669.075528327 1128.15 601000.0
	676.014092856 1153.15 601000.0
	682.881274917 1178.15 601000.0
	689.679610155 1203.15 601000.0
	324.773391646 253.15 701000.0
	340.789427233 278.15 701000.0
	355.994711422 303.15 701000.0
	370.499947112 328.15 701000.0
	384.387353114 353.15 701000.0
	397.720093356 378.15 701000.0
	410.548461356 403.15 701000.0
	422.914032066 428.15 701000.0
	434.852443195 453.15 701000.0
	446.395219504 478.15 701000.0
	457.570927465 503.15 701000.0
	468.405871731 528.15 701000.0
	478.924490846 553.15 701000.0
	489.149567247 578.15 701000.0
	499.102332381 603.15 701000.0
	508.802520814 628.15 701000.0
	518.268406718 653.15 701000.0
	527.516841438 678.15 701000.0
	536.563300903 703.15 701000.0
	545.421945385 728.15 701000.0
	554.105690592 753.15 701000.0
	562.626287336 778.15 701000.0
	570.994406495 803.15 701000.0
	579.219726107 828.15 701000.0
	587.3110179 853.15 701000.0
	595.276231159 878.15 701000.0
	603.122572409 903.15 701000.0
	610.856579945 928.15 701000.0
	618.484192652 953.15 701000.0
	626.010812894 978.15 701000.0
	633.441363527 1003.15 701000.0
	640.780339224 1028.15 701000.0
	648.031852449 1053.15 701000.0
	655.199674467 1078.15 701000.0
	662.287271801 1103.15 701000.0
	669.297838572 1128.15 701000.0
	676.234325135 1153.15 701000.0
	683.099463401 1178.15 701000.0
	689.895789228 1203.15 701000.0
	324.853419754 253.15 801000.0
	340.923134223 278.15 801000.0
	356.16674951 303.15 801000.0
	370.699775238 328.15 801000.0
	384.607503248 353.15 801000.0
	397.955142084 378.15 801000.0
	410.794390968 403.15 801000.0
	423.167818227 428.15 801000.0
	435.111780081 453.15 801000.0
	446.658331362 478.15 801000.0
	457.836436185 503.15 801000.0
	468.672701726 528.15 801000.0
	479.191799415 553.15 801000.0
	489.416692724 578.15 801000.0
	499.368754973 603.15 801000.0
	509.067832654 628.15 801000.0
	518.532288722 653.15 801000.0
	527.779045265 678.15 801000.0
	536.82363478 703.15 801000.0
	545.680262912 728.15 801000.0
	554.36188184 753.15 801000.0
	562.880271745 778.15 801000.0
	571.246127177 803.15 801000.0
	579.469145271 828.15 801000.0
	587.558113158 853.15 801000.0
	595.520992534 878.15 801000.0
	603.364999913 903.15 801000.0
	611.096681614 928.15 801000.0
	618.721982934 953.15 801000.0
	626.246311348 978.15 801000.0
	633.674593748 1003.15 801000.0
	641.011327971 1028.15 801000.0
	648.260628928 1053.15 801000.0
	655.426269744 1078.15 801000.0
	662.511718321 1103.15 801000.0
	669.520169763 1128.15 801000.0
	676.454575085 1153.15 801000.0
	683.317666596 1178.15 801000.0
	690.111980332 1203.15 801000.0
	324.936789971 253.15 901000.0
	341.059581352 278.15 901000.0
	356.341039348 303.15 901000.0
	370.90146372 328.15 901000.0
	384.829200219 353.15 901000.0
	398.1914854 378.15 901000.0
	411.041410913 403.15 901000.0
	423.422528146 428.15 901000.0
	435.371903897 453.15 901000.0
	446.922116961 478.15 901000.0
	458.102524381 503.15 901000.0
	468.940032191 528.15 901000.0
	479.459541839 553.15 901000.0
	489.684195575 578.15 901000.0
	499.635506799 603.15 901000.0
	509.333432496 628.15 901000.0
	518.796423251 653.15 901000.0
	528.041470957 678.15 901000.0
	537.084163925 703.15 901000.0
	545.938752544 728.15 901000.0
	554.618224953 753.15 901000.0
	563.13439027 778.15 901000.0
	571.497966369 803.15 901000.0
	579.71866918 828.15 901000.0
	587.805300987 853.15 901000.0
	595.765835686 878.15 901000.0
	603.607499605 903.15 901000.0
	611.336846927 928.15 901000.0
	618.959829238 953.15 901000.0
	626.481859008 978.15 901000.0
	633.907867069 1003.15 901000.0
	641.24235434 1028.15 901000.0
	648.489438106 1053.15 901000.0
	655.65289329 1078.15 901000.0
	662.736189116 1103.15 901000.0
	669.742521627 1128.15 901000.0
	676.674842455 1153.15 901000.0
	683.53588427 1178.15 901000.0
	690.328183253 1203.15 901000.0
	325.023516664 253.15 1001000.0
	341.198773113 278.15 1001000.0
	356.517580511 303.15 1001000.0
	371.105009768 328.15 1001000.0
	385.052440208 353.15 1001000.0
	398.429119158 378.15 1001000.0
	411.289517079 403.15 1001000.0
	423.678157925 428.15 1001000.0
	435.632811034 453.15 1001000.0
	447.186573009 478.15 1001000.0
	458.369189072 503.15 1001000.0
	469.207860442 528.15 1001000.0
	479.72771571 553.15 1001000.0
	489.95207364 578.15 1001000.0
	499.902585922 603.15 1001000.0
	509.599318602 628.15 1001000.0
	519.060808742 653.15 1001000.0
	528.304117114 678.15 1001000.0
	537.344887075 703.15 1001000.0
	546.197413144 728.15 1001000.0
	554.874718901 753.15 1001000.0
	563.388641983 778.15 1001000.0
	571.749923227 803.15 1001000.0
	579.968297068 828.15 1001000.0
	588.05258069 853.15 1001000.0
	596.010759982 878.15 1001000.0
	603.850070905 903.15 1001000.0
	611.577075358 928.15 1001000.0
	619.197731082 953.15 1001000.0
	626.71745543 978.15 1001000.0
	634.141183084 1003.15 1001000.0
	641.473417957 1028.15 1001000.0
	648.71827964 1053.15 1001000.0
	655.879544787 1078.15 1001000.0
	662.960683896 1103.15 1001000.0
	669.964893896 1128.15 1001000.0
	676.895126998 1153.15 1001000.0
	683.754116192 1178.15 1001000.0
	690.544397777 1203.15 1001000.0
	325.113614294 253.15 1101000.0
	341.340714052 278.15 1101000.0
	356.696372621 303.15 1101000.0
	371.310410646 328.15 1101000.0
	385.277219453 353.15 1101000.0
	398.668039266 378.15 1101000.0
	411.538705404 403.15 1101000.0
	423.934703707 428.15 1101000.0
	435.894497924 453.15 1101000.0
	447.451696249 478.15 1101000.0
	458.636427315 503.15 1101000.0
	469.476183828 528.15 1101000.0
	479.996318645 553.15 1101000.0
	490.220324783 578.15 1101000.0
	500.169990427 603.15 1101000.0
	509.865489253 628.15 1101000.0
	519.325443654 653.15 1101000.0
	528.566982346 678.15 1101000.0
	537.605802982 703.15 1101000.0
	546.456243583 728.15 1101000.0
	555.131362666 753.15 1101000.0
	563.643025961 778.15 1101000.0
	572.001996917 803.15 1101000.0
	580.218028177 828.15 1101000.0
	588.299951579 853.15 1101000.0
	596.255764796 878.15 1101000.0
	604.092713242 903.15 1101000.0
	611.817366382 928.15 1101000.0
	619.435687985 953.15 1101000.0
	626.953100178 978.15 1101000.0
	634.374541391 1003.15 1101000.0
	641.704518454 1028.15 1101000.0
	648.947153189 1053.15 1101000.0
	656.106223924 1078.15 1101000.0
	663.185202372 1103.15 1101000.0
	670.187286303 1128.15 1101000.0
	677.115428465 1153.15 1101000.0
	683.972362135 1178.15 1101000.0
	690.760623693 1203.15 1101000.0
	325.207097409 253.15 1201000.0
	341.485408761 278.15 1201000.0
	356.877415346 303.15 1201000.0
	371.517663666 328.15 1201000.0
	385.503534244 353.15 1201000.0
	398.908241685 378.15 1201000.0
	411.788971875 403.15 1201000.0
	424.192161686 428.15 1201000.0
	436.156961041 453.15 1201000.0
	447.717483464 478.15 1201000.0
	458.904236196 503.15 1201000.0
	469.744999727 528.15 1201000.0
	480.26534829 553.15 1201000.0
	490.488946891 578.15 1201000.0
	500.437718418 603.15 1201000.0
	510.131942748 628.15 1201000.0
	519.590326457 653.15 1201000.0
	528.830065279 678.15 1201000.0
	537.866910406 703.15 1201000.0
	546.715242747 728.15 1201000.0
	555.388155241 753.15 1201000.0
	563.897541292 778.15 1201000.0
	572.254186612 803.15 1201000.0
	580.467861755 828.15 1201000.0
	588.54741297 853.15 1201000.0
	596.500849503 878.15 1201000.0
	604.335426048 903.15 1201000.0
	612.057719482 928.15 1201000.0
	619.673699475 953.15 1201000.0
	627.188792815 978.15 1201000.0
	634.60794159 1003.15 1201000.0
	641.935655463 1028.15 1201000.0
	649.176058416 1053.15 1201000.0
	656.332930389 1078.15 1201000.0
	663.409744257 1103.15 1201000.0
	670.409698584 1128.15 1201000.0
	677.335746613 1153.15 1201000.0
	684.190621871 1178.15 1201000.0
	690.976860791 1203.15 1201000.0
	325.303980623 253.15 1301000.0
	341.632861866 278.15 1301000.0
	357.060708392 303.15 1301000.0
	371.726766187 328.15 1301000.0
	385.731380919 353.15 1301000.0
	399.149722425 378.15 1301000.0
	412.040312529 403.15 1301000.0
	424.450528096 428.15 1301000.0
	436.420196899 453.15 1301000.0
	447.983931472 478.15 1301000.0
	459.172612836 503.15 1301000.0
	470.014305544 528.15 1301000.0
	480.534802314 553.15 1301000.0
	490.757937873 578.15 1301000.0
	500.705768019 603.15 1301000.0
	510.398677404 628.15 1301000.0
	519.85545564 653.15 1301000.0
	529.093364553 678.15 1301000.0
	538.128208123 703.15 1301000.0
	546.974409528 728.15 1301000.0
	555.645095626 753.15 1301000.0
	564.152187072 778.15 1301000.0
	572.506491491 803.15 1301000.0
	580.71779706 828.15 1301000.0
	588.794964187 853.15 1301000.0
	596.746013489 878.15 1301000.0
	604.57820876 903.15 1301000.0
	612.298134144 928.15 1301000.0
	619.91176508 953.15 1301000.0
	627.424532911 978.15 1301000.0
	634.841383286 1003.15 1301000.0
	642.16682862 1028.15 1301000.0
	649.404994986 1053.15 1301000.0
	656.559663874 1078.15 1301000.0
	663.634309266 1103.15 1301000.0
	670.632130476 1128.15 1301000.0
	677.556081199 1153.15 1301000.0
	684.408895178 1178.15 1301000.0
	691.193108864 1203.15 1301000.0
	325.404278605 253.15 1401000.0
	341.783078019 278.15 1401000.0
	357.246251499 303.15 1401000.0
	371.937715609 328.15 1401000.0
	385.960755865 353.15 1401000.0
	399.392477543 378.15 1401000.0
	412.292723447 403.15 1401000.0
	424.709799218 428.15 1401000.0
	436.684202053 453.15 1401000.0
	448.251037127 478.15 1401000.0
	459.441554388 503.15 1401000.0
	470.284098715 528.15 1401000.0
	480.804678414 553.15 1401000.0
	491.027295662 578.15 1401000.0
	500.974137375 603.15 1401000.0
	510.665691555 628.15 1401000.0
	520.120829706 653.15 1401000.0
	529.356878823 678.15 1401000.0
	538.389694921 703.15 1401000.0
	547.233742834 728.15 1401000.0
	555.902182833 753.15 1401000.0
	564.406962407 778.15 1401000.0
	572.758910744 803.15 1401000.0
	580.967833353 828.15 1401000.0
	589.04260456 853.15 1401000.0
	596.991256142 878.15 1401000.0
	604.821060821 903.15 1401000.0
	612.538609858 928.15 1401000.0
	620.149884334 953.15 1401000.0
	627.660320038 978.15 1401000.0
	635.074866088 1003.15 1401000.0
	642.398037566 1028.15 1401000.0
	649.633962569 1053.15 1401000.0
	656.786424074 1078.15 1401000.0
	663.858897118 1103.15 1401000.0
	670.854581718 1128.15 1401000.0
	677.776431982 1153.15 1401000.0
	684.627181831 1178.15 1401000.0
	691.409367704 1203.15 1401000.0
	325.508006063 253.15 1501000.0
	341.936061891 278.15 1501000.0
	357.434044433 303.15 1501000.0
	372.150509368 328.15 1501000.0
	386.191655509 353.15 1501000.0
	399.636503142 378.15 1501000.0
	412.546200754 403.15 1501000.0
	424.969971372 428.15 1501000.0
	436.948973095 453.15 1501000.0
	448.518797319 478.15 1501000.0
	459.711058036 503.15 1501000.0
	470.554376703 528.15 1501000.0
	481.07497431 553.15 1501000.0
	491.297018211 578.15 1501000.0
	501.242824651 603.15 1501000.0
	510.932983554 628.15 1501000.0
	520.386447174 653.15 1501000.0
	529.620606756 678.15 1501000.0
	538.651369598 703.15 1501000.0
	547.493241581 728.15 1501000.0
	556.159415883 753.15 1501000.0
	564.661866409 778.15 1501000.0
	573.011443567 803.15 1501000.0
	581.217969905 828.15 1501000.0
	589.290333424 853.15 1501000.0
	597.236576856 878.15 1501000.0
	605.063981678 903.15 1501000.0
	612.779146119 928.15 1501000.0
	620.388056775 953.15 1501000.0
	627.896153774 978.15 1501000.0
	635.308389605 1003.15 1501000.0
	642.629281944 1028.15 1501000.0
	649.862960834 1053.15 1501000.0
	657.013210684 1078.15 1501000.0
	664.083507534 1103.15 1501000.0
	671.077052053 1128.15 1501000.0
	677.996798723 1153.15 1501000.0
	684.845481609 1178.15 1501000.0
	691.625637107 1203.15 1501000.0
	325.615177734 253.15 1601000.0
	342.091818164 278.15 1601000.0
	357.624086984 303.15 1601000.0
	372.365144939 328.15 1601000.0
	386.424076324 353.15 1601000.0
	399.881795369 378.15 1601000.0
	412.800740621 403.15 1601000.0
	425.231040921 428.15 1601000.0
	437.214506655 453.15 1601000.0
	448.787208971 478.15 1601000.0
	459.981120995 503.15 1601000.0
	470.825136999 528.15 1601000.0
	481.345687747 553.15 1601000.0
	491.567103497 578.15 1601000.0
	501.51182803 603.15 1601000.0
	511.200551768 628.15 1601000.0
	520.652306578 653.15 1601000.0
	529.884547031 678.15 1601000.0
	538.913230966 703.15 1601000.0
	547.752904696 728.15 1601000.0
	556.416793805 753.15 1601000.0
	564.916898201 778.15 1601000.0
	573.264089163 803.15 1601000.0
	581.468205992 828.15 1601000.0
	589.538150121 853.15 1601000.0
	597.481975033 878.15 1601000.0
	605.306970785 903.15 1601000.0
	613.019742426 928.15 1601000.0
	620.626281946 953.15 1601000.0
	628.132033697 978.15 1601000.0
	635.541953452 1003.15 1601000.0
	642.860561397 1028.15 1601000.0
	650.091989456 1053.15 1601000.0
	657.240023406 1078.15 1601000.0
	664.308140234 1103.15 1601000.0
	671.299541223 1128.15 1601000.0
	678.217181186 1153.15 1601000.0
	685.063794293 1178.15 1601000.0
	691.841916869 1203.15 1601000.0
	325.725808364 253.15 1701000.0
	342.250351522 278.15 1701000.0
	357.816378959 303.15 1701000.0
	372.581619825 328.15 1701000.0
	386.658014817 353.15 1701000.0
	400.128350412 378.15 1701000.0
	413.056339257 403.15 1701000.0
	425.493004264 428.15 1701000.0
	437.4807994 453.15 1701000.0
	449.05626904 478.15 1701000.0
	460.251740508 503.15 1701000.0
	471.09637712 528.15 1701000.0
	481.616816493 553.15 1701000.0
	491.837549516 578.15 1701000.0
	501.781145714 603.15 1701000.0
	511.468394584 628.15 1701000.0
	520.918406467 653.15 1701000.0
	530.148698344 678.15 1701000.0
	539.175277848 703.15 1701000.0
	548.012731116 728.15 1701000.0
	556.67431564 753.15 1701000.0
	565.172056913 778.15 1701000.0
	573.516846744 803.15 1701000.0
	581.718540898 828.15 1701000.0
	589.786054 853.15 1701000.0
	597.727450078 878.15 1701000.0
	605.550027599 903.15 1701000.0
	613.260398285 928.15 1701000.0
	620.864559391 953.15 1701000.0
	628.367959391 978.15 1701000.0
	635.775557248 1003.15 1701000.0
	643.091875576 1028.15 1701000.0
	650.321048112 1053.15 1701000.0
	657.46686194 1078.15 1701000.0
	664.532794946 1103.15 1701000.0
	671.522048976 1128.15 1701000.0
	678.437579134 1153.15 1701000.0
	685.282119666 1178.15 1701000.0
	692.058206789 1203.15 1701000.0
	325.839912698 253.15 1801000.0
	342.411666642 278.15 1801000.0
	358.010920177 303.15 1801000.0
	372.799931556 328.15 1801000.0
	386.893467535 353.15 1801000.0
	400.376164499 378.15 1801000.0
	413.312992914 403.15 1801000.0
	425.755857843 428.15 1801000.0
	437.747848032 453.15 1801000.0
	449.325974514 478.15 1801000.0
	460.522913849 503.15 1801000.0
	471.368094609 528.15 1801000.0
	481.888358341 553.15 1801000.0
	492.108354287 578.15 1801000.0
	502.050775923 603.15 1801000.0
	511.736510403 628.15 1801000.0
	521.184745405 653.15 1801000.0
	530.413059402 678.15 1801000.0
	539.437509078 703.15 1801000.0
	548.27271979 728.15 1801000.0
	556.931980435 753.15 1801000.0
	565.427341683 778.15 1801000.0
	573.769715527 803.15 1801000.0
	581.968973912 828.15 1801000.0
	590.034044412 853.15 1801000.0
	597.973001401 878.15 1801000.0
	605.793151581 903.15 1801000.0
	613.501113202 928.15 1801000.0
	621.10288866 953.15 1801000.0
	628.603930444 978.15 1801000.0
	636.009200612 1003.15 1801000.0
	643.323224131 1028.15 1801000.0
	650.550136479 1053.15 1801000.0
	657.69372599 1078.15 1801000.0
	664.757471395 1103.15 1801000.0
	671.744575057 1128.15 1801000.0
	678.657992336 1153.15 1801000.0
	685.500457511 1178.15 1801000.0
	692.274506666 1203.15 1801000.0
	325.957505467 253.15 1901000.0
	342.575768189 278.15 1901000.0
	358.207710465 303.15 1901000.0
	373.020077689 328.15 1901000.0
	387.130431058 353.15 1901000.0
	400.625233897 378.15 1901000.0
	413.57069788 403.15 1901000.0
	426.019598134 428.15 1901000.0
	438.015649289 453.15 1901000.0
	449.596322415 478.15 1901000.0
	460.794638322 503.15 1901000.0
	471.640287035 528.15 1901000.0
	482.160311106 553.15 1901000.0
	492.379515847 578.15 1901000.0
	502.320716896 603.15 1901000.0
	512.004897644 628.15 1901000.0
	521.451321968 653.15 1901000.0
	530.677628923 678.15 1901000.0
	539.699923502 703.15 1901000.0
	548.532869676 728.15 1901000.0
	557.18978725 753.15 1901000.0
	565.682751658 778.15 1901000.0
	574.02269474 803.15 1901000.0
	582.219504331 828.15 1901000.0
	590.282120719 853.15 1901000.0
	598.218628419 878.15 1901000.0
	606.036342199 903.15 1901000.0
	613.741886691 928.15 1901000.0
	621.341269308 953.15 1901000.0
	628.839946447 978.15 1901000.0
	636.24288317 1003.15 1901000.0
	643.554606717 1028.15 1901000.0
	650.779254241 1053.15 1901000.0
	657.920615264 1078.15 1901000.0
	664.982169311 1103.15 1901000.0
	671.967119219 1128.15 1901000.0
	678.878420559 1153.15 1901000.0
	685.718807615 1178.15 1901000.0
	692.490816303 1203.15 1901000.0
	326.078601371 253.15 2001000.0
	342.742660803 278.15 2001000.0
	358.406749652 303.15 2001000.0
	373.242055799 328.15 2001000.0
	387.368901997 353.15 2001000.0
	400.875554908 378.15 2001000.0
	413.829450482 403.15 2001000.0
	426.28422165 428.15 2001000.0
	438.28419994 453.15 2001000.0
	449.867309794 478.15 2001000.0
	461.066911258 503.15 2001000.0
	471.912951994 528.15 2001000.0
	482.432672626 553.15 2001000.0
	492.651032255 578.15 2001000.0
	502.590966891 603.15 2001000.0
	512.27355474 628.15 2001000.0
	521.718134749 653.15 2001000.0
	530.94240564 678.15 2001000.0
	539.962519978 703.15 2001000.0
	548.793179741 728.15 2001000.0
	557.447735149 753.15 2001000.0
	565.938285992 778.15 2001000.0
	574.275783614 803.15 2001000.0
	582.470131459 828.15 2001000.0
	590.530282286 853.15 2001000.0
	598.464330554 878.15 2001000.0
	606.279598924 903.15 2001000.0
	613.982718269 928.15 2001000.0
	621.579700892 953.15 2001000.0
	629.076006993 978.15 2001000.0
	636.476604549 1003.15 2001000.0
	643.786022991 1028.15 2001000.0
	651.008401082 1053.15 2001000.0
	658.14752947 1078.15 2001000.0
	665.206888426 1103.15 2001000.0
	672.189681212 1128.15 2001000.0
	679.098863574 1153.15 2001000.0
	685.937169764 1178.15 2001000.0
	692.707135501 1203.15 2001000.0
	326.203215068 253.15 2101000.0
	342.912349099 278.15 2101000.0
	358.608037567 303.15 2101000.0
	373.465863482 328.15 2101000.0
	387.608876991 353.15 2101000.0
	401.127123869 378.15 2101000.0
	414.089247084 403.15 2101000.0
	426.549724939 428.15 2101000.0
	438.553496791 453.15 2101000.0
	450.138933734 478.15 2101000.0
	461.339730013 503.15 2101000.0
	472.186087105 528.15 2101000.0
	482.70544076 553.15 2101000.0
	492.92290159 578.15 2101000.0
	502.861524181 603.15 2101000.0
	512.542480142 628.15 2101000.0
	521.985182355 653.15 2101000.0
	531.207388299 678.15 2101000.0
	540.225297374 703.15 2101000.0
	549.053648964 728.15 2101000.0
	557.705823211 753.15 2101000.0
	566.193943849 778.15 2101000.0
	574.52898139 803.15 2101000.0
	582.720854603 828.15 2101000.0
	590.778528484 853.15 2101000.0
	598.710107231 878.15 2101000.0
	606.522921234 903.15 2101000.0
	614.223607456 928.15 2101000.0
	621.818182973 953.15 2101000.0
	629.31211168 978.15 2101000.0
	636.710364378 1003.15 2101000.0
	644.017472614 1028.15 2101000.0
	651.237576688 1053.15 2101000.0
	658.374468321 1078.15 2101000.0
	665.431628472 1103.15 2101000.0
	672.41226079 1128.15 2101000.0
	679.319321153 1153.15 2101000.0
	686.155543748 1178.15 2101000.0
	692.923464066 1203.15 2101000.0
	326.331361162 253.15 2201000.0
	343.084837653 278.15 2201000.0
	358.81157403 303.15 2201000.0
	373.691498347 328.15 2201000.0
	387.850352709 353.15 2201000.0
	401.37993715 378.15 2201000.0
	414.350084081 403.15 2201000.0
	426.816104583 428.15 2201000.0
	438.823536678 453.15 2201000.0
	450.411191347 478.15 2201000.0
	461.613091974 503.15 2201000.0
	472.45969001 528.15 2201000.0
	482.978613391 553.15 2201000.0
	493.195121948 578.15 2201000.0
	503.132387059 603.15 2201000.0
	512.811672314 628.15 2201000.0
	522.252463403 653.15 2201000.0
	531.472575657 678.15 2201000.0
	540.488254569 703.15 2201000.0
	549.314276333 728.15 2201000.0
	557.964050517 753.15 2201000.0
	566.449724399 778.15 2201000.0
	574.782287314 803.15 2201000.0
	582.97167308 828.15 2201000.0
	591.026858689 853.15 2201000.0
	598.955957884 878.15 2201000.0
	606.766308608 903.15 2201000.0
	614.464553778 928.15 2201000.0
	622.056715116 953.15 2201000.0
	629.548260109 978.15 2201000.0
	636.944162292 1003.15 2201000.0
	644.248955248 1028.15 2201000.0
	651.466780749 1053.15 2201000.0
	658.601431529 1078.15 2201000.0
	665.656389187 1103.15 2201000.0
	672.634857709 1128.15 2201000.0
	679.539793071 1153.15 2201000.0
	686.373929357 1178.15 2201000.0
	693.139801803 1203.15 2201000.0
	326.463054186 253.15 2301000.0
	343.260130999 278.15 2301000.0
	359.017358851 303.15 2301000.0
	373.918958014 328.15 2301000.0
	388.093325844 353.15 2301000.0
	401.633991152 378.15 2301000.0
	414.611957904 403.15 2301000.0
	427.083357197 428.15 2301000.0
	439.094316466 453.15 2301000.0
	450.684079773 478.15 2301000.0
	461.886994553 503.15 2301000.0
	472.733758379 528.15 2301000.0
	483.252188421 553.15 2301000.0
	493.467691447 578.15 2301000.0
	503.403553832 603.15 2301000.0
	513.081129737 628.15 2301000.0
	522.519976529 653.15 2301000.0
	531.737966481 678.15 2301000.0
	540.751390452 703.15 2301000.0
	549.575060844 728.15 2301000.0
	558.222416162 753.15 2301000.0
	566.705626819 778.15 2301000.0
	575.035700642 803.15 2301000.0
	583.222586212 828.15 2301000.0
	591.275272285 853.15 2301000.0
	599.201881947 878.15 2301000.0
	607.009760533 903.15 2301000.0
	614.705556764 928.15 2301000.0
	622.295296891 953.15 2301000.0
	629.784451885 978.15 2301000.0
	637.177997927 1003.15 2301000.0
	644.480470559 1028.15 2301000.0
	651.696012958 1053.15 2301000.0
	658.828418811 1078.15 2301000.0
	665.881170307 1103.15 2301000.0
	672.857471727 1128.15 2301000.0
	679.760279103 1153.15 2301000.0
	686.592326385 1178.15 2301000.0
	693.35614852 1203.15 2301000.0
	326.598308593 253.15 2401000.0
	343.438233619 278.15 2401000.0
	359.225391826 303.15 2401000.0
	374.148240115 328.15 2401000.0
	388.33779311 353.15 2401000.0
	401.889282307 378.15 2401000.0
	414.874865016 403.15 2401000.0
	427.351479428 428.15 2401000.0
	439.365833054 453.15 2401000.0
	450.957596182 478.15 2401000.0
	462.161435186 503.15 2401000.0
	473.008289901 528.15 2401000.0
	483.526163774 553.15 2401000.0
	493.740608222 578.15 2401000.0
	503.675022828 603.15 2401000.0
	513.350850906 628.15 2401000.0
	522.787720378 653.15 2401000.0
	532.003559554 678.15 2401000.0
	541.014703925 703.15 2401000.0
	549.836001506 728.15 2401000.0
	558.480919248 753.15 2401000.0
	566.961650295 778.15 2401000.0
	575.289220633 803.15 2401000.0
	583.473593326 828.15 2401000.0
	591.523768658 853.15 2401000.0
	599.447878864 878.15 2401000.0
	607.253276498 903.15 2401000.0
	614.946615948 928.15 2401000.0
	622.533927869 953.15 2401000.0
	630.020686615 978.15 2401000.0
	637.411870923 1003.15 2401000.0
	644.712018216 1028.15 2401000.0
	651.925273009 1053.15 2401000.0
	659.055429885 1078.15 2401000.0
	666.105971573 1103.15 2401000.0
	673.080102604 1128.15 2401000.0
	679.980779026 1153.15 2401000.0
	686.810734624 1178.15 2401000.0
	693.572504026 1203.15 2401000.0
	326.737138742 253.15 2501000.0
	343.619149938 278.15 2501000.0
	359.435672728 303.15 2501000.0
	374.379342284 328.15 2501000.0
	388.583751244 353.15 2501000.0
	402.145807072 378.15 2501000.0
	415.13880191 403.15 2501000.0
	427.620467953 428.15 2501000.0
	439.63808337 453.15 2501000.0
	451.231737771 478.15 2501000.0
	462.436411336 503.15 2501000.0
	473.28328229 528.15 2501000.0
	483.800537396 553.15 2501000.0
	494.013870427 578.15 2501000.0
	503.946792387 603.15 2501000.0
	513.620834331 628.15 2501000.0
	523.055693609 653.15 2501000.0
	532.269353668 678.15 2501000.0
	541.278193899 703.15 2501000.0
	550.097097333 728.15 2501000.0
	558.739558882 753.15 2501000.0
	567.217794021 778.15 2501000.0
	575.542846556 803.15 2501000.0
	583.724693756 828.15 2501000.0
	591.772347203 853.15 2501000.0
	599.69394808 878.15 2501000.0
	607.496855997 903.15 2501000.0
	615.187730866 928.15 2501000.0
	622.772607626 953.15 2501000.0
	630.256963911 978.15 2501000.0
	637.645780922 1003.15 2501000.0
	644.94359789 1028.15 2501000.0
	652.154560599 1053.15 2501000.0
	659.282464472 1078.15 2501000.0
	666.330792727 1103.15 2501000.0
	673.3027501 1128.15 2501000.0
	680.201292621 1153.15 2501000.0
	687.029153871 1178.15 2501000.0
	693.788868131 1203.15 2501000.0
	326.879558885 253.15 2601000.0
	343.802884315 278.15 2601000.0
	359.648201311 303.15 2601000.0
	374.612262161 328.15 2601000.0
	388.831196999 353.15 2601000.0
	402.403561933 378.15 2601000.0
	415.403765108 403.15 2601000.0
	427.89031948 428.15 2601000.0
	439.911064368 453.15 2601000.0
	451.506501761 478.15 2601000.0
	462.711920491 503.15 2601000.0
	473.558733283 528.15 2601000.0
	484.07530725 553.15 2601000.0
	494.287476235 578.15 2601000.0
	504.218860868 603.15 2601000.0
	513.891078537 628.15 2601000.0
	523.323894897 653.15 2601000.0
	532.535347628 678.15 2601000.0
	541.541859294 703.15 2601000.0
	550.358347351 728.15 2601000.0
	558.998334185 753.15 2601000.0
	567.474057196 778.15 2601000.0
	575.796577683 803.15 2601000.0
	583.975886842 828.15 2601000.0
	592.021007319 853.15 2601000.0
	599.940089047 878.15 2601000.0
	607.74049853 903.15 2601000.0
	615.428901061 928.15 2601000.0
	623.011335743 953.15 2601000.0
	630.493283387 978.15 2601000.0
	637.87972757 1003.15 2601000.0
	645.175209254 1028.15 2601000.0
	652.383875427 1053.15 2601000.0
	659.509522295 1078.15 2601000.0
	666.555633513 1103.15 2601000.0
	673.52541398 1128.15 2601000.0
	680.421819668 1153.15 2601000.0
	687.247583922 1178.15 2601000.0
	694.005240647 1203.15 2601000.0
	327.025583154 253.15 2701000.0
	343.98944104 278.15 2701000.0
	359.862977297 303.15 2701000.0
	374.846997386 328.15 2701000.0
	389.080127149 353.15 2701000.0
	402.6625434 378.15 2701000.0
	415.669751162 403.15 2701000.0
	428.161030745 428.15 2701000.0
	440.184773033 453.15 2701000.0
	451.781885405 478.15 2701000.0
	462.987960161 503.15 2701000.0
	473.834640636 528.15 2701000.0
	484.350471322 553.15 2701000.0
	494.561423834 578.15 2701000.0
	504.491226645 603.15 2701000.0
	514.161582062 628.15 2701000.0
	523.592322925 653.15 2701000.0
	532.801540249 678.15 2701000.0
	541.805699042 703.15 2701000.0
	550.619750596 728.15 2701000.0
	559.257244282 753.15 2701000.0
	567.73043903 778.15 2701000.0
	576.050413297 803.15 2701000.0
	584.227171931 828.15 2701000.0
	592.269748408 853.15 2701000.0
	600.186301223 878.15 2701000.0
	607.9842036 903.15 2701000.0
	615.670126078 928.15 2701000.0
	623.250111803 953.15 2701000.0
	630.729644661 978.15 2701000.0
	638.113710517 1003.15 2701000.0
	645.406851986 1028.15 2701000.0
	652.613217197 1053.15 2701000.0
	659.736603079 1078.15 2701000.0
	666.780493677 1103.15 2701000.0
	673.748094009 1128.15 2701000.0
	680.642359951 1153.15 2701000.0
	687.466024577 1178.15 2701000.0
	694.221621388 1203.15 2701000.0
	327.175225553 253.15 2801000.0
	344.178824325 278.15 2801000.0
	360.080000379 303.15 2801000.0
	375.083545598 328.15 2801000.0
	389.330538478 353.15 2801000.0
	402.922748007 378.15 2801000.0
	415.93675665 403.15 2801000.0
	428.432598514 428.15 2801000.0
	440.459206377 453.15 2801000.0
	452.057885976 478.15 2801000.0
	463.264527882 503.15 2801000.0
	474.11100213 528.15 2801000.0
	484.626027615 553.15 2801000.0
	494.835711433 578.15 2801000.0
	504.763888107 603.15 2801000.0
	514.432343459 628.15 2801000.0
	523.860976391 653.15 2801000.0
	533.067930357 678.15 2801000.0
	542.069712086 703.15 2801000.0
	550.881306109 728.15 2801000.0
	559.516288306 753.15 2801000.0
	567.986938736 778.15 2801000.0
	576.304352684 803.15 2801000.0
	584.478548373 828.15 2801000.0
	592.518569881 853.15 2801000.0
	600.432584066 878.15 2801000.0
	608.227970715 903.15 2801000.0
	615.911405466 928.15 2801000.0
	623.488935393 953.15 2801000.0
	630.966047352 978.15 2801000.0
	638.347729412 1003.15 2801000.0
	645.638525764 1028.15 2801000.0
	652.842585612 1053.15 2801000.0
	659.963706552 1078.15 2801000.0
	667.005372967 1103.15 2801000.0
	673.970789954 1128.15 2801000.0
	680.862913253 1153.15 2801000.0
	687.684475635 1178.15 2801000.0
	694.438010168 1203.15 2801000.0
	327.328499939 253.15 2901000.0
	344.371038296 278.15 2901000.0
	360.299270214 303.15 2901000.0
	375.321904429 328.15 2901000.0
	389.582427787 353.15 2901000.0
	403.18417231 378.15 2901000.0
	416.204778177 403.15 2901000.0
	428.705019578 428.15 2901000.0
	440.734361436 453.15 2901000.0
	452.334500775 478.15 2901000.0
	463.541621213 503.15 2901000.0
	474.387815564 528.15 2901000.0
	484.901974152 553.15 2901000.0
	495.110337255 578.15 2901000.0
	505.03684366 603.15 2901000.0
	514.703361295 628.15 2901000.0
	524.129854006 653.15 2901000.0
	533.334516791 678.15 2901000.0
	542.333897375 703.15 2901000.0
	551.143012945 728.15 2901000.0
	559.775465402 753.15 2901000.0
	568.243555538 778.15 2901000.0
	576.558395138 803.15 2901000.0
	584.730015527 828.15 2901000.0
	592.767471153 853.15 2901000.0
	600.678937044 878.15 2901000.0
	608.471799385 903.15 2901000.0
	616.152738778 928.15 2901000.0
	623.727806103 953.15 2901000.0
	631.202491086 978.15 2901000.0
	638.581783911 1003.15 2901000.0
	645.870230271 1028.15 2901000.0
	653.071980379 1053.15 2901000.0
	660.190832442 1078.15 2901000.0
	667.230271134 1103.15 2901000.0
	674.193501584 1128.15 2901000.0
	681.08347936 1153.15 2901000.0
	687.9029369 1178.15 2901000.0
	694.654406804 1203.15 2901000.0
	327.485420018 253.15 3001000.0
	344.566086992 278.15 3001000.0
	360.52078642 303.15 3001000.0
	375.562071506 328.15 3001000.0
	389.835791885 353.15 3001000.0
	403.446812886 378.15 3001000.0
	416.473812371 403.15 3001000.0
	428.978290756 428.15 3001000.0
	441.010235275 453.15 3001000.0
	452.611727127 478.15 3001000.0
	463.819237732 503.15 3001000.0
	474.665078761 528.15 3001000.0
	485.178308976 553.15 3001000.0
	495.385299542 578.15 3001000.0
	505.310091724 603.15 3001000.0
	514.974634149 628.15 3001000.0
	524.398954493 653.15 3001000.0
	533.6012984 678.15 3001000.0
	542.598253872 703.15 3001000.0
	551.404870163 728.15 3001000.0
	560.034774718 753.15 3001000.0
	568.500288665 778.15 3001000.0
	576.812539959 803.15 3001000.0
	584.981572755 828.15 3001000.0
	593.016451642 853.15 3001000.0
	600.925359627 878.15 3001000.0
	608.715689127 903.15 3001000.0
	616.394125571 928.15 3001000.0
	623.966723526 953.15 3001000.0
	631.43897549 978.15 3001000.0
	638.81587367 1003.15 3001000.0
	646.101965191 1028.15 3001000.0
	653.301401208 1053.15 3001000.0
	660.417980483 1078.15 3001000.0
	667.45518793 1103.15 3001000.0
	674.41622867 1128.15 3001000.0
	681.304058062 1153.15 3001000.0
	688.121408173 1178.15 3001000.0
	694.870811113 1203.15 3001000.0
	327.645999328 253.15 3101000.0
	344.763974354 278.15 3101000.0
	360.744548571 303.15 3101000.0
	375.804044446 328.15 3101000.0
	390.090627594 353.15 3101000.0
	403.71066633 378.15 3101000.0
	416.743855887 403.15 3101000.0
	429.25240889 428.15 3101000.0
	441.286824982 453.15 3101000.0
	452.88956238 478.15 3101000.0
	464.097375045 503.15 3101000.0
	474.942789562 528.15 3101000.0
	485.455030145 553.15 3101000.0
	495.660596552 578.15 3101000.0
	505.583630734 603.15 3101000.0
	515.246160614 628.15 3101000.0
	524.668276584 653.15 3101000.0
	533.868274042 678.15 3101000.0
	542.862780547 703.15 3101000.0
	551.666876834 728.15 3101000.0
	560.294215412 753.15 3101000.0
	568.757137352 778.15 3101000.0
	577.066786453 803.15 3101000.0
	585.233219426 828.15 3101000.0
	593.265510774 853.15 3101000.0
	601.17185129 878.15 3101000.0
	608.959639461 903.15 3101000.0
	616.635565406 928.15 3101000.0
	624.205687261 953.15 3101000.0
	631.675500193 978.15 3101000.0
	639.049998351 1003.15 3101000.0
	646.333730212 1028.15 3101000.0
	653.530847811 1053.15 3101000.0
	660.645150407 1078.15 3101000.0
	667.680123109 1103.15 3101000.0
	674.638970985 1128.15 3101000.0
	681.524649146 1153.15 3101000.0
	688.33988926 1178.15 3101000.0
	695.087222914 1203.15 3101000.0
	327.81025123 253.15 3201000.0
	344.964704221 278.15 3201000.0
	360.970556197 303.15 3201000.0
	376.047820854 328.15 3201000.0
	390.346931742 353.15 3201000.0
	403.975729256 378.15 3201000.0
	417.014905401 403.15 3201000.0
	429.527370848 428.15 3201000.0
	441.56412767 453.15 3201000.0
	453.168003907 478.15 3201000.0
	464.376030774 503.15 3201000.0
	475.220945827 528.15 3201000.0
	485.732135739 553.15 3201000.0
	495.936226558 578.15 3201000.0
	505.85745914 603.15 3201000.0
	515.517939298 628.15 3201000.0
	524.937819026 653.15 3201000.0
	534.135442589 678.15 3201000.0
	543.12747638 703.15 3201000.0
	551.929032035 728.15 3201000.0
	560.553786649 753.15 3201000.0
	569.014100843 778.15 3201000.0
	577.321133932 803.15 3201000.0
	585.484954915 828.15 3201000.0
	593.514647978 853.15 3201000.0
	601.418411512 878.15 3201000.0
	609.203649912 903.15 3201000.0
	616.877057847 928.15 3201000.0
	624.444696907 953.15 3201000.0
	631.912064828 978.15 3201000.0
	639.284157615 1003.15 3201000.0
	646.565525022 1028.15 3201000.0
	653.7603199 1053.15 3201000.0
	660.872341951 1078.15 3201000.0
	667.905076427 1103.15 3201000.0
	674.861728303 1128.15 3201000.0
	681.745252405 1153.15 3201000.0
	688.558379968 1178.15 3201000.0
	695.303642028 1203.15 3201000.0
	327.978188897 253.15 3301000.0
	345.168280326 278.15 3301000.0
	361.198808778 303.15 3301000.0
	376.293398322 328.15 3301000.0
	390.604701161 353.15 3301000.0
	404.241998297 378.15 3301000.0
	417.286957611 403.15 3301000.0
	429.803173523 428.15 3301000.0
	441.842140476 453.15 3301000.0
	453.447049102 478.15 3301000.0
	464.655202566 503.15 3301000.0
	475.499545438 528.15 3301000.0
	486.009623852 553.15 3301000.0
	496.212187851 578.15 3301000.0
	506.131575406 603.15 3301000.0
	515.789968819 628.15 3301000.0
	525.207580577 653.15 3301000.0
	534.402802919 678.15 3301000.0
	543.392340361 703.15 3301000.0
	552.191334854 728.15 3301000.0
	560.813487603 753.15 3301000.0
	569.271178387 778.15 3301000.0
	577.575581716 803.15 3301000.0
	585.736778601 828.15 3301000.0
	593.76386269 853.15 3301000.0
	601.665039777 878.15 3301000.0
	609.447720007 903.15 3301000.0
	617.118602461 928.15 3301000.0
	624.683752069 953.15 3301000.0
	632.148669034 978.15 3301000.0
	639.518351129 1003.15 3301000.0
	646.797349314 1028.15 3301000.0
	653.989817192 1053.15 3301000.0
	661.099554852 1078.15 3301000.0
	668.130047643 1103.15 3301000.0
	675.0845004 1128.15 3301000.0
	681.96586763 1153.15 3301000.0
	688.776880104 1178.15 3301000.0
	695.520068276 1203.15 3301000.0
	328.149825301 253.15 3401000.0
	345.374706288 278.15 3401000.0
	361.42930574 303.15 3401000.0
	376.540774423 328.15 3401000.0
	390.863932691 353.15 3401000.0
	404.509470099 378.15 3401000.0
	417.560009237 403.15 3401000.0
	430.07981383 428.15 3401000.0
	442.120860559 453.15 3401000.0
	453.726695382 478.15 3401000.0
	464.934888087 503.15 3401000.0
	475.778586293 528.15 3401000.0
	486.287492598 553.15 3401000.0
	496.488478736 578.15 3401000.0
	506.405978009 603.15 3401000.0
	516.06224781 628.15 3401000.0
	525.477560005 653.15 3401000.0
	534.670353924 678.15 3401000.0
	543.657371488 703.15 3401000.0
	552.453784384 728.15 3401000.0
	561.073317454 753.15 3401000.0
	569.528369241 778.15 3401000.0
	577.830129128 803.15 3401000.0
	585.988689869 828.15 3401000.0
	594.013154349 853.15 3401000.0
	601.911735573 878.15 3401000.0
	609.691849278 903.15 3401000.0
	617.360198822 928.15 3401000.0
	624.922852354 953.15 3401000.0
	632.385312447 978.15 3401000.0
	639.75257856 1003.15 3401000.0
	647.029202783 1028.15 3401000.0
	654.219339407 1053.15 3401000.0
	661.326788852 1078.15 3401000.0
	668.355036515 1103.15 3401000.0
	675.307287054 1128.15 3401000.0
	682.186494618 1153.15 3401000.0
	688.995389477 1178.15 3401000.0
	695.736501481 1203.15 3401000.0
	328.325173208 253.15 3501000.0
	345.583985606 278.15 3501000.0
	361.662046454 303.15 3501000.0
	376.789946716 328.15 3501000.0
	391.124623174 353.15 3501000.0
	404.778141323 378.15 3501000.0
	417.834057018 403.15 3501000.0
	430.357288705 428.15 3501000.0
	442.400285103 453.15 3501000.0
	454.006940184 478.15 3501000.0
	465.215085024 503.15 3501000.0
	476.058066312 528.15 3501000.0
	486.565740108 553.15 3501000.0
	496.765097534 578.15 3501000.0
	506.680665443 603.15 3501000.0
	516.334774916 628.15 3501000.0
	525.747756091 653.15 3501000.0
	534.938094505 678.15 3501000.0
	543.922568769 703.15 3501000.0
	552.71637973 728.15 3501000.0
	561.333275389 753.15 3501000.0
	569.785672669 778.15 3501000.0
	578.084775499 803.15 3501000.0
	586.240688111 828.15 3501000.0
	594.262522398 853.15 3501000.0
	602.158498395 878.15 3501000.0
	609.936037263 903.15 3501000.0
	617.601846503 928.15 3501000.0
	625.161997371 953.15 3501000.0
	632.621994712 978.15 3501000.0
	639.986839581 1003.15 3501000.0
	647.261085126 1028.15 3501000.0
	654.448886264 1053.15 3501000.0
	661.554043692 1078.15 3501000.0
	668.580042806 1103.15 3501000.0
	675.530088045 1128.15 3501000.0
	682.407133162 1153.15 3501000.0
	689.213907899 1178.15 3501000.0
	695.952941469 1203.15 3501000.0
	328.504245159 253.15 3601000.0
	345.796121657 278.15 3601000.0
	361.897030232 303.15 3601000.0
	377.040912736 328.15 3601000.0
	391.386769454 353.15 3601000.0
	405.048008643 378.15 3601000.0
	418.109097713 403.15 3601000.0
	430.635595106 428.15 3601000.0
	442.68041131 453.15 3601000.0
	454.287780968 478.15 3601000.0
	465.495791082 503.15 3601000.0
	476.337983431 528.15 3601000.0
	486.844364527 553.15 3601000.0
	497.042042582 578.15 3601000.0
	506.955636213 603.15 3601000.0
	516.607548792 628.15 3601000.0
	526.018167627 653.15 3601000.0
	535.206023572 678.15 3601000.0
	544.187931221 703.15 3601000.0
	552.979120001 728.15 3601000.0
	561.593360603 753.15 3601000.0
	570.043087939 778.15 3601000.0
	578.339520165 803.15 3601000.0
	586.492772722 828.15 3601000.0
	594.511966289 853.15 3601000.0
	602.405327737 878.15 3601000.0
	610.1802835 903.15 3601000.0
	617.843545084 928.15 3601000.0
	625.401186736 953.15 3601000.0
	632.858715473 978.15 3601000.0
	640.221133863 1003.15 3601000.0
	647.492996043 1028.15 3601000.0
	654.678457487 1053.15 3601000.0
	661.781319117 1078.15 3601000.0
	668.80506628 1103.15 3601000.0
	675.752903154 1128.15 3601000.0
	682.627783061 1153.15 3601000.0
	689.432435182 1178.15 3601000.0
	696.169388064 1203.15 3601000.0
	328.687053468 253.15 3701000.0
	346.011117691 278.15 3701000.0
	362.134256324 303.15 3701000.0
	377.293669999 328.15 3701000.0
	391.650368373 353.15 3701000.0
	405.319068746 378.15 3701000.0
	418.385128098 403.15 3701000.0
	430.914730012 428.15 3701000.0
	442.961236406 453.15 3701000.0
	454.569215214 478.15 3701000.0
	465.777003988 503.15 3701000.0
	476.618335604 528.15 3701000.0
	487.123364018 553.15 3701000.0
	497.319312231 578.15 3701000.0
	507.230888838 603.15 3701000.0
	516.880568109 628.15 3701000.0
	526.288793413 653.15 3701000.0
	535.474140045 678.15 3701000.0
	544.45345787 703.15 3701000.0
	553.242004316 728.15 3701000.0
	561.853572298 753.15 3701000.0
	570.300614328 778.15 3701000.0
	578.594362468 803.15 3701000.0
	586.744943103 828.15 3701000.0
	594.761485474 853.15 3701000.0
	602.652223103 878.15 3701000.0
	610.424587534 903.15 3701000.0
	618.085294148 928.15 3701000.0
	625.640420065 953.15 3701000.0
	633.095474378 978.15 3701000.0
	640.455461085 1003.15 3701000.0
	647.724935234 1028.15 3701000.0
	654.908052801 1053.15 3701000.0
	662.008614872 1078.15 3701000.0
	669.030106703 1103.15 3701000.0
	675.975732164 1128.15 3701000.0
	682.848444115 1153.15 3701000.0
	689.650971139 1178.15 3701000.0
	696.385841094 1203.15 3701000.0
	328.873610209 253.15 3801000.0
	346.22897682 278.15 3801000.0
	362.373723916 303.15 3801000.0
	377.548215993 328.15 3801000.0
	391.915416773 353.15 3801000.0
	405.591318331 378.15 3801000.0
	418.662144967 403.15 3801000.0
	431.194690423 428.15 3801000.0
	443.242757636 453.15 3801000.0
	454.851240421 478.15 3801000.0
	466.058721485 503.15 3801000.0
	476.899120804 528.15 3801000.0
	487.402736762 553.15 3801000.0
	497.596904846 578.15 3801000.0
	507.50642185 603.15 3801000.0
	517.153831546 628.15 3801000.0
	526.559632263 653.15 3801000.0
	535.742442854 678.15 3801000.0
	544.719147748 703.15 3801000.0
	553.505031803 728.15 3801000.0
	562.113909683 753.15 3801000.0
	570.558251118 778.15 3801000.0
	578.849301756 803.15 3801000.0
	586.99719866 828.15 3801000.0
	595.011079412 853.15 3801000.0
	602.899183998 878.15 3801000.0
	610.668948914 903.15 3801000.0
	618.327093279 928.15 3801000.0
	625.879696978 953.15 3801000.0
	633.332271078 978.15 3801000.0
	640.689820924 1003.15 3801000.0
	647.956902406 1028.15 3801000.0
	655.137671933 1053.15 3801000.0
	662.235930707 1078.15 3801000.0
	669.255163841 1103.15 3801000.0
	676.198574861 1128.15 3801000.0
	683.069116123 1153.15 3801000.0
	689.869515586 1178.15 3801000.0
	696.602300387 1203.15 3801000.0
	329.063927203 253.15 3901000.0
	346.449702022 278.15 3901000.0
	362.615432125 303.15 3901000.0
	377.804548183 328.15 3901000.0
	392.181911495 353.15 3901000.0
	405.864754104 378.15 3901000.0
	418.940145131 403.15 3901000.0
	431.475473357 428.15 3901000.0
	443.524972266 453.15 3901000.0
	455.133854109 478.15 3901000.0
	466.340941337 503.15 3901000.0
	477.180337019 528.15 3901000.0
	487.682480953 553.15 3901000.0
	497.874818807 578.15 3901000.0
	507.782233796 603.15 3901000.0
	517.427337797 628.15 3901000.0
	526.830683 653.15 3901000.0
	536.01093094 678.15 3901000.0
	544.9849999 703.15 3901000.0
	553.768201596 728.15 3901000.0
	562.374371975 753.15 3901000.0
	570.815997598 778.15 3901000.0
	579.104337383 803.15 3901000.0
	587.249538805 828.15 3901000.0
	595.260747567 853.15 3901000.0
	603.146209931 878.15 3901000.0
	610.913367189 903.15 3901000.0
	618.568942068 928.15 3901000.0
	626.119017098 953.15 3901000.0
	633.569105227 978.15 3901000.0
	640.924213064 1003.15 3901000.0
	648.188897264 1028.15 3901000.0
	655.367314613 1053.15 3901000.0
	662.463266372 1078.15 3901000.0
	669.480237464 1103.15 3901000.0
	676.42143103 1128.15 3901000.0
	683.289798888 1153.15 3901000.0
	690.088068339 1178.15 3901000.0
	696.818765773 1203.15 3901000.0
	329.258016015 253.15 4001000.0
	346.67329613 278.15 4001000.0
	362.85938 303.15 4001000.0
	378.062664006 328.15 4001000.0
	392.449849373 353.15 4001000.0
	406.139372783 378.15 4001000.0
	419.219125415 403.15 4001000.0
	431.757075849 428.15 4001000.0
	443.80787758 453.15 4001000.0
	455.417053817 478.15 4001000.0
	466.623661326 503.15 4001000.0
	477.461982256 528.15 4001000.0
	487.962594801 553.15 4001000.0
	498.153052509 578.15 4001000.0
	508.058323232 603.15 4001000.0
	517.701085566 628.15 4001000.0
	527.101944459 653.15 4001000.0
	536.27960325 678.15 4001000.0
	545.251013375 703.15 4001000.0
	554.031512836 728.15 4001000.0
	562.634958395 753.15 4001000.0
	571.073853062 778.15 4001000.0
	579.359468707 803.15 4001000.0
	587.501962954 828.15 4001000.0
	595.510489406 853.15 4001000.0
	603.393300416 878.15 4001000.0
	611.157841917 903.15 4001000.0
	618.810840106 928.15 4001000.0
	626.358380052 953.15 4001000.0
	633.805976482 978.15 4001000.0
	641.158637186 1003.15 4001000.0
	648.420919517 1028.15 4001000.0
	655.596980572 1053.15 4001000.0
	662.690621619 1078.15 4001000.0
	669.705327342 1103.15 4001000.0
	676.64430046 1128.15 4001000.0
	683.510492213 1153.15 4001000.0
	690.306629216 1178.15 4001000.0
	697.035237084 1203.15 4001000.0
	329.455887939 253.15 4101000.0
	346.899761829 278.15 4101000.0
	363.105566515 303.15 4101000.0
	378.322560867 328.15 4101000.0
	392.719227239 353.15 4101000.0
	406.415171092 378.15 4101000.0
	419.499082661 403.15 4101000.0
	432.039494956 428.15 4101000.0
	444.091470883 453.15 4101000.0
	455.700837101 478.15 4101000.0
	466.90687925 503.15 4101000.0
	477.744054536 528.15 4101000.0
	488.243076531 553.15 4101000.0
	498.431604359 578.15 4101000.0
	508.33468873 603.15 4101000.0
	517.975073567 628.15 4101000.0
	527.373415483 653.15 4101000.0
	536.548458743 678.15 4101000.0
	545.517187235 703.15 4101000.0
	554.294964673 728.15 4101000.0
	562.895668173 753.15 4101000.0
	571.331816811 778.15 4101000.0
	579.614695093 803.15 4101000.0
	587.754470529 828.15 4101000.0
	595.760304402 853.15 4101000.0
	603.640454972 878.15 4101000.0
	611.402372655 903.15 4101000.0
	619.052786991 928.15 4101000.0
	626.597785468 953.15 4101000.0
	634.042884503 978.15 4101000.0
	641.39309298 1003.15 4101000.0
	648.652968878 1028.15 4101000.0
	655.826669545 1053.15 4101000.0
	662.917996202 1078.15 4101000.0
	669.93043325 1103.15 4101000.0
	676.86718294 1128.15 4101000.0
	683.731195904 1153.15 4101000.0
	690.525198036 1178.15 4101000.0
	697.251714151 1203.15 4101000.0
	329.657553993 253.15 4201000.0
	347.129101654 278.15 4201000.0
	363.35399057 303.15 4201000.0
	378.584236144 328.15 4201000.0
	392.990041916 353.15 4201000.0
	406.692145763 378.15 4201000.0
	419.780013722 403.15 4201000.0
	432.322727747 428.15 4201000.0
	444.375749497 453.15 4201000.0
	455.985201536 478.15 4201000.0
	467.190592924 503.15 4201000.0
	478.026551899 528.15 4201000.0
	488.523924385 553.15 4201000.0
	498.710472778 578.15 4201000.0
	508.611328872 603.15 4201000.0
	518.249300529 628.15 4201000.0
	527.645094925 653.15 4201000.0
	536.817496387 678.15 4201000.0
	545.783520545 703.15 4201000.0
	554.558556264 728.15 4201000.0
	563.156500545 753.15 4201000.0
	571.589888151 778.15 4201000.0
	579.87001591 803.15 4201000.0
	588.007060956 828.15 4201000.0
	596.010192031 853.15 4201000.0
	603.88767312 878.15 4201000.0
	611.646958967 903.15 4201000.0
	619.294782321 928.15 4201000.0
	626.83723298 953.15 4201000.0
	634.279828951 978.15 4201000.0
	641.627580133 1003.15 4201000.0
	648.88504506 1028.15 4201000.0
	656.056381268 1053.15 4201000.0
	663.145389877 1078.15 4201000.0
	670.155554961 1103.15 4201000.0
	677.090078262 1128.15 4201000.0
	683.951909768 1153.15 4201000.0
	690.743774621 1178.15 4201000.0
	697.468196807 1203.15 4201000.0
	329.863024909 253.15 4301000.0
	347.361317983 278.15 4301000.0
	363.604650988 303.15 4301000.0
	378.847687178 328.15 4301000.0
	393.262290221 353.15 4301000.0
	406.970293535 378.15 4301000.0
	420.061915467 403.15 4301000.0
	432.606771312 428.15 4301000.0
	444.660710761 453.15 4301000.0
	456.270144716 478.15 4301000.0
	467.474800183 503.15 4301000.0
	478.3094724 528.15 4301000.0
	488.805136616 553.15 4301000.0
	498.989656202 578.15 4301000.0
	508.888242254 603.15 4301000.0
	518.523765187 628.15 4301000.0
	527.916981652 653.15 4301000.0
	537.086715157 678.15 4301000.0
	546.050012383 703.15 4301000.0
	554.822286772 728.15 4301000.0
	563.417454755 753.15 4301000.0
	571.848066397 778.15 4301000.0
	580.125430534 803.15 4301000.0
	588.259733665 828.15 4301000.0
	596.260151774 853.15 4301000.0
	604.134954386 878.15 4301000.0
	611.89160042 903.15 4301000.0
	619.536825699 928.15 4301000.0
	627.076722222 953.15 4301000.0
	634.516809491 978.15 4301000.0
	641.862098337 1003.15 4301000.0
	649.117147778 1028.15 4301000.0
	656.286115478 1053.15 4301000.0
	663.372802402 1078.15 4301000.0
	670.380692251 1103.15 4301000.0
	677.312986219 1128.15 4301000.0
	684.172633612 1153.15 4301000.0
	690.962358793 1178.15 4301000.0
	697.684684889 1203.15 4301000.0
	330.072311123 253.15 4401000.0
	347.596413036 278.15 4401000.0
	363.857546511 303.15 4401000.0
	379.112911279 328.15 4401000.0
	393.535968961 353.15 4401000.0
	407.24961115 378.15 4401000.0
	420.344784776 403.15 4401000.0
	432.891622755 428.15 4401000.0
	444.946352032 453.15 4401000.0
	456.555664249 478.15 4401000.0
	467.759498875 503.15 4401000.0
	478.592814107 528.15 4401000.0
	489.086711496 553.15 4401000.0
	499.269153079 578.15 4401000.0
	509.165427484 603.15 4401000.0
	518.798466292 628.15 4401000.0
	528.189074535 653.15 4401000.0
	537.356114038 678.15 4401000.0
	546.31666183 703.15 4401000.0
	555.08615537 728.15 4401000.0
	563.678530051 753.15 4401000.0
	572.106350866 778.15 4401000.0
	580.380938347 803.15 4401000.0
	588.512488094 828.15 4401000.0
	596.510183118 853.15 4401000.0
	604.382298301 878.15 4401000.0
	612.136296582 903.15 4401000.0
	619.778916731 928.15 4401000.0
	627.316252834 953.15 4401000.0
	634.753825792 978.15 4401000.0
	642.096647288 1003.15 4401000.0
	649.349276752 1028.15 4401000.0
	656.515871915 1053.15 4401000.0
	663.600233538 1078.15 4401000.0
	670.605844899 1103.15 4401000.0
	677.535906605 1128.15 4401000.0
	684.393367246 1153.15 4401000.0
	691.180950374 1178.15 4401000.0
	697.901178231 1203.15 4401000.0
	330.285422769 253.15 4501000.0
	347.834388868 278.15 4501000.0
	364.112675802 303.15 4501000.0
	379.37990572 328.15 4501000.0
	393.811074934 353.15 4501000.0
	407.530095356 378.15 4501000.0
	420.628618542 403.15 4501000.0
	433.177279196 428.15 4501000.0
	445.232670684 453.15 4501000.0
	456.841757762 478.15 4501000.0
	468.044686866 503.15 4501000.0
	478.876575106 528.15 4501000.0
	489.368647306 553.15 4501000.0
	499.548961869 578.15 4501000.0
	509.442883178 603.15 4501000.0
	519.073402601 628.15 4501000.0
	528.461372458 653.15 4501000.0
	537.625692024 678.15 4501000.0
	546.58346798 703.15 4501000.0
	555.350161236 728.15 4501000.0
	563.939725688 753.15 4501000.0
	572.364740883 778.15 4501000.0
	580.636538732 803.15 4501000.0
	588.765323682 828.15 4501000.0
	596.760285551 853.15 4501000.0
	604.629704398 878.15 4501000.0
	612.381047027 903.15 4501000.0
	620.021055026 928.15 4501000.0
	627.555824456 953.15 4501000.0
	634.990877524 978.15 4501000.0
	642.33122668 1003.15 4501000.0
	649.581431701 1028.15 4501000.0
	656.745650323 1053.15 4501000.0
	663.827683047 1078.15 4501000.0
	670.831012684 1103.15 4501000.0
	677.758839216 1128.15 4501000.0
	684.614110482 1153.15 4501000.0
	691.399549189 1178.15 4501000.0
	698.117676671 1203.15 4501000.0
	330.502369671 253.15 4601000.0
	348.075247369 278.15 4601000.0
	364.370037436 303.15 4601000.0
	379.648667737 328.15 4601000.0
	394.087604927 353.15 4601000.0
	407.811742904 378.15 4601000.0
	420.913413668 403.15 4601000.0
	433.463737768 428.15 4601000.0
	445.519664106 453.15 4601000.0
	457.1284229 478.15 4601000.0
	468.330362039 503.15 4601000.0
	479.160753497 528.15 4601000.0
	489.650942343 553.15 4601000.0
	499.829081045 578.15 4601000.0
	509.720607969 603.15 4601000.0
	519.348572884 628.15 4601000.0
	528.733874315 653.15 4601000.0
	537.895448118 678.15 4601000.0
	546.850429931 703.15 4601000.0
	555.614303554 728.15 4601000.0
	564.20104093 753.15 4601000.0
	572.623235778 778.15 4601000.0
	580.892231082 803.15 4601000.0
	589.018239875 828.15 4601000.0
	597.010458568 853.15 4601000.0
	604.877172215 878.15 4601000.0
	612.625851333 903.15 4601000.0
	620.263240196 928.15 4601000.0
	627.795436732 953.15 4601000.0
	635.227964358 978.15 4601000.0
	642.565836214 1003.15 4601000.0
	649.813612348 1028.15 4601000.0
	656.975450444 1053.15 4601000.0
	664.055150691 1078.15 4601000.0
	671.056195388 1103.15 4601000.0
	677.98178385 1128.15 4601000.0
	684.834863131 1153.15 4601000.0
	691.618155065 1178.15 4601000.0
	698.334180048 1203.15 4601000.0
	330.723161333 253.15 4701000.0
	348.318990255 278.15 4701000.0
	364.629629905 303.15 4701000.0
	379.919194528 328.15 4701000.0
	394.365555716 353.15 4701000.0
	408.094550548 378.15 4701000.0
	421.199167068 403.15 4701000.0
	433.750995621 428.15 4701000.0
	445.807329704 453.15 4701000.0
	457.415657319 478.15 4701000.0
	468.616522288 503.15 4701000.0
	479.445347395 528.15 4701000.0
	489.93359492 553.15 4701000.0
	500.109509094 578.15 4701000.0
	509.998600497 603.15 4701000.0
	519.623975921 628.15 4701000.0
	529.006579007 653.15 4701000.0
	538.165381329 678.15 4701000.0
	547.11754679 703.15 4701000.0
	555.878581517 728.15 4701000.0
	564.462475043 753.15 4701000.0
	572.881834886 778.15 4701000.0
	581.148014792 803.15 4701000.0
	589.271236122 828.15 4701000.0
	597.260701668 853.15 4701000.0
	605.124701293 878.15 4701000.0
	612.870709079 903.15 4701000.0
	620.505471857 928.15 4701000.0
	628.03508931 953.15 4701000.0
	635.465085972 978.15 4701000.0
	642.800475591 1003.15 4701000.0
	650.045818418 1028.15 4701000.0
	657.205272025 1053.15 4701000.0
	664.282636236 1078.15 4701000.0
	671.281392795 1103.15 4701000.0
	678.204740307 1128.15 4701000.0
	685.055625009 1153.15 4701000.0
	691.836767829 1178.15 4701000.0
	698.550688201 1203.15 4701000.0
	330.947806934 253.15 4801000.0
	348.565619071 278.15 4801000.0
	364.891451612 303.15 4801000.0
	380.191483251 328.15 4801000.0
	394.644924062 353.15 4801000.0
	408.378515043 378.15 4801000.0
	421.485875665 403.15 4801000.0
	434.039049916 428.15 4801000.0
	446.0956649 453.15 4801000.0
	457.703458696 478.15 4801000.0
	468.903165528 503.15 4801000.0
	479.730354929 528.15 4801000.0
	490.216603359 553.15 4801000.0
	500.390244513 578.15 4801000.0
	510.276859415 603.15 4801000.0
	519.899610502 628.15 4801000.0
	529.279485445 653.15 4801000.0
	538.435490677 678.15 4801000.0
	547.384817671 703.15 4801000.0
	556.142994324 728.15 4801000.0
	564.724027303 753.15 4801000.0
	573.140537549 778.15 4801000.0
	581.403889263 803.15 4801000.0
	589.524311879 828.15 4801000.0
	597.511014351 853.15 4801000.0
	605.372291179 878.15 4801000.0
	613.11561985 903.15 4801000.0
	620.747749627 928.15 4801000.0
	628.27478184 953.15 4801000.0
	635.702242044 978.15 4801000.0
	643.035144514 1003.15 4801000.0
	650.278049639 1028.15 4801000.0
	657.435114814 1053.15 4801000.0
	664.510139451 1078.15 4801000.0
	671.506604688 1103.15 4801000.0
	678.427708387 1128.15 4801000.0
	685.276395929 1153.15 4801000.0
	692.05538731 1178.15 4801000.0
	698.767200971 1203.15 4801000.0
	331.17631532 253.15 4901000.0
	348.815135185 278.15 4901000.0
	365.155500872 303.15 4901000.0
	380.465531024 328.15 4901000.0
	394.925706714 353.15 4901000.0
	408.663633147 378.15 4901000.0
	421.773536392 403.15 4901000.0
	434.32789783 428.15 4901000.0
	446.384667127 453.15 4901000.0
	457.99182472 478.15 4901000.0
	469.190289684 503.15 4901000.0
	480.01577424 528.15 4901000.0
	490.499965997 553.15 4901000.0
	500.671285813 578.15 4901000.0
	510.555383387 603.15 4901000.0
	520.175475426 628.15 4901000.0
	529.552592551 653.15 4901000.0
	538.705775189 678.15 4901000.0
	547.652241696 703.15 4901000.0
	556.407541181 728.15 4901000.0
	564.985696989 753.15 4901000.0
	573.399343114 778.15 4901000.0
	581.659853902 803.15 4901000.0
	589.777466605 828.15 4901000.0
	597.761396126 853.15 4901000.0
	605.61994142 878.15 4901000.0
	613.360583233 903.15 4901000.0
	620.990073128 928.15 4901000.0
	628.514513973 953.15 4901000.0
	635.939432253 978.15 4901000.0
	643.26984269 1003.15 4901000.0
	650.510305739 1028.15 4901000.0
	657.664978562 1053.15 4901000.0
	664.737660103 1078.15 4901000.0
	671.731830855 1103.15 4901000.0
	678.650687892 1128.15 4901000.0
	685.497175709 1153.15 4901000.0
	692.274013337 1178.15 4901000.0
	698.983718201 1203.15 4901000.0
