
	1041.68076898 253.15 101000.0
	1041.37467878 278.15 101000.0
	1041.36748819 303.15 101000.0
	1041.69273676 328.15 101000.0
	1042.40356178 353.15 101000.0
	1043.55509643 378.15 101000.0
	1045.19283088 403.15 101000.0
	1047.34605926 428.15 101000.0
	1050.02541758 453.15 101000.0
	1053.22337368 478.15 101000.0
	1056.91656914 503.15 101000.0
	1061.06909665 528.15 101000.0
	1065.63603716 553.15 101000.0
	1070.56681489 578.15 101000.0
	1075.80812045 603.15 101000.0
	1081.30629439 628.15 101000.0
	1087.00915686 653.15 101000.0
	1092.86732584 678.15 101000.0
	1098.83509397 703.15 101000.0
	1104.87094439 728.15 101000.0
	1110.93778371 753.15 101000.0
	1117.00296327 778.15 101000.0
	1123.03814842 803.15 101000.0
	1129.01908526 828.15 101000.0
	1134.92530329 853.15 101000.0
	1140.73978348 878.15 101000.0
	1146.44861347 903.15 101000.0
	1152.04064537 928.15 101000.0
	1157.50716669 953.15 101000.0
	1162.84159118 978.15 101000.0
	1168.03917336 1003.15 101000.0
	1173.09674888 1028.15 101000.0
	1178.0125007 1053.15 101000.0
	1182.78575087 1078.15 101000.0
	1187.41677637 1103.15 101000.0
	1191.90664746 1128.15 101000.0
	1196.25708662 1153.15 101000.0
	1200.47034631 1178.15 101000.0
	1204.54910328 1203.15 101000.0
	1044.12327715 253.15 201000.0
	1043.31484781 278.15 201000.0
	1042.94421754 303.15 201000.0
	1042.99810621 328.15 201000.0
	1043.50102701 353.15 201000.0
	1044.48980749 378.15 201000.0
	1045.99778623 403.15 201000.0
	1048.04593329 428.15 201000.0
	1050.63902725 453.15 201000.0
	1053.76531727 478.15 201000.0
	1057.39834416 503.15 201000.0
	1061.49988033 528.15 201000.0
	1066.0232426 553.15 201000.0
	1070.91649464 578.15 201000.0
	1076.12526432 603.15 201000.0
	1081.59505228 628.15 201000.0
	1087.27300791 653.15 201000.0
	1093.10920827 678.15 201000.0
	1099.057506 703.15 201000.0
	1105.07602329 728.15 201000.0
	1111.12736855 753.15 201000.0
	1117.17864494 778.15 201000.0
	1123.20130997 803.15 201000.0
	1129.17093464 828.15 201000.0
	1135.06690005 853.15 201000.0
	1140.87206082 878.15 201000.0
	1146.57239638 903.15 201000.0
	1152.15666585 928.15 201000.0
	1157.61607638 953.15 201000.0
	1162.94397202 978.15 201000.0
	1168.13554667 1003.15 201000.0
	1173.18758293 1028.15 201000.0
	1178.0982173 1053.15 201000.0
	1182.86673093 1078.15 201000.0
	1187.49336471 1103.15 201000.0
	1191.97915693 1128.15 201000.0
	1196.32580176 1153.15 201000.0
	1200.53552637 1178.15 201000.0
	1204.61098501 1203.15 201000.0
	1046.5731874 253.15 301000.0
	1045.25787747 278.15 301000.0
	1044.52162408 303.15 301000.0
	1044.30309783 328.15 301000.0
	1044.59762235 353.15 301000.0
	1045.42344484 378.15 301000.0
	1046.80161302 403.15 301000.0
	1048.74470007 428.15 301000.0
	1051.25158824 453.15 301000.0
	1054.30628699 478.15 301000.0
	1057.87922502 503.15 301000.0
	1061.92984843 528.15 301000.0
	1066.40970685 553.15 301000.0
	1071.26550208 578.15 301000.0
	1076.44179873 603.15 301000.0
	1081.8832576 628.15 301000.0
	1087.53635763 653.15 301000.0
	1093.3506354 678.15 301000.0
	1099.27950399 703.15 301000.0
	1105.28072516 728.15 301000.0
	1111.31660954 753.15 301000.0
	1117.35401252 778.15 301000.0
	1123.36418418 803.15 301000.0
	1129.32252071 828.15 301000.0
	1135.20825518 853.15 301000.0
	1141.00411605 878.15 301000.0
	1146.69597484 903.15 301000.0
	1152.27249784 928.15 301000.0
	1157.72481205 953.15 301000.0
	1163.046192 978.15 301000.0
	1168.23177105 1003.15 301000.0
	1173.27827894 1028.15 301000.0
	1178.18380578 1053.15 301000.0
	1182.94759193 1078.15 301000.0
	1187.56984228 1103.15 301000.0
	1192.05156325 1128.15 301000.0
	1196.39442071 1153.15 301000.0
	1200.60061665 1178.15 301000.0
	1204.67278286 1203.15 301000.0
	1049.03039236 253.15 401000.0
	1047.20368304 278.15 401000.0
	1046.09964814 303.15 401000.0
	1045.60767123 328.15 401000.0
	1045.69332095 353.15 401000.0
	1046.3559908 378.15 401000.0
	1047.60429976 403.15 401000.0
	1049.44235227 428.15 401000.0
	1051.86309601 453.15 401000.0
	1054.84628017 478.15 401000.0
	1058.3592103 503.15 401000.0
	1062.35900035 528.15 401000.0
	1066.79542989 553.15 401000.0
	1071.61383752 578.15 401000.0
	1076.75772422 603.15 401000.0
	1082.17091104 628.15 401000.0
	1087.79920679 653.15 401000.0
	1093.59160803 678.15 401000.0
	1099.50108876 703.15 401000.0
	1105.4850508 728.15 401000.0
	1111.50550744 753.15 401000.0
	1117.52906676 778.15 401000.0
	1123.52677174 803.15 401000.0
	1129.47384416 828.15 401000.0
	1135.34936929 853.15 401000.0
	1141.13594976 878.15 401000.0
	1146.8193494 903.15 401000.0
	1152.38814187 928.15 401000.0
	1157.83337419 953.15 401000.0
	1163.14825155 978.15 401000.0
	1168.32784693 1003.15 401000.0
	1173.36883729 1028.15 401000.0
	1178.2692665 1053.15 401000.0
	1183.02833422 1078.15 401000.0
	1187.64620941 1103.15 401000.0
	1192.1238667 1128.15 401000.0
	1196.46294374 1153.15 401000.0
	1200.6656174 1178.15 401000.0
	1204.73449705 1203.15 401000.0
	1051.49478157 253.15 501000.0
	1049.1521786 278.15 501000.0
	1047.67822957 303.15 501000.0
	1046.91178586 328.15 501000.0
	1046.78809589 353.15 501000.0
	1047.28742772 378.15 501000.0
	1048.40583499 403.15 501000.0
	1050.13888258 428.15 501000.0
	1052.47354603 453.15 501000.0
	1055.38529414 478.15 501000.0
	1058.83829856 503.15 501000.0
	1062.78733551 528.15 501000.0
	1067.18041168 553.15 501000.0
	1071.96150128 578.15 501000.0
	1077.07304134 603.15 501000.0
	1082.45801329 628.15 501000.0
	1088.06155615 653.15 501000.0
	1093.83212695 678.15 501000.0
	1099.72226111 703.15 501000.0
	1105.68900099 728.15 501000.0
	1111.69406303 753.15 501000.0
	1117.70380839 778.15 501000.0
	1123.68907336 803.15 501000.0
	1129.62490563 828.15 501000.0
	1135.490243 853.15 501000.0
	1141.26756254 878.15 501000.0
	1146.94252059 903.15 501000.0
	1152.50359842 928.15 501000.0
	1157.94176327 953.15 501000.0
	1163.25015112 978.15 501000.0
	1168.42377471 1003.15 501000.0
	1173.45925837 1028.15 501000.0
	1178.35459982 1053.15 501000.0
	1183.10895812 1078.15 501000.0
	1187.7224664 1103.15 501000.0
	1192.19606757 1128.15 501000.0
	1196.53137113 1153.15 501000.0
	1200.73052889 1178.15 501000.0
	1204.79612784 1203.15 501000.0
	1053.96624146 253.15 601000.0
	1051.10327695 278.15 601000.0
	1049.25730777 303.15 601000.0
	1048.21540103 328.15 601000.0
	1047.88192027 353.15 601000.0
	1048.21773796 378.15 601000.0
	1049.20620728 403.15 601000.0
	1050.8342837 428.15 601000.0
	1053.08293376 453.15 601000.0
	1055.92332623 478.15 601000.0
	1059.31648839 503.15 601000.0
	1063.2148533 528.15 601000.0
	1067.56465216 553.15 601000.0
	1072.30849368 578.15 601000.0
	1077.38775064 603.15 601000.0
	1082.74456501 628.15 601000.0
	1088.32340646 653.15 601000.0
	1094.07219295 678.15 601000.0
	1099.94302184 703.15 601000.0
	1105.89257652 728.15 601000.0
	1111.88227705 753.15 601000.0
	1117.87823813 778.15 601000.0
	1123.85108973 803.15 601000.0
	1129.77570578 828.15 601000.0
	1135.63087694 853.15 601000.0
	1141.39895496 878.15 601000.0
	1147.06548896 903.15 601000.0
	1152.61886803 928.15 601000.0
	1158.04997977 953.15 601000.0
	1163.35189114 978.15 601000.0
	1168.5195548 1003.15 601000.0
	1173.54954256 1028.15 601000.0
	1178.4398061 1053.15 601000.0
	1183.18946397 1078.15 601000.0
	1187.79861356 1103.15 601000.0
	1192.26816616 1128.15 601000.0
	1196.59970314 1153.15 601000.0
	1200.79535135 1178.15 601000.0
	1204.85767544 1203.15 601000.0
	1056.44465533 253.15 701000.0
	1053.0568897 278.15 701000.0
	1050.83682169 303.15 701000.0
	1049.5184759 328.15 701000.0
	1048.97476714 353.15 701000.0
	1049.14690388 378.15 701000.0
	1050.00540519 403.15 701000.0
	1051.52854834 428.15 701000.0
	1053.6912547 453.15 701000.0
	1056.46037377 478.15 701000.0
	1059.79377836 503.15 701000.0
	1063.64155313 528.15 701000.0
	1067.9481513 553.15 701000.0
	1072.65481502 578.15 701000.0
	1077.70185264 603.15 701000.0
	1083.03056689 628.15 701000.0
	1088.58475847 653.15 701000.0
	1094.31180681 678.15 701000.0
	1100.16337172 703.15 701000.0
	1106.09577816 728.15 701000.0
	1112.07015027 753.15 701000.0
	1118.0523567 778.15 701000.0
	1124.01282152 803.15 701000.0
	1129.92624525 828.15 701000.0
	1135.7712717 853.15 701000.0
	1141.53012759 878.15 701000.0
	1147.18825505 903.15 701000.0
	1152.73395117 928.15 701000.0
	1158.15802414 953.15 701000.0
	1163.45347206 978.15 701000.0
	1168.61518761 1003.15 701000.0
	1173.63969024 1028.15 701000.0
	1178.52488568 1053.15 701000.0
	1183.2698521 1078.15 701000.0
	1187.87465121 1103.15 701000.0
	1192.34016274 1128.15 701000.0
	1196.66794005 1153.15 701000.0
	1200.86008503 1178.15 701000.0
	1204.9191401 1203.15 701000.0
	1058.9299034 253.15 801000.0
	1055.01292723 278.15 801000.0
	1052.41670986 303.15 801000.0
	1050.82096953 328.15 801000.0
	1050.06660954 353.15 801000.0
	1050.07490789 378.15 801000.0
	1050.80341735 403.15 801000.0
	1052.22166926 428.15 801000.0
	1054.29850434 453.15 801000.0
	1056.99643411 478.15 801000.0
	1060.27016704 503.15 801000.0
	1064.06743441 528.15 801000.0
	1068.33090902 553.15 801000.0
	1073.0004656 578.15 801000.0
	1078.01534787 603.15 801000.0
	1083.31601957 628.15 801000.0
	1088.84561292 653.15 801000.0
	1094.5509693 678.15 801000.0
	1100.38331153 703.15 801000.0
	1106.29860668 728.15 801000.0
	1112.25768342 753.15 801000.0
	1118.22616482 778.15 801000.0
	1124.17426942 803.15 801000.0
	1130.07652469 828.15 801000.0
	1135.9114279 853.15 801000.0
	1141.66108101 878.15 801000.0
	1147.31081938 903.15 801000.0
	1152.84884835 928.15 801000.0
	1158.26589686 953.15 801000.0
	1163.5548943 978.15 801000.0
	1168.71067354 1003.15 801000.0
	1173.72970178 1028.15 801000.0
	1178.60983893 1053.15 801000.0
	1183.35012283 1078.15 801000.0
	1187.95057965 1103.15 801000.0
	1192.4120576 1128.15 801000.0
	1196.73608212 1153.15 801000.0
	1200.9247302 1178.15 801000.0
	1204.98052205 1203.15 801000.0
	1061.42186275 253.15 901000.0
	1056.97129875 278.15 901000.0
	1053.9969104 303.15 901000.0
	1052.12284084 328.15 901000.0
	1051.15742053 353.15 901000.0
	1051.0017324 378.15 901000.0
	1051.60023238 403.15 901000.0
	1052.91363921 428.15 901000.0
	1054.9046782 453.15 901000.0
	1057.53150461 478.15 901000.0
	1060.74565302 503.15 901000.0
	1064.49249652 528.15 901000.0
	1068.71292527 553.15 901000.0
	1073.34544571 578.15 901000.0
	1078.32823683 603.15 901000.0
	1083.60092371 628.15 901000.0
	1089.10597052 653.15 901000.0
	1094.78968117 678.15 901000.0
	1100.60284206 703.15 901000.0
	1106.50106283 728.15 901000.0
	1112.44487724 753.15 901000.0
	1118.39966319 778.15 901000.0
	1124.3354341 803.15 901000.0
	1130.22654474 828.15 901000.0
	1136.05134614 853.15 901000.0
	1141.79181576 878.15 901000.0
	1147.43318248 903.15 901000.0
	1152.96356006 928.15 901000.0
	1158.37359839 953.15 901000.0
	1163.6561583 978.15 901000.0
	1168.806013 1003.15 901000.0
	1173.81957756 1028.15 901000.0
	1178.69466618 1053.15 901000.0
	1183.4302765 1078.15 901000.0
	1188.02639917 1103.15 901000.0
	1192.48385103 1128.15 901000.0
	1196.80412961 1153.15 901000.0
	1200.98928708 1178.15 901000.0
	1205.04182152 1203.15 901000.0
	1063.92040737 253.15 1001000.0
	1058.93191229 278.15 1001000.0
	1055.577361 303.15 1001000.0
	1053.42404868 328.15 1001000.0
	1052.24717312 353.15 1001000.0
	1051.92735985 378.15 1001000.0
	1052.39583895 403.15 1001000.0
	1053.60445099 428.15 1001000.0
	1055.50977182 453.15 1001000.0
	1058.06558262 478.15 1001000.0
	1061.22023488 503.15 1001000.0
	1064.91673887 528.15 1001000.0
	1069.0942 553.15 1001000.0
	1073.68975563 578.15 1001000.0
	1078.64052005 603.15 1001000.0
	1083.88527996 628.15 1001000.0
	1089.365832 653.15 1001000.0
	1095.0279432 678.15 1001000.0
	1100.82196405 703.15 1001000.0
	1106.70314737 728.15 1001000.0
	1112.63173246 753.15 1001000.0
	1118.57285252 778.15 1001000.0
	1124.49631622 803.15 1001000.0
	1130.37630601 828.15 1001000.0
	1136.191027 853.15 1001000.0
	1141.92233242 878.15 1001000.0
	1147.55534488 903.15 1001000.0
	1153.07808679 928.15 1001000.0
	1158.48112917 953.15 1001000.0
	1163.75726447 978.15 1001000.0
	1168.90120638 1003.15 1001000.0
	1173.90931795 1028.15 1001000.0
	1178.77936779 1053.15 1001000.0
	1183.51031341 1078.15 1001000.0
	1188.10211009 1103.15 1001000.0
	1192.55554331 1128.15 1001000.0
	1196.87208278 1153.15 1001000.0
	1201.05375593 1178.15 1001000.0
	1205.10303873 1203.15 1001000.0
	1066.42540811 253.15 1101000.0
	1060.89467473 278.15 1101000.0
	1057.157999 303.15 1101000.0
	1054.72455176 328.15 1101000.0
	1053.33584037 353.15 1101000.0
	1052.85177273 378.15 1101000.0
	1053.19022577 403.15 1101000.0
	1054.2940974 428.15 1101000.0
	1056.11378073 453.15 1101000.0
	1058.59866551 478.15 1101000.0
	1061.69391121 503.15 1101000.0
	1065.34016085 528.15 1101000.0
	1069.47473312 553.15 1101000.0
	1074.03339566 578.15 1101000.0
	1078.95219803 603.15 1101000.0
	1084.16908895 628.15 1101000.0
	1089.62519809 653.15 1101000.0
	1095.26575612 678.15 1101000.0
	1101.04067827 703.15 1101000.0
	1106.90486105 728.15 1101000.0
	1112.8182498 753.15 1101000.0
	1118.74573349 778.15 1101000.0
	1124.65691646 803.15 1101000.0
	1130.52580915 828.15 1101000.0
	1136.33047107 853.15 1101000.0
	1142.05263153 878.15 1101000.0
	1147.67730709 903.15 1101000.0
	1153.19242902 928.15 1101000.0
	1158.58848967 953.15 1101000.0
	1163.85821325 978.15 1101000.0
	1168.99625408 1003.15 1101000.0
	1173.99892331 1028.15 1101000.0
	1178.86394409 1053.15 1101000.0
	1183.5902339 1078.15 1101000.0
	1188.1777127 1103.15 1101000.0
	1192.62713471 1128.15 1101000.0
	1196.9399419 1153.15 1101000.0
	1201.118137 1178.15 1101000.0
	1205.16417391 1203.15 1101000.0
	1068.93673277 253.15 1201000.0
	1062.85949181 278.15 1201000.0
	1058.73876134 303.15 1201000.0
	1056.02430872 328.15 1201000.0
	1054.42339531 353.15 1201000.0
	1053.77495355 378.15 1201000.0
	1053.98338155 403.15 1201000.0
	1054.98257129 428.15 1201000.0
	1056.71670051 453.15 1201000.0
	1059.13075067 478.15 1201000.0
	1062.1666806 503.15 1201000.0
	1065.76276186 528.15 1201000.0
	1069.85452457 553.15 1201000.0
	1074.37636606 578.15 1201000.0
	1079.26327125 603.15 1201000.0
	1084.45235131 628.15 1201000.0
	1089.88406947 653.15 1201000.0
	1095.50312067 678.15 1201000.0
	1101.25898547 703.15 1201000.0
	1107.1062046 728.15 1201000.0
	1113.00443 753.15 1201000.0
	1118.91830681 778.15 1201000.0
	1124.81723546 803.15 1201000.0
	1130.67505477 828.15 1201000.0
	1136.46967895 853.15 1201000.0
	1142.18271364 878.15 1201000.0
	1147.79906962 903.15 1201000.0
	1153.30658724 928.15 1201000.0
	1158.69568033 953.15 1201000.0
	1163.95900505 978.15 1201000.0
	1169.09115648 1003.15 1201000.0
	1174.08839402 1028.15 1201000.0
	1178.94839543 1053.15 1201000.0
	1183.67003828 1078.15 1201000.0
	1188.25320729 1103.15 1201000.0
	1192.69862551 1128.15 1201000.0
	1197.00770723 1153.15 1201000.0
	1201.18243051 1178.15 1201000.0
	1205.2252273 1203.15 1201000.0
	1071.45424602 253.15 1301000.0
	1064.82626817 278.15 1301000.0
	1060.3195846 303.15 1301000.0
	1057.32327812 328.15 1301000.0
	1055.509811 353.15 1301000.0
	1054.69688486 378.15 1301000.0
	1054.77529508 403.15 1301000.0
	1055.66986553 428.15 1301000.0
	1057.31852674 453.15 1301000.0
	1059.66183549 478.15 1301000.0
	1062.63854165 503.15 1301000.0
	1066.18454131 528.15 1301000.0
	1070.23357428 553.15 1301000.0
	1074.7186671 578.15 1301000.0
	1079.57374022 603.15 1301000.0
	1084.73506768 628.15 1301000.0
	1090.14244685 653.15 1301000.0
	1095.7400376 678.15 1301000.0
	1101.47688638 703.15 1301000.0
	1107.30717876 728.15 1301000.0
	1113.19027374 753.15 1301000.0
	1119.09057314 778.15 1301000.0
	1124.97727387 803.15 1301000.0
	1130.82404349 828.15 1301000.0
	1136.60865121 853.15 1301000.0
	1142.3125793 878.15 1301000.0
	1147.920633 903.15 1301000.0
	1153.42056192 928.15 1301000.0
	1158.8027016 953.15 1301000.0
	1164.0596403 978.15 1301000.0
	1169.18591398 1003.15 1301000.0
	1174.17773044 1028.15 1301000.0
	1179.03272214 1053.15 1301000.0
	1183.74972686 1078.15 1301000.0
	1188.32859416 1103.15 1301000.0
	1192.77001599 1128.15 1301000.0
	1197.07537901 1153.15 1301000.0
	1201.24663672 1178.15 1301000.0
	1205.28619911 1203.15 1301000.0
	1073.97780945 253.15 1401000.0
	1066.79490732 278.15 1401000.0
	1061.90040503 303.15 1401000.0
	1058.62141844 328.15 1401000.0
	1056.59506053 353.15 1401000.0
	1055.61754923 378.15 1401000.0
	1055.56595516 403.15 1401000.0
	1056.35597301 428.15 1401000.0
	1057.91925502 453.15 1401000.0
	1060.19191737 478.15 1401000.0
	1063.10949296 503.15 1401000.0
	1066.60549858 528.15 1401000.0
	1070.61188217 553.15 1401000.0
	1075.06029906 578.15 1401000.0
	1079.88360542 603.15 1401000.0
	1085.01723866 628.15 1401000.0
	1090.40033093 653.15 1401000.0
	1095.97650763 678.15 1401000.0
	1101.69438176 703.15 1401000.0
	1107.50778426 728.15 1401000.0
	1113.37578175 753.15 1401000.0
	1119.26253317 778.15 1401000.0
	1125.13703235 803.15 1401000.0
	1130.97277591 828.15 1401000.0
	1136.74738843 853.15 1401000.0
	1142.44222905 878.15 1401000.0
	1148.04199772 903.15 1401000.0
	1153.53435354 928.15 1401000.0
	1158.90955393 953.15 1401000.0
	1164.16011939 978.15 1401000.0
	1169.28052697 1003.15 1401000.0
	1174.26693292 1028.15 1401000.0
	1179.11692457 1053.15 1401000.0
	1183.82929996 1078.15 1401000.0
	1188.40387361 1103.15 1401000.0
	1192.84130642 1128.15 1401000.0
	1197.14295751 1153.15 1401000.0
	1201.31075586 1178.15 1401000.0
	1205.34708956 1203.15 1401000.0
	1076.5072816 253.15 1501000.0
	1068.76531174 278.15 1501000.0
	1063.48115855 303.15 1501000.0
	1059.9186881 328.15 1501000.0
	1057.67911699 353.15 1501000.0
	1056.53692931 378.15 1501000.0
	1056.35535063 403.15 1501000.0
	1057.04088666 428.15 1501000.0
	1058.51888097 453.15 1501000.0
	1060.72099373 478.15 1501000.0
	1063.57953313 503.15 1501000.0
	1067.02563308 528.15 1501000.0
	1070.98944817 553.15 1501000.0
	1075.4012622 578.15 1501000.0
	1080.19286733 603.15 1501000.0
	1085.29886487 628.15 1501000.0
	1090.65772239 653.15 1501000.0
	1096.21253149 678.15 1501000.0
	1101.91147231 703.15 1501000.0
	1107.70802181 728.15 1501000.0
	1113.56095472 753.15 1501000.0
	1119.43418758 778.15 1501000.0
	1125.29651152 803.15 1501000.0
	1131.12125265 828.15 1501000.0
	1136.88589117 853.15 1501000.0
	1142.57166343 878.15 1501000.0
	1148.16316428 903.15 1501000.0
	1153.64796257 928.15 1501000.0
	1159.01623774 953.15 1501000.0
	1164.26044276 978.15 1501000.0
	1169.37499582 1003.15 1501000.0
	1174.35600182 1028.15 1501000.0
	1179.20100305 1053.15 1501000.0
	1183.9087579 1078.15 1501000.0
	1188.47904592 1103.15 1501000.0
	1192.91249707 1128.15 1501000.0
	1197.21044298 1153.15 1501000.0
	1201.37478816 1178.15 1501000.0
	1205.40789888 1203.15 1501000.0
	1079.04251794 253.15 1601000.0
	1070.73738283 278.15 1601000.0
	1065.06178073 303.15 1601000.0
	1061.21504546 328.15 1601000.0
	1058.76195351 353.15 1601000.0
	1057.45500777 378.15 1601000.0
	1057.14347039 403.15 1601000.0
	1057.72459944 428.15 1601000.0
	1059.11740026 453.15 1601000.0
	1061.24906199 478.15 1601000.0
	1064.04866078 503.15 1601000.0
	1067.4449442 528.15 1601000.0
	1071.36627219 553.15 1601000.0
	1075.74155678 578.15 1601000.0
	1080.50152643 603.15 1601000.0
	1085.57994692 628.15 1601000.0
	1090.91462191 653.15 1601000.0
	1096.44810987 678.15 1601000.0
	1102.12815878 703.15 1601000.0
	1107.90789213 728.15 1601000.0
	1113.74579334 753.15 1601000.0
	1119.60553702 778.15 1601000.0
	1125.45571203 803.15 1601000.0
	1131.2694743 828.15 1601000.0
	1137.02416002 853.15 1601000.0
	1142.70088296 878.15 1601000.0
	1148.2841332 903.15 1601000.0
	1153.76138947 928.15 1601000.0
	1159.12275349 953.15 1601000.0
	1164.36061079 978.15 1601000.0
	1169.46932091 1003.15 1601000.0
	1174.4449375 1028.15 1601000.0
	1179.2849579 1053.15 1601000.0
	1183.98810097 1078.15 1601000.0
	1188.55411138 1103.15 1601000.0
	1192.9835882 1128.15 1601000.0
	1197.27783566 1153.15 1601000.0
	1201.43873386 1178.15 1601000.0
	1205.46862729 1203.15 1601000.0
	1081.58337091 253.15 1701000.0
	1072.71102095 278.15 1701000.0
	1066.64220688 303.15 1701000.0
	1062.51044884 328.15 1701000.0
	1059.84354326 353.15 1701000.0
	1058.37176735 378.15 1701000.0
	1057.93030336 403.15 1701000.0
	1058.40710434 428.15 1701000.0
	1059.71480853 453.15 1701000.0
	1061.77611959 478.15 1701000.0
	1064.51687453 503.15 1701000.0
	1067.86343136 528.15 1701000.0
	1071.74235415 553.15 1701000.0
	1076.08118306 578.15 1701000.0
	1080.80958318 603.15 1701000.0
	1085.8604854 628.15 1701000.0
	1091.17103016 653.15 1701000.0
	1096.68324351 678.15 1701000.0
	1102.34444187 703.15 1701000.0
	1108.10739594 728.15 1701000.0
	1113.93029831 753.15 1701000.0
	1119.77658216 778.15 1701000.0
	1125.61463451 803.15 1701000.0
	1131.41744146 828.15 1701000.0
	1137.16219551 853.15 1701000.0
	1142.82988818 878.15 1701000.0
	1148.40490495 903.15 1701000.0
	1153.87463471 928.15 1701000.0
	1159.2291016 953.15 1701000.0
	1164.4606239 978.15 1701000.0
	1169.56350264 1003.15 1701000.0
	1174.53374032 1028.15 1701000.0
	1179.36878945 1053.15 1701000.0
	1184.06732949 1078.15 1701000.0
	1188.62907028 1103.15 1701000.0
	1193.0545801 1128.15 1701000.0
	1197.34513582 1153.15 1701000.0
	1201.5025932 1178.15 1701000.0
	1205.529275 1203.15 1701000.0
	1084.1296899 253.15 1801000.0
	1074.68612549 278.15 1801000.0
	1068.222372 303.15 1801000.0
	1063.80485654 328.15 1801000.0
	1060.92385943 353.15 1801000.0
	1059.28719081 378.15 1801000.0
	1058.71583853 403.15 1801000.0
	1059.08839439 428.15 1801000.0
	1060.31110148 453.15 1801000.0
	1062.302164 478.15 1801000.0
	1064.98417301 503.15 1801000.0
	1068.28109395 528.15 1801000.0
	1072.11769398 553.15 1801000.0
	1076.42014128 578.15 1801000.0
	1081.11703804 603.15 1801000.0
	1086.14048092 628.15 1801000.0
	1091.42694782 653.15 1801000.0
	1096.91793309 678.15 1801000.0
	1102.5603223 703.15 1801000.0
	1108.30653392 728.15 1801000.0
	1114.11447031 753.15 1801000.0
	1119.94732366 778.15 1801000.0
	1125.77327957 803.15 1801000.0
	1131.56515472 828.15 1801000.0
	1137.29999823 853.15 1801000.0
	1142.95867961 878.15 1801000.0
	1148.52548004 903.15 1801000.0
	1153.98769875 928.15 1801000.0
	1159.3352825 953.15 1801000.0
	1164.56048249 978.15 1801000.0
	1169.65754135 1003.15 1801000.0
	1174.62241061 1028.15 1801000.0
	1179.45249804 1053.15 1801000.0
	1184.14644376 1078.15 1801000.0
	1188.70392291 1103.15 1801000.0
	1193.12547302 1128.15 1801000.0
	1197.4123437 1153.15 1801000.0
	1201.56636641 1178.15 1801000.0
	1205.58984224 1203.15 1801000.0
	1086.68132135 253.15 1901000.0
	1076.66259481 278.15 1901000.0
	1069.80221083 303.15 1901000.0
	1065.09822678 328.15 1901000.0
	1062.00287527 353.15 1901000.0
	1060.20126101 378.15 1901000.0
	1059.50006492 403.15 1901000.0
	1059.76846265 428.15 1901000.0
	1060.90627483 453.15 1901000.0
	1062.82719268 478.15 1901000.0
	1065.45055486 503.15 1901000.0
	1068.69793139 528.15 1901000.0
	1072.49229159 553.15 1901000.0
	1076.7584317 578.15 1901000.0
	1081.42389149 603.15 1901000.0
	1086.41993405 628.15 1901000.0
	1091.68237554 653.15 1901000.0
	1097.15217931 678.15 1901000.0
	1102.77580077 703.15 1901000.0
	1108.50530678 728.15 1901000.0
	1114.29831001 753.15 1901000.0
	1120.11776216 778.15 1901000.0
	1125.93164785 803.15 1901000.0
	1131.71261467 828.15 1901000.0
	1137.43756871 853.15 1901000.0
	1143.08725777 878.15 1901000.0
	1148.64585895 903.15 1901000.0
	1154.10058205 928.15 1901000.0
	1159.44129661 953.15 1901000.0
	1164.66018695 978.15 1901000.0
	1169.75143745 1003.15 1901000.0
	1174.71094873 1028.15 1901000.0
	1179.53608399 1053.15 1901000.0
	1184.22544409 1078.15 1901000.0
	1188.77866954 1103.15 1901000.0
	1193.19626723 1128.15 1901000.0
	1197.47945954 1153.15 1901000.0
	1201.63005371 1178.15 1901000.0
	1205.65032921 1203.15 1901000.0
	1089.23810869 253.15 2001000.0
	1078.64032634 278.15 2001000.0
	1071.38165783 303.15 2001000.0
	1066.39051782 328.15 2001000.0
	1063.08056407 353.15 2001000.0
	1061.11396082 378.15 2001000.0
	1060.28297161 403.15 2001000.0
	1060.44730221 428.15 2001000.0
	1061.50032432 453.15 2001000.0
	1063.35120312 478.15 2001000.0
	1065.91601871 503.15 2001000.0
	1069.11394309 528.15 2001000.0
	1072.86614691 553.15 2001000.0
	1077.09605456 578.15 2001000.0
	1081.73014398 603.15 2001000.0
	1086.6988454 628.15 2001000.0
	1091.93731398 653.15 2001000.0
	1097.38598288 678.15 2001000.0
	1102.99087798 703.15 2001000.0
	1108.70371521 728.15 2001000.0
	1114.48181808 753.15 2001000.0
	1120.28789831 778.15 2001000.0
	1126.08973995 803.15 2001000.0
	1131.85982189 828.15 2001000.0
	1137.57490751 853.15 2001000.0
	1143.21562318 878.15 2001000.0
	1148.76604216 903.15 2001000.0
	1154.21328505 928.15 2001000.0
	1159.54714438 953.15 2001000.0
	1164.75973769 978.15 2001000.0
	1169.84519128 1003.15 2001000.0
	1174.79935502 1028.15 2001000.0
	1179.61954761 1053.15 2001000.0
	1184.30433077 1078.15 2001000.0
	1188.85331046 1103.15 2001000.0
	1193.26696299 1128.15 2001000.0
	1197.54648359 1153.15 2001000.0
	1201.69365534 1178.15 2001000.0
	1205.71073614 1203.15 2001000.0
	1091.7998924 253.15 2101000.0
	1080.61921656 278.15 2101000.0
	1072.96064726 303.15 2101000.0
	1067.68168787 328.15 2101000.0
	1064.15689919 353.15 2101000.0
	1062.02527322 378.15 2101000.0
	1061.06454773 403.15 2101000.0
	1061.12490623 428.15 2101000.0
	1062.09324571 453.15 2101000.0
	1063.87419281 478.15 2101000.0
	1066.38056322 503.15 2101000.0
	1069.52912846 528.15 2101000.0
	1073.23925983 553.15 2101000.0
	1077.43301012 578.15 2101000.0
	1082.03579596 603.15 2101000.0
	1086.97721553 628.15 2101000.0
	1092.1917638 653.15 2101000.0
	1097.61934446 678.15 2101000.0
	1103.20555463 703.15 2101000.0
	1108.9017599 728.15 2101000.0
	1114.66499519 753.15 2101000.0
	1120.45773276 778.15 2101000.0
	1126.24755648 803.15 2101000.0
	1132.00677696 828.15 2101000.0
	1137.71201517 853.15 2101000.0
	1143.34377635 878.15 2101000.0
	1148.88603016 903.15 2101000.0
	1154.32580821 928.15 2101000.0
	1159.6528262 953.15 2101000.0
	1164.85913509 978.15 2101000.0
	1169.93880322 1003.15 2101000.0
	1174.88762983 1028.15 2101000.0
	1179.70288923 1053.15 2101000.0
	1184.3831041 1078.15 2101000.0
	1188.92784595 1103.15 2101000.0
	1193.33756056 1128.15 2101000.0
	1197.6134161 1153.15 2101000.0
	1201.75717153 1178.15 2101000.0
	1205.77106323 1203.15 2101000.0
	1094.36651004 253.15 2201000.0
	1082.59916105 278.15 2201000.0
	1074.53911311 303.15 2201000.0
	1068.97169516 328.15 2201000.0
	1065.23185403 353.15 2201000.0
	1062.93518121 378.15 2201000.0
	1061.84478246 403.15 2201000.0
	1061.80126786 428.15 2201000.0
	1062.6850348 453.15 2201000.0
	1064.39615929 478.15 2201000.0
	1066.84418705 503.15 2201000.0
	1069.94348692 528.15 2201000.0
	1073.6116303 553.15 2201000.0
	1077.7692986 578.15 2201000.0
	1082.34084788 603.15 2201000.0
	1087.25504502 628.15 2201000.0
	1092.44572564 653.15 2201000.0
	1097.85226474 678.15 2201000.0
	1103.4198314 703.15 2201000.0
	1109.09944152 728.15 2201000.0
	1114.84784201 753.15 2201000.0
	1120.62726612 778.15 2201000.0
	1126.40509805 803.15 2201000.0
	1132.15348046 828.15 2201000.0
	1137.84889224 853.15 2201000.0
	1143.47171778 878.15 2201000.0
	1149.00582342 903.15 2201000.0
	1154.43815197 928.15 2201000.0
	1159.7583425 953.15 2201000.0
	1164.95837955 978.15 2201000.0
	1170.03227363 1003.15 2201000.0
	1174.9757735 1028.15 2201000.0
	1179.78610917 1053.15 2201000.0
	1184.46176439 1078.15 2201000.0
	1189.00227627 1103.15 2201000.0
	1193.40806019 1128.15 2201000.0
	1197.6802573 1153.15 2201000.0
	1201.82060249 1178.15 2201000.0
	1205.8313107 1203.15 2201000.0
	1096.93779628 253.15 2301000.0
	1084.5800545 278.15 2301000.0
	1076.11698919 303.15 2301000.0
	1070.26049791 328.15 2301000.0
	1066.30540207 353.15 2301000.0
	1063.84366789 378.15 2301000.0
	1062.62366503 403.15 2301000.0
	1062.47638034 428.15 2301000.0
	1063.2756874 453.15 2301000.0
	1064.91710007 478.15 2301000.0
	1067.30688887 503.15 2301000.0
	1070.35701789 528.15 2301000.0
	1073.98325822 553.15 2301000.0
	1078.10492026 578.15 2301000.0
	1082.64530019 603.15 2301000.0
	1087.53233444 628.15 2301000.0
	1092.69920014 653.15 2301000.0
	1098.0847444 678.15 2301000.0
	1103.63370898 703.15 2301000.0
	1109.29676075 728.15 2301000.0
	1115.03035919 753.15 2301000.0
	1120.79649905 778.15 2301000.0
	1126.56236526 803.15 2301000.0
	1132.29993294 828.15 2301000.0
	1137.98553924 853.15 2301000.0
	1143.59944799 878.15 2301000.0
	1149.12542242 903.15 2301000.0
	1154.55031679 928.15 2301000.0
	1159.86369371 953.15 2301000.0
	1165.05747145 978.15 2301000.0
	1170.12560288 1003.15 2301000.0
	1175.06378635 1028.15 2301000.0
	1179.86920775 1053.15 2301000.0
	1184.54031192 1078.15 2301000.0
	1189.07660172 1103.15 2301000.0
	1193.47846216 1128.15 2301000.0
	1197.74700743 1153.15 2301000.0
	1201.88394846 1178.15 2301000.0
	1205.89147875 1203.15 2301000.0
	1099.51358292 253.15 2401000.0
	1086.56179074 278.15 2401000.0
	1077.6942091 303.15 2401000.0
	1071.54805436 328.15 2401000.0
	1067.37751683 353.15 2401000.0
	1064.75071642 378.15 2401000.0
	1063.40118474 403.15 2401000.0
	1063.1502369 428.15 2401000.0
	1063.86519936 453.15 2401000.0
	1065.43701273 478.15 2401000.0
	1067.76866736 503.15 2401000.0
	1070.76972081 528.15 2401000.0
	1074.35414351 553.15 2401000.0
	1078.43987533 578.15 2401000.0
	1082.94915332 603.15 2401000.0
	1087.80908436 628.15 2401000.0
	1092.95218793 653.15 2401000.0
	1098.3167841 678.15 2401000.0
	1103.84718805 703.15 2401000.0
	1109.49371826 728.15 2401000.0
	1115.21254737 753.15 2401000.0
	1120.96543215 778.15 2401000.0
	1126.71935871 803.15 2401000.0
	1132.44613499 828.15 2401000.0
	1138.12195672 853.15 2401000.0
	1143.72696747 878.15 2401000.0
	1149.24482763 903.15 2401000.0
	1154.66230309 928.15 2401000.0
	1159.96888021 953.15 2401000.0
	1165.15641118 978.15 2401000.0
	1170.21879132 1003.15 2401000.0
	1175.15166874 1028.15 2401000.0
	1179.95218526 1053.15 2401000.0
	1184.61874699 1078.15 2401000.0
	1189.15082256 1103.15 2401000.0
	1193.5487667 1128.15 2401000.0
	1197.81366674 1153.15 2401000.0
	1201.94720966 1178.15 2401000.0
	1205.9515676 1203.15 2401000.0
	1102.09369893 253.15 2501000.0
	1088.54426276 278.15 2501000.0
	1079.27070628 303.15 2501000.0
	1072.83432278 328.15 2501000.0
	1068.44817195 353.15 2501000.0
	1065.65631002 378.15 2501000.0
	1064.17733094 403.15 2501000.0
	1063.82283086 428.15 2501000.0
	1064.45356656 453.15 2501000.0
	1065.95589481 478.15 2501000.0
	1068.22952122 503.15 2501000.0
	1071.18159509 528.15 2501000.0
	1074.72428609 553.15 2501000.0
	1078.77416405 578.15 2501000.0
	1083.25240772 603.15 2501000.0
	1088.08529534 628.15 2501000.0
	1093.20468965 653.15 2501000.0
	1098.54838451 678.15 2501000.0
	1104.06026927 703.15 2501000.0
	1109.69031471 728.15 2501000.0
	1115.39440722 753.15 2501000.0
	1121.13406606 778.15 2501000.0
	1126.87607899 803.15 2501000.0
	1132.59208715 828.15 2501000.0
	1138.2581452 853.15 2501000.0
	1143.85427671 878.15 2501000.0
	1149.3640395 903.15 2501000.0
	1154.77411131 928.15 2501000.0
	1160.07390244 953.15 2501000.0
	1165.25519912 978.15 2501000.0
	1170.31183931 1003.15 2501000.0
	1175.23942099 1028.15 2501000.0
	1180.03504204 1053.15 2501000.0
	1184.69706988 1078.15 2501000.0
	1189.22493906 1103.15 2501000.0
	1193.61897408 1128.15 2501000.0
	1197.88023546 1153.15 2501000.0
	1202.01038631 1178.15 2501000.0
	1206.01157745 1203.15 2501000.0
	1104.6779705 253.15 2601000.0
	1090.52736277 278.15 2601000.0
	1080.846414 303.15 2601000.0
	1074.11926147 328.15 2601000.0
	1069.5173411 353.15 2601000.0
	1066.56043201 378.15 2601000.0
	1064.95209303 403.15 2601000.0
	1064.49415555 428.15 2601000.0
	1065.04078489 453.15 2601000.0
	1066.47374393 478.15 2601000.0
	1068.68944915 503.15 2601000.0
	1071.59264019 528.15 2601000.0
	1075.09368589 553.15 2601000.0
	1079.10778665 578.15 2601000.0
	1083.55506382 603.15 2601000.0
	1088.36096793 628.15 2601000.0
	1093.45670592 653.15 2601000.0
	1098.77954628 678.15 2601000.0
	1104.27295331 703.15 2601000.0
	1109.88655077 728.15 2601000.0
	1115.57593935 753.15 2601000.0
	1121.30240139 778.15 2601000.0
	1127.03252669 803.15 2601000.0
	1132.73778998 828.15 2601000.0
	1138.39410521 853.15 2601000.0
	1143.98137623 878.15 2601000.0
	1149.48305852 903.15 2601000.0
	1154.88574189 928.15 2601000.0
	1160.17876078 953.15 2601000.0
	1165.35383564 978.15 2601000.0
	1170.4047472 1003.15 2601000.0
	1175.32704344 1028.15 2601000.0
	1180.11777837 1053.15 2601000.0
	1184.77528089 1078.15 2601000.0
	1189.29895149 1103.15 2601000.0
	1193.68908455 1128.15 2601000.0
	1197.94671383 1153.15 2601000.0
	1202.07347863 1178.15 2601000.0
	1206.07150851 1203.15 2601000.0
	1107.26622104 253.15 2701000.0
	1092.51098219 278.15 2701000.0
	1082.42126536 303.15 2701000.0
	1075.40282878 328.15 2701000.0
	1070.58499807 353.15 2701000.0
	1067.46306576 378.15 2701000.0
	1065.7254605 403.15 2701000.0
	1065.16420437 428.15 2701000.0
	1065.62685031 453.15 2701000.0
	1066.99055767 478.15 2701000.0
	1069.14844985 503.15 2701000.0
	1072.00285555 528.15 2701000.0
	1075.46234282 553.15 2701000.0
	1079.44074337 578.15 2701000.0
	1083.85712205 603.15 2701000.0
	1088.6361027 628.15 2701000.0
	1093.70823737 653.15 2701000.0
	1099.01027008 678.15 2701000.0
	1104.48524085 703.15 2701000.0
	1110.08242709 728.15 2701000.0
	1115.75714442 753.15 2701000.0
	1121.47043875 778.15 2701000.0
	1127.18870238 803.15 2701000.0
	1132.88324404 828.15 2701000.0
	1138.52983726 853.15 2701000.0
	1144.1082665 878.15 2701000.0
	1149.60188512 903.15 2701000.0
	1154.99719527 928.15 2701000.0
	1160.28345565 953.15 2701000.0
	1165.45232114 978.15 2701000.0
	1170.49751535 1003.15 2701000.0
	1175.41453641 1028.15 2701000.0
	1180.20039458 1053.15 2701000.0
	1184.85338031 1078.15 2701000.0
	1189.37286012 1103.15 2701000.0
	1193.75909835 1128.15 2701000.0
	1198.01310207 1153.15 2701000.0
	1202.13648683 1178.15 2701000.0
	1206.13136098 1203.15 2701000.0
	1109.85827127 253.15 2801000.0
	1094.49501169 278.15 2801000.0
	1083.99519337 303.15 2801000.0
	1076.68498309 328.15 2801000.0
	1071.65111671 353.15 2801000.0
	1068.36419476 378.15 2801000.0
	1066.49742287 403.15 2801000.0
	1065.83297074 428.15 2801000.0
	1066.21175876 453.15 2801000.0
	1067.50633368 478.15 2801000.0
	1069.60652206 503.15 2801000.0
	1072.4122406 528.15 2801000.0
	1075.83025682 553.15 2801000.0
	1079.77303445 578.15 2801000.0
	1084.15858285 603.15 2801000.0
	1088.91070018 628.15 2801000.0
	1093.95928461 653.15 2801000.0
	1099.24055654 678.15 2801000.0
	1104.69713252 703.15 2801000.0
	1110.27794431 728.15 2801000.0
	1115.93802306 753.15 2801000.0
	1121.63817874 778.15 2801000.0
	1127.34460665 803.15 2801000.0
	1133.02844988 828.15 2801000.0
	1138.66534189 853.15 2801000.0
	1144.234948 878.15 2801000.0
	1149.72051978 903.15 2801000.0
	1155.10847185 928.15 2801000.0
	1160.38798745 953.15 2801000.0
	1165.55065597 978.15 2801000.0
	1170.59014411 1003.15 2801000.0
	1175.50190022 1028.15 2801000.0
	1180.28289097 1053.15 2801000.0
	1184.93136841 1078.15 2801000.0
	1189.44666522 1103.15 2801000.0
	1193.82901574 1128.15 2801000.0
	1198.07940043 1153.15 2801000.0
	1202.19941114 1178.15 2801000.0
	1206.19113507 1203.15 2801000.0
	1112.45393923 253.15 2901000.0
	1096.47934122 278.15 2901000.0
	1085.56813089 303.15 2901000.0
	1077.96568287 328.15 2901000.0
	1072.715671 353.15 2901000.0
	1069.26380254 378.15 2901000.0
	1067.26796975 403.15 2901000.0
	1066.50044815 428.15 2901000.0
	1066.79550626 453.15 2901000.0
	1068.0210696 478.15 2901000.0
	1070.06366451 503.15 2901000.0
	1072.82079482 528.15 2901000.0
	1076.1974278 553.15 2901000.0
	1080.10466011 578.15 2901000.0
	1084.45944664 603.15 2901000.0
	1089.18476093 628.15 2901000.0
	1094.20984825 653.15 2901000.0
	1099.47040632 678.15 2901000.0
	1104.90862899 703.15 2901000.0
	1110.47310309 728.15 2901000.0
	1116.11857589 753.15 2901000.0
	1121.80562198 778.15 2901000.0
	1127.50024007 803.15 2901000.0
	1133.17340803 828.15 2901000.0
	1138.80061959 853.15 2901000.0
	1144.36142124 878.15 2901000.0
	1149.83896295 903.15 2901000.0
	1155.21957209 928.15 2901000.0
	1160.49235656 953.15 2901000.0
	1165.64884052 978.15 2901000.0
	1170.68263382 1003.15 2901000.0
	1175.58913521 1028.15 2901000.0
	1180.36526784 1053.15 2901000.0
	1185.00924549 1078.15 2901000.0
	1189.52036705 1103.15 2901000.0
	1193.89883697 1128.15 2901000.0
	1198.14560914 1153.15 2901000.0
	1202.26225178 1178.15 2901000.0
	1206.25083098 1203.15 2901000.0
	1115.05304031 253.15 3001000.0
	1098.46386005 278.15 3001000.0
	1087.14001071 303.15 3001000.0
	1079.24488662 328.15 3001000.0
	1073.77863497 353.15 3001000.0
	1070.16187274 378.15 3001000.0
	1068.03709081 403.15 3001000.0
	1067.16663012 428.15 3001000.0
	1067.37808882 453.15 3001000.0
	1068.5347631 478.15 3001000.0
	1070.51987595 503.15 3001000.0
	1073.22851765 528.15 3001000.0
	1076.56385571 553.15 3001000.0
	1080.4356206 578.15 3001000.0
	1084.75971385 603.15 3001000.0
	1089.45828549 628.15 3001000.0
	1094.4599289 653.15 3001000.0
	1099.69982005 678.15 3001000.0
	1105.11973091 703.15 3001000.0
	1110.66790405 728.15 3001000.0
	1116.29880353 753.15 3001000.0
	1121.97276905 778.15 3001000.0
	1127.65560321 803.15 3001000.0
	1133.31811905 828.15 3001000.0
	1138.93567088 853.15 3001000.0
	1144.48768667 878.15 3001000.0
	1149.95721507 903.15 3001000.0
	1155.33049638 928.15 3001000.0
	1160.59656339 953.15 3001000.0
	1165.74687514 978.15 3001000.0
	1170.77498483 1003.15 3001000.0
	1175.67624169 1028.15 3001000.0
	1180.44752549 1053.15 3001000.0
	1185.08701182 1078.15 3001000.0
	1189.59396587 1103.15 3001000.0
	1193.96856227 1128.15 3001000.0
	1198.21172842 1153.15 3001000.0
	1202.32500895 1178.15 3001000.0
	1206.31044891 1203.15 3001000.0
	1117.65538735 253.15 3101000.0
	1100.4484568 278.15 3101000.0
	1088.71076551 303.15 3101000.0
	1080.52255294 328.15 3101000.0
	1074.83998279 353.15 3101000.0
	1071.05838909 378.15 3101000.0
	1068.80477577 403.15 3101000.0
	1067.83151022 428.15 3101000.0
	1067.95950252 453.15 3101000.0
	1069.04741187 478.15 3101000.0
	1070.97515514 503.15 3101000.0
	1073.63540858 528.15 3101000.0
	1076.92954046 553.15 3101000.0
	1080.76591613 578.15 3101000.0
	1085.0593849 603.15 3101000.0
	1089.73127439 628.15 3101000.0
	1094.70952718 653.15 3101000.0
	1099.92879838 678.15 3101000.0
	1105.33043891 703.15 3101000.0
	1110.86234785 728.15 3101000.0
	1116.4787066 753.15 3101000.0
	1122.13962055 778.15 3101000.0
	1127.81069665 803.15 3101000.0
	1133.46258345 828.15 3101000.0
	1139.07049626 853.15 3101000.0
	1144.61374479 878.15 3101000.0
	1150.07527659 903.15 3101000.0
	1155.44124515 928.15 3101000.0
	1160.70060834 953.15 3101000.0
	1165.84476022 978.15 3101000.0
	1170.86719748 1003.15 3101000.0
	1175.76321999 1028.15 3101000.0
	1180.52966422 1053.15 3101000.0
	1185.16466768 1078.15 3101000.0
	1189.66746195 1103.15 3101000.0
	1194.03819189 1128.15 3101000.0
	1198.2777585 1153.15 3101000.0
	1202.38768287 1178.15 3101000.0
	1206.36998905 1203.15 3101000.0
	1120.26079064 253.15 3201000.0
	1102.43301944 278.15 3201000.0
	1090.28032794 303.15 3201000.0
	1081.79864051 328.15 3201000.0
	1075.89968873 353.15 3201000.0
	1071.95333541 378.15 3201000.0
	1069.57101445 403.15 3201000.0
	1068.49508208 428.15 3201000.0
	1068.53974344 453.15 3201000.0
	1069.55901363 478.15 3201000.0
	1071.42950086 503.15 3201000.0
	1074.04146706 528.15 3201000.0
	1077.294482 553.15 3201000.0
	1081.09554695 578.15 3201000.0
	1085.35846022 603.15 3201000.0
	1090.00372818 628.15 3201000.0
	1094.95864367 653.15 3201000.0
	1100.15734192 678.15 3201000.0
	1105.54075364 703.15 3201000.0
	1111.05643511 728.15 3201000.0
	1116.65828572 753.15 3201000.0
	1122.30617708 778.15 3201000.0
	1127.96552093 803.15 3201000.0
	1133.60680179 828.15 3201000.0
	1139.20509625 853.15 3201000.0
	1144.73959606 878.15 3201000.0
	1150.19314796 903.15 3201000.0
	1155.55181883 928.15 3201000.0
	1160.80449177 953.15 3201000.0
	1165.9424961 978.15 3201000.0
	1170.95927211 1003.15 3201000.0
	1175.85007042 1028.15 3201000.0
	1180.61168433 1053.15 3201000.0
	1185.24221335 1078.15 3201000.0
	1189.74085554 1103.15 3201000.0
	1194.10772608 1128.15 3201000.0
	1198.3436996 1153.15 3201000.0
	1202.45027375 1178.15 3201000.0
	1206.42945162 1203.15 3201000.0
	1122.869058 253.15 3301000.0
	1104.41743536 278.15 3301000.0
	1091.84863057 303.15 3301000.0
	1083.07310811 328.15 3301000.0
	1076.95772714 353.15 3301000.0
	1072.84669561 378.15 3301000.0
	1070.33579672 403.15 3301000.0
	1069.15733937 428.15 3301000.0
	1069.11880773 453.15 3301000.0
	1070.06956609 478.15 3301000.0
	1071.8829119 503.15 3301000.0
	1074.4466926 528.15 3301000.0
	1077.65868026 553.15 3301000.0
	1081.42451329 578.15 3301000.0
	1085.65694022 603.15 3301000.0
	1090.27564739 628.15 3301000.0
	1095.20727898 653.15 3301000.0
	1100.38545131 678.15 3301000.0
	1105.75067574 703.15 3301000.0
	1111.25016645 728.15 3301000.0
	1116.83754149 753.15 3301000.0
	1122.47243921 778.15 3301000.0
	1128.12007662 803.15 3301000.0
	1133.75077459 828.15 3301000.0
	1139.33947133 853.15 3301000.0
	1144.86524095 878.15 3301000.0
	1150.31082961 903.15 3301000.0
	1155.66221781 928.15 3301000.0
	1160.9082141 953.15 3301000.0
	1166.04008315 978.15 3301000.0
	1171.05120906 1003.15 3301000.0
	1175.9367933 1028.15 3301000.0
	1180.69358611 1053.15 3301000.0
	1185.3196491 1078.15 3301000.0
	1189.8141469 1103.15 3301000.0
	1194.17716507 1128.15 3301000.0
	1198.40955196 1153.15 3301000.0
	1202.51278181 1178.15 3301000.0
	1206.4888368 1203.15 3301000.0
	1125.4799948 253.15 3401000.0
	1106.40159137 278.15 3401000.0
	1093.41560595 303.15 3401000.0
	1084.34591461 328.15 3401000.0
	1078.01407253 353.15 3401000.0
	1073.73845369 378.15 3401000.0
	1071.09911253 403.15 3401000.0
	1069.81827583 428.15 3401000.0
	1069.69669153 453.15 3401000.0
	1070.57906704 478.15 3401000.0
	1072.33538705 503.15 3401000.0
	1074.85108467 528.15 3401000.0
	1078.02213519 553.15 3401000.0
	1081.75281539 578.15 3401000.0
	1085.95482532 603.15 3401000.0
	1090.54703255 628.15 3401000.0
	1095.45543371 653.15 3401000.0
	1100.61312718 678.15 3401000.0
	1105.96020582 703.15 3401000.0
	1111.4435425 728.15 3401000.0
	1117.01647452 753.15 3401000.0
	1122.63840753 778.15 3401000.0
	1128.27436427 803.15 3401000.0
	1133.89450237 828.15 3401000.0
	1139.473622 853.15 3401000.0
	1144.99067993 878.15 3401000.0
	1150.42832199 903.15 3401000.0
	1155.77244252 928.15 3401000.0
	1161.01177569 953.15 3401000.0
	1166.13752174 978.15 3401000.0
	1171.14300867 1003.15 3401000.0
	1176.02338895 1028.15 3401000.0
	1180.77536985 1053.15 3401000.0
	1185.39697521 1078.15 3401000.0
	1189.88733628 1103.15 3401000.0
	1194.24650911 1128.15 3401000.0
	1198.4753158 1153.15 3401000.0
	1202.57520724 1178.15 3401000.0
	1206.54814479 1203.15 3401000.0
	1128.09340406 253.15 3501000.0
	1108.38537376 278.15 3501000.0
	1094.9811866 303.15 3501000.0
	1085.61701899 328.15 3501000.0
	1079.06869949 353.15 3501000.0
	1074.62859377 378.15 3501000.0
	1071.86095189 403.15 3501000.0
	1070.47788521 428.15 3501000.0
	1070.27339106 453.15 3501000.0
	1071.08751423 478.15 3501000.0
	1072.78692514 503.15 3501000.0
	1075.25464277 528.15 3501000.0
	1078.38484673 553.15 3501000.0
	1082.08045346 578.15 3501000.0
	1086.25211594 603.15 3501000.0
	1090.81788418 628.15 3501000.0
	1095.70310843 653.15 3501000.0
	1100.84037014 678.15 3501000.0
	1106.16934452 703.15 3501000.0
	1111.63656388 728.15 3501000.0
	1117.19508541 753.15 3501000.0
	1122.80408261 778.15 3501000.0
	1128.42838444 803.15 3501000.0
	1134.03798565 828.15 3501000.0
	1139.60754876 853.15 3501000.0
	1145.11591346 878.15 3501000.0
	1150.54562553 903.15 3501000.0
	1155.88249335 928.15 3501000.0
	1161.11517692 953.15 3501000.0
	1166.23481221 978.15 3501000.0
	1171.23467125 1003.15 3501000.0
	1176.10985766 1028.15 3501000.0
	1180.85703585 1053.15 3501000.0
	1185.47419195 1078.15 3501000.0
	1189.96042395 1103.15 3501000.0
	1194.31575843 1128.15 3501000.0
	1198.54099134 1153.15 3501000.0
	1202.63755027 1178.15 3501000.0
	1206.60737578 1203.15 3501000.0
	1130.70908646 253.15 3601000.0
	1110.36866832 278.15 3601000.0
	1096.54530506 303.15 3601000.0
	1086.88638036 328.15 3601000.0
	1080.12158277 353.15 3601000.0
	1075.51710005 378.15 3601000.0
	1072.6213049 403.15 3601000.0
	1071.13616137 428.15 3601000.0
	1070.84890254 453.15 3601000.0
	1071.59490548 478.15 3601000.0
	1073.237525 503.15 3601000.0
	1075.65736642 528.15 3601000.0
	1078.74681482 553.15 3601000.0
	1082.40742776 578.15 3601000.0
	1086.54881249 603.15 3601000.0
	1091.08820282 628.15 3601000.0
	1095.95030374 653.15 3601000.0
	1101.0671808 678.15 3601000.0
	1106.37809246 703.15 3601000.0
	1111.8292312 728.15 3601000.0
	1117.37337476 753.15 3601000.0
	1122.96946504 778.15 3601000.0
	1128.58213766 803.15 3601000.0
	1134.18122496 828.15 3601000.0
	1139.74125209 853.15 3601000.0
	1145.240942 878.15 3601000.0
	1150.66274066 903.15 3601000.0
	1155.99237071 928.15 3601000.0
	1161.21841819 953.15 3601000.0
	1166.33195493 978.15 3601000.0
	1171.32619716 1003.15 3601000.0
	1176.19619976 1028.15 3601000.0
	1180.93858439 1053.15 3601000.0
	1185.55129959 1078.15 3601000.0
	1190.03341015 1103.15 3601000.0
	1194.38491327 1128.15 3601000.0
	1198.6065788 1153.15 3601000.0
	1202.69981109 1178.15 3601000.0
	1206.66652997 1203.15 3601000.0
	1133.32684045 253.15 3701000.0
	1112.35136034 278.15 3701000.0
	1098.10789388 303.15 3701000.0
	1088.15395793 328.15 3701000.0
	1081.17269723 353.15 3701000.0
	1076.40395683 378.15 3701000.0
	1073.38016175 403.15 3701000.0
	1071.79309818 428.15 3701000.0
	1071.42322226 453.15 3701000.0
	1072.10123861 478.15 3701000.0
	1073.68718547 503.15 3701000.0
	1076.05925512 528.15 3701000.0
	1079.10803942 553.15 3701000.0
	1082.73373851 578.15 3701000.0
	1086.84491539 603.15 3701000.0
	1091.35798898 628.15 3701000.0
	1096.19702022 653.15 3701000.0
	1101.29355979 678.15 3701000.0
	1106.58645026 703.15 3701000.0
	1112.02154507 728.15 3701000.0
	1117.55134316 753.15 3701000.0
	1123.13455537 778.15 3701000.0
	1128.73562449 803.15 3701000.0
	1134.3242208 828.15 3701000.0
	1139.87473249 853.15 3701000.0
	1145.36576601 878.15 3701000.0
	1150.77966781 903.15 3701000.0
	1156.10207501 928.15 3701000.0
	1161.32149986 953.15 3701000.0
	1166.42895023 978.15 3701000.0
	1171.41758672 1003.15 3701000.0
	1176.28241554 1028.15 3701000.0
	1181.02001576 1053.15 3701000.0
	1185.6282984 1078.15 3701000.0
	1190.10629514 1103.15 3701000.0
	1194.45397386 1128.15 3701000.0
	1198.67207839 1153.15 3701000.0
	1202.76198992 1178.15 3701000.0
	1206.72560756 1203.15 3701000.0
	1135.94646226 253.15 3801000.0
	1114.33333471 278.15 3801000.0
	1099.66888562 303.15 3801000.0
	1089.41971109 328.15 3801000.0
	1082.22201785 353.15 3801000.0
	1077.28914854 378.15 3801000.0
	1074.13751266 403.15 3801000.0
	1072.44868957 428.15 3801000.0
	1071.99634651 453.15 3801000.0
	1072.60651148 478.15 3801000.0
	1074.1359054 503.15 3801000.0
	1076.4603084 528.15 3801000.0
	1079.4685205 553.15 3801000.0
	1083.05938596 578.15 3801000.0
	1087.14042506 603.15 3801000.0
	1091.62724319 628.15 3801000.0
	1096.44325845 653.15 3801000.0
	1101.5195077 678.15 3801000.0
	1106.79441854 703.15 3801000.0
	1112.2135061 728.15 3801000.0
	1117.72899119 753.15 3801000.0
	1123.29935418 778.15 3801000.0
	1128.88884546 803.15 3801000.0
	1134.46697369 828.15 3801000.0
	1140.00799042 853.15 3801000.0
	1145.49038595 878.15 3801000.0
	1150.89640741 903.15 3801000.0
	1156.21160664 928.15 3801000.0
	1161.42442231 953.15 3801000.0
	1166.52579848 978.15 3801000.0
	1171.50884024 1003.15 3801000.0
	1176.36850533 1028.15 3801000.0
	1181.10133026 1053.15 3801000.0
	1185.70518865 1078.15 3801000.0
	1190.17907916 1103.15 3801000.0
	1194.52294044 1128.15 3801000.0
	1198.73749035 1153.15 3801000.0
	1202.82408695 1178.15 3801000.0
	1206.78460872 1203.15 3801000.0
	1138.567746 253.15 3901000.0
	1116.3144759 278.15 3901000.0
	1101.22821291 303.15 3901000.0
	1090.68359931 328.15 3901000.0
	1083.26951977 353.15 3901000.0
	1078.17265971 378.15 3901000.0
	1074.89334799 403.15 3901000.0
	1073.10292955 428.15 3901000.0
	1072.56827166 453.15 3901000.0
	1073.11072195 478.15 3901000.0
	1074.58368369 503.15 3901000.0
	1076.8605258 528.15 3901000.0
	1079.828258 553.15 3901000.0
	1083.38437034 578.15 3901000.0
	1087.4353419 603.15 3901000.0
	1091.89596596 628.15 3901000.0
	1096.68901901 653.15 3901000.0
	1101.74502514 678.15 3901000.0
	1107.00199789 703.15 3901000.0
	1112.40511489 728.15 3901000.0
	1117.90631946 753.15 3901000.0
	1123.46386203 778.15 3901000.0
	1129.04180111 803.15 3901000.0
	1134.60948414 828.15 3901000.0
	1140.14102638 853.15 3901000.0
	1145.61480225 878.15 3901000.0
	1151.01295987 903.15 3901000.0
	1156.32096601 928.15 3901000.0
	1161.5271859 953.15 3901000.0
	1166.62250002 978.15 3901000.0
	1171.59995807 1003.15 3901000.0
	1176.45446941 1028.15 3901000.0
	1181.18252815 1053.15 3901000.0
	1185.78197059 1078.15 3901000.0
	1190.25176246 1103.15 3901000.0
	1194.59181323 1128.15 3901000.0
	1198.80281487 1153.15 3901000.0
	1202.88610239 1178.15 3901000.0
	1206.84353366 1203.15 3901000.0
	1141.19048368 253.15 4001000.0
	1118.294668 278.15 4001000.0
	1102.78580844 303.15 4001000.0
	1091.94558227 328.15 4001000.0
	1084.31517825 353.15 4001000.0
	1079.05447496 378.15 4001000.0
	1075.64765812 403.15 4001000.0
	1073.75581217 428.15 4001000.0
	1073.13899407 453.15 4001000.0
	1073.61386793 478.15 4001000.0
	1075.03051921 503.15 4001000.0
	1077.25990684 528.15 4001000.0
	1080.18725189 553.15 4001000.0
	1083.70869189 578.15 4001000.0
	1087.72966633 603.15 4001000.0
	1092.16415782 628.15 4001000.0
	1096.93430248 653.15 4001000.0
	1101.97011272 678.15 4001000.0
	1107.20918894 703.15 4001000.0
	1112.59637204 728.15 4001000.0
	1118.08332852 753.15 4001000.0
	1123.62807947 778.15 4001000.0
	1129.19449197 803.15 4001000.0
	1134.75175265 828.15 4001000.0
	1140.27384084 853.15 4001000.0
	1145.73901538 878.15 4001000.0
	1151.12932562 903.15 4001000.0
	1156.43015349 928.15 4001000.0
	1161.62979102 953.15 4001000.0
	1166.7190552 978.15 4001000.0
	1171.69094051 1003.15 4001000.0
	1176.54030809 1028.15 4001000.0
	1181.26360972 1053.15 4001000.0
	1185.8586445 1078.15 4001000.0
	1190.32434529 1103.15 4001000.0
	1194.66059247 1128.15 4001000.0
	1198.86805219 1153.15 4001000.0
	1202.94803644 1178.15 4001000.0
	1206.90238256 1203.15 4001000.0
	1143.81446535 253.15 4101000.0
	1120.27379477 278.15 4101000.0
	1104.34160498 303.15 4101000.0
	1093.20561977 328.15 4101000.0
	1085.35896872 353.15 4101000.0
	1079.93457904 378.15 4101000.0
	1076.40043357 403.15 4101000.0
	1074.40733152 428.15 4101000.0
	1073.70851017 453.15 4101000.0
	1074.11594734 478.15 4101000.0
	1075.47641088 503.15 4101000.0
	1077.65845109 528.15 4101000.0
	1080.54550214 553.15 4101000.0
	1084.03235085 578.15 4101000.0
	1088.02339876 603.15 4101000.0
	1092.43181927 628.15 4101000.0
	1097.17910942 653.15 4101000.0
	1102.19477103 678.15 4101000.0
	1107.41599229 703.15 4101000.0
	1112.78727815 728.15 4101000.0
	1118.26001898 753.15 4101000.0
	1123.79200706 778.15 4101000.0
	1129.34691857 803.15 4101000.0
	1134.89377972 828.15 4101000.0
	1140.40643426 853.15 4101000.0
	1145.86302577 878.15 4101000.0
	1151.24550508 903.15 4101000.0
	1156.53916949 928.15 4101000.0
	1161.73223801 953.15 4101000.0
	1166.81546435 978.15 4101000.0
	1171.7817879 1003.15 4101000.0
	1176.62602167 1028.15 4101000.0
	1181.34457526 1053.15 4101000.0
	1185.93521064 1078.15 4101000.0
	1190.39682789 1103.15 4101000.0
	1194.72927839 1128.15 4101000.0
	1198.93320252 1153.15 4101000.0
	1203.0098893 1178.15 4101000.0
	1206.96115561 1203.15 4101000.0
	1146.4394791 253.15 4201000.0
	1122.25173967 278.15 4201000.0
	1105.89553539 303.15 4201000.0
	1094.46367179 328.15 4201000.0
	1086.40086673 353.15 4201000.0
	1080.81295681 378.15 4201000.0
	1077.15166488 403.15 4201000.0
	1075.05748177 428.15 4201000.0
	1074.27681643 453.15 4201000.0
	1074.61695814 478.15 4201000.0
	1075.92135761 503.15 4201000.0
	1078.0561581 528.15 4201000.0
	1080.90300874 553.15 4201000.0
	1084.35534746 578.15 4201000.0
	1088.3165396 603.15 4201000.0
	1092.69895083 628.15 4201000.0
	1097.42344041 653.15 4201000.0
	1102.41900067 678.15 4201000.0
	1107.62240852 703.15 4201000.0
	1112.9778338 728.15 4201000.0
	1118.43639139 753.15 4201000.0
	1123.95564536 778.15 4201000.0
	1129.49908143 803.15 4201000.0
	1135.03556585 828.15 4201000.0
	1140.53880712 853.15 4201000.0
	1145.98683387 878.15 4201000.0
	1151.36149866 903.15 4201000.0
	1156.6480144 928.15 4201000.0
	1161.83452725 953.15 4201000.0
	1166.91172782 978.15 4201000.0
	1171.87250054 1003.15 4201000.0
	1176.71161044 1028.15 4201000.0
	1181.42542504 1053.15 4201000.0
	1186.01166926 1078.15 4201000.0
	1190.46921051 1103.15 4201000.0
	1194.79787122 1128.15 4201000.0
	1198.99826605 1153.15 4201000.0
	1203.07166117 1178.15 4201000.0
	1207.019853 1203.15 4201000.0
	1149.06531115 253.15 4301000.0
	1124.22838588 278.15 4301000.0
	1107.44753265 303.15 4301000.0
	1095.71969848 328.15 4301000.0
	1087.440848 353.15 4301000.0
	1081.68959326 378.15 4301000.0
	1077.90134274 403.15 4301000.0
	1075.70625715 428.15 4301000.0
	1074.84390935 453.15 4301000.0
	1075.1168983 478.15 4301000.0
	1076.36535836 503.15 4301000.0
	1078.45302744 528.15 4301000.0
	1081.25977165 553.15 4301000.0
	1084.67768198 578.15 4301000.0
	1088.60908927 603.15 4301000.0
	1092.96555302 628.15 4301000.0
	1097.66729601 653.15 4301000.0
	1102.64280222 678.15 4301000.0
	1107.82843825 703.15 4301000.0
	1113.16803959 728.15 4301000.0
	1118.61244632 753.15 4301000.0
	1124.1189949 778.15 4301000.0
	1129.65098108 803.15 4301000.0
	1135.17711153 828.15 4301000.0
	1140.67095989 853.15 4301000.0
	1146.11044012 878.15 4301000.0
	1151.47730677 903.15 4301000.0
	1156.75668859 928.15 4301000.0
	1161.93665911 953.15 4301000.0
	1167.00784594 978.15 4301000.0
	1171.96307876 1003.15 4301000.0
	1176.79707471 1028.15 4301000.0
	1181.50615934 1053.15 4301000.0
	1186.08802062 1078.15 4301000.0
	1190.54149338 1103.15 4301000.0
	1194.86637117 1128.15 4301000.0
	1199.06324302 1153.15 4301000.0
	1203.13335225 1178.15 4301000.0
	1207.0784749 1203.15 4301000.0
	1151.69174594 253.15 4401000.0
	1126.20361635 278.15 4401000.0
	1108.99752985 303.15 4401000.0
	1096.97366017 328.15 4401000.0
	1088.47888841 353.15 4401000.0
	1082.56447347 378.15 4401000.0
	1078.64945786 403.15 4401000.0
	1076.35365194 428.15 4401000.0
	1075.40978547 453.15 4401000.0
	1075.61576582 478.15 4401000.0
	1076.80841207 503.15 4401000.0
	1078.8490587 528.15 4401000.0
	1081.61579088 553.15 4401000.0
	1084.99935464 578.15 4401000.0
	1088.90104816 603.15 4401000.0
	1093.23162633 628.15 4401000.0
	1097.91067679 653.15 4401000.0
	1102.86617628 678.15 4401000.0
	1108.03408207 703.15 4401000.0
	1113.35789609 728.15 4401000.0
	1118.78818436 753.15 4401000.0
	1124.28205624 778.15 4401000.0
	1129.80261803 803.15 4401000.0
	1135.31841726 828.15 4401000.0
	1140.80289303 853.15 4401000.0
	1146.23384495 878.15 4401000.0
	1151.59292983 903.15 4401000.0
	1156.86519246 928.15 4401000.0
	1162.03863392 953.15 4401000.0
	1167.10381906 978.15 4401000.0
	1172.05352287 1003.15 4401000.0
	1176.88241477 1028.15 4401000.0
	1181.58677842 1053.15 4401000.0
	1186.16426499 1078.15 4401000.0
	1190.61367675 1103.15 4401000.0
	1194.93477848 1128.15 4401000.0
	1199.12813363 1153.15 4401000.0
	1203.19496274 1178.15 4401000.0
	1207.13702151 1203.15 4401000.0
	1154.31856617 253.15 4501000.0
	1128.17731382 278.15 4501000.0
	1110.54546024 303.15 4501000.0
	1098.22551737 328.15 4501000.0
	1089.51496397 353.15 4501000.0
	1083.43758266 378.15 4501000.0
	1079.39600109 403.15 4501000.0
	1076.99966048 428.15 4501000.0
	1075.97444136 453.15 4501000.0
	1076.11355874 478.15 4501000.0
	1077.25051772 503.15 4501000.0
	1079.24425146 528.15 4501000.0
	1081.97106639 553.15 4501000.0
	1085.3203657 578.15 4501000.0
	1089.19241671 603.15 4501000.0
	1093.49717128 628.15 4501000.0
	1098.15358331 653.15 4501000.0
	1103.08912344 678.15 4501000.0
	1108.23934055 703.15 4501000.0
	1113.5474039 728.15 4501000.0
	1118.96360605 753.15 4501000.0
	1124.44482991 778.15 4501000.0
	1129.9539928 803.15 4501000.0
	1135.45948352 828.15 4501000.0
	1140.934607 853.15 4501000.0
	1146.35704879 878.15 4501000.0
	1151.70836823 903.15 4501000.0
	1156.97352638 928.15 4501000.0
	1162.14045207 953.15 4501000.0
	1167.1996475 978.15 4501000.0
	1172.14383319 1003.15 4501000.0
	1176.9676309 1028.15 4501000.0
	1181.66728257 1053.15 4501000.0
	1186.24040261 1078.15 4501000.0
	1190.68576086 1103.15 4501000.0
	1195.00309337 1128.15 4501000.0
	1199.19293808 1153.15 4501000.0
	1203.25649282 1178.15 4501000.0
	1207.19549301 1203.15 4501000.0
	1156.94555292 253.15 4601000.0
	1130.14936086 278.15 4601000.0
	1112.09125723 303.15 4601000.0
	1099.47523081 328.15 4601000.0
	1090.54905089 353.15 4601000.0
	1084.30890617 378.15 4601000.0
	1080.14096334 403.15 4601000.0
	1077.64427716 428.15 4601000.0
	1076.53787366 453.15 4601000.0
	1076.61027511 478.15 4601000.0
	1077.6916743 503.15 4601000.0
	1079.63860532 528.15 4601000.0
	1082.3255982 553.15 4601000.0
	1085.64071541 578.15 4601000.0
	1089.48319531 603.15 4601000.0
	1093.76218839 628.15 4601000.0
	1098.39601612 653.15 4601000.0
	1103.31164427 678.15 4601000.0
	1108.4442143 703.15 4601000.0
	1113.73656358 728.15 4601000.0
	1119.13871196 753.15 4601000.0
	1124.60731645 778.15 4601000.0
	1130.1051059 803.15 4601000.0
	1135.6003108 828.15 4601000.0
	1141.06610226 853.15 4601000.0
	1146.48005208 878.15 4601000.0
	1151.82362239 903.15 4601000.0
	1157.08169074 928.15 4601000.0
	1162.24211389 953.15 4601000.0
	1167.2953316 978.15 4601000.0
	1172.23401001 1003.15 4601000.0
	1177.0527234 1028.15 4601000.0
	1181.74767206 1053.15 4601000.0
	1186.31643374 1078.15 4601000.0
	1190.75774594 1103.15 4601000.0
	1195.07131605 1128.15 4601000.0
	1199.25765659 1153.15 4601000.0
	1203.3179427 1178.15 4601000.0
	1207.25388957 1203.15 4601000.0
	1159.57248568 253.15 4701000.0
	1132.11963992 278.15 4701000.0
	1113.6348544 303.15 4701000.0
	1100.7227614 328.15 4701000.0
	1091.58112553 353.15 4701000.0
	1085.17842945 378.15 4701000.0
	1080.88433561 403.15 4701000.0
	1078.28749646 428.15 4701000.0
	1077.10007903 453.15 4701000.0
	1077.10591302 478.15 4701000.0
	1078.13188082 503.15 4701000.0
	1080.03211989 528.15 4701000.0
	1082.67938631 553.15 4701000.0
	1085.96040401 578.15 4701000.0
	1089.77338438 603.15 4701000.0
	1094.02667814 628.15 4701000.0
	1098.63797579 653.15 4701000.0
	1103.53373936 678.15 4701000.0
	1108.6487039 703.15 4701000.0
	1113.92537571 728.15 4701000.0
	1119.31350265 753.15 4701000.0
	1124.7695164 778.15 4701000.0
	1130.25595785 803.15 4701000.0
	1135.74089957 828.15 4701000.0
	1141.19737926 853.15 4701000.0
	1146.60285524 878.15 4701000.0
	1151.9386927 903.15 4701000.0
	1157.1896859 928.15 4701000.0
	1162.34361974 953.15 4701000.0
	1167.39087168 978.15 4701000.0
	1172.32405365 1003.15 4701000.0
	1177.13769256 1028.15 4701000.0
	1181.82794715 1053.15 4701000.0
	1186.39235863 1078.15 4701000.0
	1190.82963222 1103.15 4701000.0
	1195.13944676 1128.15 4701000.0
	1199.32228935 1153.15 4701000.0
	1203.37931257 1178.15 4701000.0
	1207.31221139 1203.15 4701000.0
	1162.19914246 253.15 4801000.0
	1134.08803334 278.15 4801000.0
	1115.1761855 303.15 4801000.0
	1101.96807026 328.15 4801000.0
	1092.61116441 353.15 4801000.0
	1086.04613811 378.15 4801000.0
	1081.62610898 403.15 4801000.0
	1078.92931289 428.15 4801000.0
	1077.66105416 453.15 4801000.0
	1077.60047057 478.15 4801000.0
	1078.5711363 503.15 4801000.0
	1080.4247948 528.15 4801000.0
	1083.03243072 553.15 4801000.0
	1086.27943178 578.15 4801000.0
	1090.06298433 603.15 4801000.0
	1094.29064105 628.15 4801000.0
	1098.87946288 653.15 4801000.0
	1103.75540929 678.15 4801000.0
	1108.85280992 703.15 4801000.0
	1114.11384087 728.15 4801000.0
	1119.48797866 753.15 4801000.0
	1124.93143029 778.15 4801000.0
	1130.40654914 803.15 4801000.0
	1135.88125033 828.15 4801000.0
	1141.32843845 853.15 4801000.0
	1146.7254587 878.15 4801000.0
	1152.05357957 903.15 4801000.0
	1157.29751225 928.15 4801000.0
	1162.44496998 953.15 4801000.0
	1167.48626808 978.15 4801000.0
	1172.41396442 1003.15 4801000.0
	1177.22253866 1028.15 4801000.0
	1181.90810811 1053.15 4801000.0
	1186.46817753 1078.15 4801000.0
	1190.90141995 1103.15 4801000.0
	1195.20748571 1128.15 4801000.0
	1199.38683659 1153.15 4801000.0
	1203.44060262 1178.15 4801000.0
	1207.37045864 1203.15 4801000.0
	1164.82529983 253.15 4901000.0
	1136.05442339 278.15 4901000.0
	1116.71518453 303.15 4901000.0
	1103.21111875 328.15 4901000.0
	1093.63914425 353.15 4901000.0
	1086.91201785 378.15 4901000.0
	1082.36627465 403.15 4901000.0
	1079.56972103 428.15 4901000.0
	1078.22079581 453.15 4901000.0
	1078.09394591 478.15 4901000.0
	1079.00943979 503.15 4901000.0
	1080.81662968 528.15 4901000.0
	1083.38473145 553.15 4901000.0
	1086.59779897 578.15 4901000.0
	1090.35199558 603.15 4901000.0
	1094.55407763 628.15 4901000.0
	1099.12047793 653.15 4901000.0
	1103.97665462 678.15 4901000.0
	1109.05653294 703.15 4901000.0
	1114.30195962 728.15 4901000.0
	1119.66214056 753.15 4901000.0
	1125.09305864 778.15 4901000.0
	1130.55688028 803.15 4901000.0
	1136.02136354 828.15 4901000.0
	1141.45928029 853.15 4901000.0
	1146.84786289 878.15 4901000.0
	1152.16828338 903.15 4901000.0
	1157.40517015 928.15 4901000.0
	1162.54616494 953.15 4901000.0
	1167.58152112 978.15 4901000.0
	1172.50374262 1003.15 4901000.0
	1177.30726199 1028.15 4901000.0
	1181.98815522 1053.15 4901000.0
	1186.54389069 1078.15 4901000.0
	1190.97310936 1103.15 4901000.0
	1195.27543311 1128.15 4901000.0
	1199.45129849 1153.15 4901000.0
	1203.50181303 1178.15 4901000.0
	1207.4286315 1203.15 4901000.0
