
	298.871682305 253.15 101000.0
	298.455817722 278.15 101000.0
	298.150514569 303.15 101000.0
	297.919985908 328.15 101000.0
	297.741818465 353.15 101000.0
	297.601394667 378.15 101000.0
	297.488852564 403.15 101000.0
	297.397344288 428.15 101000.0
	297.321995545 453.15 101000.0
	297.259261199 478.15 101000.0
	297.206513527 503.15 101000.0
	297.161771866 528.15 101000.0
	297.123520783 553.15 101000.0
	297.090585128 578.15 101000.0
	297.062042517 603.15 101000.0
	297.03716096 628.15 101000.0
	297.015353715 653.15 101000.0
	296.996146133 678.15 101000.0
	296.979150997 703.15 101000.0
	296.964049955 728.15 101000.0
	296.950579387 753.15 101000.0
	296.938519533 778.15 101000.0
	296.927686065 803.15 101000.0
	296.917923473 828.15 101000.0
	296.909099849 853.15 101000.0
	296.901102743 878.15 101000.0
	296.893835832 903.15 101000.0
	296.887216241 928.15 101000.0
	296.881172363 953.15 101000.0
	296.87564208 978.15 101000.0
	296.870571309 1003.15 101000.0
	296.865912787 1028.15 101000.0
	296.861625077 1053.15 101000.0
	296.857671732 1078.15 101000.0
	296.854020597 1103.15 101000.0
	296.85064322 1128.15 101000.0
	296.847514358 1153.15 101000.0
	296.844611554 1178.15 101000.0
	296.841914782 1203.15 101000.0
	300.927305778 253.15 201000.0
	300.09500866 278.15 201000.0
	299.485072782 303.15 201000.0
	299.025100121 328.15 201000.0
	298.669926918 353.15 201000.0
	298.390183206 378.15 201000.0
	298.166097099 403.15 201000.0
	297.983962331 428.15 201000.0
	297.834035444 453.15 201000.0
	297.709237141 478.15 201000.0
	297.604324394 503.15 201000.0
	297.515347853 528.15 201000.0
	297.439287439 553.15 201000.0
	297.373802254 578.15 201000.0
	297.317055581 603.15 201000.0
	297.267590277 628.15 201000.0
	297.22423863 653.15 201000.0
	297.186056218 678.15 201000.0
	297.15227272 703.15 201000.0
	297.122254911 728.15 201000.0
	297.095478499 753.15 201000.0
	297.071506473 778.15 201000.0
	297.049972309 803.15 201000.0
	297.030566812 828.15 201000.0
	297.013027738 853.15 201000.0
	296.997131531 878.15 201000.0
	296.98268671 903.15 201000.0
	296.969528531 928.15 201000.0
	296.957514657 953.15 201000.0
	296.946521618 978.15 201000.0
	296.936441909 1003.15 201000.0
	296.927181594 1028.15 201000.0
	296.918658311 1053.15 201000.0
	296.91079962 1078.15 201000.0
	296.903541609 1103.15 201000.0
	296.896827731 1128.15 201000.0
	296.890607813 1153.15 201000.0
	296.884837224 1178.15 201000.0
	296.879476158 1203.15 201000.0
	302.991103094 253.15 301000.0
	301.737727435 278.15 301000.0
	300.820840099 303.15 301000.0
	300.130249455 328.15 301000.0
	299.597484013 353.15 301000.0
	299.178144258 378.15 301000.0
	298.842404588 403.15 301000.0
	298.569623294 428.15 301000.0
	298.34514547 453.15 301000.0
	298.158334073 478.15 301000.0
	298.001317539 503.15 301000.0
	297.868170423 528.15 301000.0
	297.75436394 553.15 301000.0
	297.65638931 578.15 301000.0
	297.571494469 603.15 301000.0
	297.49749675 628.15 301000.0
	297.432647468 653.15 301000.0
	297.375532618 678.15 301000.0
	297.324999071 703.15 301000.0
	297.280099064 728.15 301000.0
	297.240047975 753.15 301000.0
	297.204191875 778.15 301000.0
	297.171982356 803.15 301000.0
	297.142956828 828.15 301000.0
	297.116722967 853.15 301000.0
	297.092946347 878.15 301000.0
	297.07134054 903.15 301000.0
	297.051659121 928.15 301000.0
	297.033689186 953.15 301000.0
	297.017246062 978.15 301000.0
	297.002168956 1003.15 301000.0
	296.988317369 1028.15 301000.0
	296.975568122 1053.15 301000.0
	296.96381287 1078.15 301000.0
	296.952956029 1103.15 301000.0
	296.942913026 1128.15 301000.0
	296.933608825 1153.15 301000.0
	296.924976675 1178.15 301000.0
	296.916957046 1203.15 301000.0
	305.062976526 253.15 401000.0
	303.38389415 278.15 401000.0
	302.157759277 303.15 401000.0
	301.235394798 328.15 401000.0
	300.524463601 353.15 401000.0
	299.965260589 378.15 401000.0
	299.517763838 403.15 401000.0
	299.154320059 428.15 401000.0
	298.855321241 453.15 401000.0
	298.606549459 478.15 401000.0
	298.397491661 503.15 401000.0
	298.220239102 528.15 401000.0
	298.068750355 553.15 401000.0
	297.938346716 578.15 401000.0
	297.825359823 603.15 401000.0
	297.726881152 628.15 401000.0
	297.640581071 653.15 401000.0
	297.564576205 678.15 401000.0
	297.497330923 703.15 401000.0
	297.437583268 728.15 401000.0
	297.384288639 753.15 401000.0
	297.336576526 778.15 401000.0
	297.293716954 803.15 401000.0
	297.255094224 828.15 401000.0
	297.220186197 853.15 401000.0
	297.188547813 878.15 401000.0
	297.159797904 903.15 401000.0
	297.133608552 928.15 401000.0
	297.109696456 953.15 401000.0
	297.087815884 978.15 401000.0
	297.067752887 1003.15 401000.0
	297.04932052 1028.15 401000.0
	297.032354888 1053.15 401000.0
	297.016711836 1078.15 401000.0
	297.002264185 1103.15 401000.0
	296.988899412 1128.15 401000.0
	296.97651768 1153.15 401000.0
	296.965030176 1178.15 401000.0
	296.954357697 1203.15 401000.0
	307.142825255 253.15 501000.0
	305.033427616 278.15 501000.0
	303.495772564 303.15 501000.0
	302.34049685 328.15 501000.0
	301.45083948 353.15 501000.0
	300.751514957 378.15 501000.0
	300.192163662 403.15 501000.0
	299.738045509 428.15 501000.0
	299.364558382 453.15 501000.0
	299.053880762 478.15 501000.0
	298.792845457 503.15 501000.0
	298.571553407 528.15 501000.0
	298.382446744 553.15 501000.0
	298.219674885 578.15 501000.0
	298.078652274 603.15 501000.0
	297.955744246 628.15 501000.0
	297.848040272 653.15 501000.0
	297.75318784 678.15 501000.0
	297.669269137 703.15 501000.0
	297.594708368 728.15 501000.0
	297.528201307 753.15 501000.0
	297.468661206 778.15 501000.0
	297.415176842 803.15 501000.0
	297.366979699 828.15 501000.0
	297.323418084 853.15 501000.0
	297.283936541 878.15 501000.0
	297.248059375 903.15 501000.0
	297.215377362 928.15 501000.0
	297.185536968 953.15 501000.0
	297.158231551 978.15 501000.0
	297.133194136 1003.15 501000.0
	297.110191453 1028.15 501000.0
	297.089018988 1053.15 501000.0
	297.069496869 1078.15 501000.0
	297.051466406 1103.15 501000.0
	297.034787195 1128.15 501000.0
	297.019334662 1153.15 501000.0
	297.004997993 1178.15 501000.0
	296.991678358 1203.15 501000.0
	309.230545363 253.15 601000.0
	306.686245364 278.15 601000.0
	304.834821705 303.15 601000.0
	303.445516137 328.15 601000.0
	302.376585397 353.15 601000.0
	301.536890115 378.15 601000.0
	300.865592878 403.15 601000.0
	300.320792538 428.15 601000.0
	299.872852521 453.15 601000.0
	299.500325446 478.15 601000.0
	299.187377619 503.15 601000.0
	298.922112849 528.15 601000.0
	298.695453159 553.15 601000.0
	298.500374219 578.15 601000.0
	298.331372444 603.15 601000.0
	298.184086786 628.15 601000.0
	298.055025895 653.15 601000.0
	297.941368377 678.15 601000.0
	297.840814569 703.15 601000.0
	297.751475201 728.15 601000.0
	297.671786789 753.15 601000.0
	297.60044669 778.15 601000.0
	297.536362754 803.15 601000.0
	297.478613945 828.15 601000.0
	297.42641928 853.15 601000.0
	297.379113144 878.15 601000.0
	297.336125525 903.15 601000.0
	297.296966082 928.15 601000.0
	297.261211217 953.15 601000.0
	297.228493525 978.15 601000.0
	297.198493136 1003.15 601000.0
	297.170930568 1028.15 601000.0
	297.145560796 1053.15 601000.0
	297.122168319 1078.15 601000.0
	297.100563017 1103.15 601000.0
	297.080576677 1128.15 601000.0
	297.062060055 1153.15 601000.0
	297.044880388 1178.15 601000.0
	297.028919276 1203.15 601000.0
	311.32602983 253.15 701000.0
	308.342263659 278.15 701000.0
	306.174847962 303.15 701000.0
	304.550413015 328.15 701000.0
	303.301675054 353.15 701000.0
	302.321368817 378.15 701000.0
	301.538040318 403.15 701000.0
	300.902554049 428.15 701000.0
	300.38019929 453.15 701000.0
	299.945880972 478.15 701000.0
	299.581086835 503.15 701000.0
	299.271916935 528.15 701000.0
	299.007769644 553.15 701000.0
	298.780445109 578.15 701000.0
	298.583520947 603.15 701000.0
	298.411909515 628.15 701000.0
	298.261538755 653.15 701000.0
	298.129118658 678.15 701000.0
	298.011968064 703.15 701000.0
	297.907884597 728.15 701000.0
	297.815045884 753.15 701000.0
	297.731933742 778.15 701000.0
	297.657275418 803.15 701000.0
	297.589997648 828.15 701000.0
	297.529190429 853.15 701000.0
	297.474078224 878.15 701000.0
	297.423996919 903.15 701000.0
	297.378375242 928.15 701000.0
	297.336719697 953.15 701000.0
	297.298602266 978.15 701000.0
	297.263650315 1003.15 701000.0
	297.231538264 1028.15 701000.0
	297.201980683 1053.15 701000.0
	297.174726531 1078.15 701000.0
	297.149554339 1103.15 701000.0
	297.126268159 1128.15 701000.0
	297.104694138 1153.15 701000.0
	297.084677624 1178.15 701000.0
	297.066080694 1203.15 701000.0
	313.429168526 253.15 801000.0
	310.001397514 278.15 801000.0
	307.515792122 303.15 801000.0
	305.655147682 328.15 801000.0
	304.226082114 353.15 801000.0
	303.104933817 378.15 801000.0
	302.209494824 403.15 801000.0
	301.483322955 428.15 801000.0
	300.886594328 453.15 801000.0
	300.390544807 478.15 801000.0
	299.973971793 503.15 801000.0
	299.620965164 528.15 801000.0
	299.319396237 553.15 801000.0
	299.059887943 578.15 801000.0
	298.835098385 603.15 801000.0
	298.639213167 628.15 801000.0
	298.467579655 653.15 801000.0
	298.316439519 678.15 801000.0
	298.182730458 703.15 801000.0
	298.063937376 728.15 801000.0
	297.957979388 753.15 801000.0
	297.863123122 778.15 801000.0
	297.777915553 803.15 801000.0
	297.701131489 828.15 801000.0
	297.631732172 853.15 801000.0
	297.568832383 878.15 801000.0
	297.511674117 903.15 801000.0
	297.459605364 928.15 801000.0
	297.412062896 953.15 801000.0
	297.368558229 978.15 801000.0
	297.328666097 1003.15 801000.0
	297.292014939 1028.15 801000.0
	297.258279018 1053.15 801000.0
	297.22717185 1078.15 801000.0
	297.198440695 1103.15 801000.0
	297.17186194 1128.15 801000.0
	297.147237191 1153.15 801000.0
	297.124389961 1178.15 801000.0
	297.103162857 1203.15 801000.0
	315.539848214 253.15 901000.0
	311.66356071 278.15 901000.0
	308.857594512 303.15 901000.0
	306.759680184 328.15 901000.0
	305.149780208 353.15 901000.0
	303.887567877 378.15 901000.0
	302.879945253 403.15 901000.0
	302.063092182 428.15 901000.0
	301.392033281 453.15 901000.0
	300.834314417 478.15 901000.0
	300.366031177 503.15 901000.0
	299.969257031 528.15 901000.0
	299.630332966 553.15 901000.0
	299.338703095 578.15 901000.0
	299.086105354 603.15 901000.0
	298.865998468 628.15 901000.0
	298.673149392 653.15 901000.0
	298.503331785 678.15 901000.0
	298.35310258 703.15 901000.0
	298.219634353 728.15 901000.0
	298.100588086 753.15 901000.0
	297.994015583 778.15 901000.0
	297.898283875 803.15 901000.0
	297.812016142 828.15 901000.0
	297.734045142 853.15 901000.0
	297.663376214 878.15 901000.0
	297.599157678 903.15 901000.0
	297.54065697 928.15 901000.0
	297.4872413 953.15 901000.0
	297.438361868 978.15 901000.0
	297.393540903 1003.15 901000.0
	297.352360983 1028.15 901000.0
	297.314456168 1053.15 901000.0
	297.279504616 1078.15 901000.0
	297.247222401 1103.15 901000.0
	297.217358317 1128.15 901000.0
	297.18968949 1153.15 901000.0
	297.164017657 1178.15 901000.0
	297.140166006 1203.15 901000.0
	317.657952546 253.15 1001000.0
	313.328665808 278.15 1001000.0
	310.200195015 303.15 1001000.0
	307.863970426 328.15 1001000.0
	306.072742939 353.15 1001000.0
	304.669253768 378.15 1001000.0
	303.549380479 403.15 1001000.0
	302.64185467 428.15 1001000.0
	301.896511804 453.15 1001000.0
	301.277187271 478.15 1001000.0
	300.757263669 503.15 1001000.0
	300.316792027 528.15 1001000.0
	299.940579854 553.15 1001000.0
	299.616890934 578.15 1001000.0
	299.33654244 603.15 1001000.0
	299.092266134 628.15 1001000.0
	298.878248754 653.15 1001000.0
	298.689796274 678.15 1001000.0
	298.523085252 703.15 1001000.0
	298.374976332 728.15 1001000.0
	298.242872758 753.15 1001000.0
	298.12461187 778.15 1001000.0
	298.018381092 803.15 1001000.0
	297.922652277 828.15 1001000.0
	297.836129969 853.15 1001000.0
	297.757710309 878.15 1001000.0
	297.686448152 903.15 1001000.0
	297.621530574 928.15 1001000.0
	297.562255391 953.15 1001000.0
	297.508013631 978.15 1001000.0
	297.458275154 1003.15 1001000.0
	297.412576789 1028.15 1001000.0
	297.370512496 1053.15 1001000.0
	297.331725168 1078.15 1001000.0
	297.295899774 1103.15 1001000.0
	297.262757585 1128.15 1001000.0
	297.232051311 1153.15 1001000.0
	297.20356097 1178.15 1001000.0
	297.177090379 1203.15 1001000.0
	319.783362067 253.15 1101000.0
	314.996624168 278.15 1101000.0
	311.543533079 303.15 1101000.0
	308.967978182 328.15 1101000.0
	306.994943887 353.15 1101000.0
	305.449974273 378.15 1101000.0
	304.217789395 403.15 1101000.0
	303.219603376 428.15 1101000.0
	302.400025561 453.15 1101000.0
	301.719160844 478.15 1101000.0
	301.147667952 503.15 1101000.0
	300.663569638 528.15 1101000.0
	300.250136919 553.15 1101000.0
	299.894451821 578.15 1101000.0
	299.58641022 603.15 1101000.0
	299.318016873 628.15 1101000.0
	299.082878518 653.15 1101000.0
	298.875833795 678.15 1101000.0
	298.692679284 703.15 1101000.0
	298.529964113 728.15 1101000.0
	298.384834176 753.15 1101000.0
	298.254912723 778.15 1101000.0
	298.138207906 803.15 1101000.0
	298.033040556 828.15 1101000.0
	297.937987277 853.15 1101000.0
	297.851835252 878.15 1101000.0
	297.773546087 903.15 1101000.0
	297.702226689 928.15 1101000.0
	297.637105645 953.15 1101000.0
	297.577513963 978.15 1101000.0
	297.522869263 1003.15 1101000.0
	297.472662742 1028.15 1101000.0
	297.426448362 1053.15 1101000.0
	297.383833844 1078.15 1101000.0
	297.344473127 1103.15 1101000.0
	297.308060035 1128.15 1101000.0
	297.274322926 1153.15 1101000.0
	297.243020153 1178.15 1101000.0
	297.213936215 1203.15 1101000.0
	321.915954219 253.15 1201000.0
	316.66734597 278.15 1201000.0
	312.887547733 303.15 1201000.0
	310.071663099 328.15 1201000.0
	307.916356616 353.15 1201000.0
	306.229712191 378.15 1201000.0
	304.885160916 403.15 1201000.0
	303.79633127 428.15 1201000.0
	302.902570227 453.15 1201000.0
	302.160232614 478.15 1201000.0
	301.537242708 503.15 1201000.0
	301.009589348 528.15 1201000.0
	300.559004172 553.15 1201000.0
	300.17138611 578.15 1201000.0
	299.835709265 603.15 1201000.0
	299.543251385 628.15 1201000.0
	299.287039455 653.15 1201000.0
	299.061445149 678.15 1201000.0
	298.861885483 703.15 1201000.0
	298.684598484 728.15 1201000.0
	298.526473105 753.15 1201000.0
	298.384918873 778.15 1201000.0
	298.257765012 803.15 1201000.0
	298.143181637 828.15 1201000.0
	298.039617684 853.15 1201000.0
	297.945751623 878.15 1201000.0
	297.860452028 903.15 1201000.0
	297.782745823 928.15 1201000.0
	297.711792537 953.15 1201000.0
	297.646863307 978.15 1201000.0
	297.587323644 1003.15 1201000.0
	297.532619228 1028.15 1201000.0
	297.482264126 1053.15 1201000.0
	297.435830976 1078.15 1201000.0
	297.392942772 1103.15 1201000.0
	297.35326596 1128.15 1201000.0
	297.316504606 1153.15 1201000.0
	297.28239546 1178.15 1201000.0
	297.250703751 1203.15 1201000.0
	324.055603346 253.15 1301000.0
	318.340740228 278.15 1301000.0
	314.232177604 303.15 1301000.0
	311.174984712 328.15 1301000.0
	308.836954677 353.15 1301000.0
	307.008450342 378.15 1301000.0
	305.55148398 403.15 1301000.0
	304.372031345 428.15 1301000.0
	303.404141488 453.15 1301000.0
	302.600400065 478.15 1301000.0
	301.92598662 503.15 1301000.0
	301.354850635 528.15 1301000.0
	300.867181618 553.15 1301000.0
	300.447694148 578.15 1301000.0
	300.084440137 603.15 1301000.0
	299.767970361 628.15 1301000.0
	299.490732328 653.15 1301000.0
	299.246631129 678.15 1301000.0
	299.030704644 703.15 1301000.0
	298.838880231 728.15 1301000.0
	298.667790303 753.15 1301000.0
	298.514631048 778.15 1301000.0
	298.377053101 803.15 1301000.0
	298.253076172 828.15 1301000.0
	298.141021805 853.15 1301000.0
	298.039459999 878.15 1301000.0
	297.947166512 903.15 1301000.0
	297.863088479 928.15 1301000.0
	297.786316538 953.15 1301000.0
	297.716062102 978.15 1301000.0
	297.651638705 1003.15 1301000.0
	297.592446628 1028.15 1301000.0
	297.537960143 1053.15 1301000.0
	297.487716898 1078.15 1301000.0
	297.441309019 1103.15 1301000.0
	297.398375647 1128.15 1301000.0
	297.358596622 1153.15 1301000.0
	297.321687143 1178.15 1301000.0
	297.287393222 1203.15 1301000.0
	326.202180702 253.15 1401000.0
	320.016714811 278.15 1401000.0
	315.577360925 303.15 1401000.0
	312.277902446 328.15 1401000.0
	309.756711618 353.15 1401000.0
	307.786171569 378.15 1401000.0
	306.21674755 403.15 1401000.0
	304.946696611 428.15 1401000.0
	303.904735043 453.15 1401000.0
	303.039660685 478.15 1401000.0
	302.313898371 503.15 1401000.0
	301.699352977 528.15 1401000.0
	301.174669257 553.15 1401000.0
	300.723376274 578.15 1401000.0
	300.33260339 603.15 1401000.0
	299.992174485 628.15 1401000.0
	299.69395789 653.15 1401000.0
	299.43139252 678.15 1401000.0
	299.199137559 703.15 1401000.0
	298.992810128 728.15 1401000.0
	298.808786522 753.15 1401000.0
	298.644049966 778.15 1401000.0
	298.496072857 803.15 1401000.0
	298.362724808 828.15 1401000.0
	298.242200248 853.15 1401000.0
	298.132960951 878.15 1401000.0
	298.033690075 903.15 1401000.0
	297.943255157 928.15 1401000.0
	297.860678114 953.15 1401000.0
	297.785110783 978.15 1401000.0
	297.715814853 1003.15 1401000.0
	297.65214532 1028.15 1401000.0
	297.593536766 1053.15 1401000.0
	297.539491937 1078.15 1401000.0
	297.489572175 1103.15 1401000.0
	297.443389383 1128.15 1401000.0
	297.40059924 1153.15 1401000.0
	297.360895451 1178.15 1401000.0
	297.32400486 1203.15 1401000.0
	328.355554464 253.15 1501000.0
	321.695176465 278.15 1501000.0
	316.923035556 303.15 1501000.0
	313.380375635 328.15 1501000.0
	310.675600984 353.15 1501000.0
	308.562858739 378.15 1501000.0
	306.880940619 403.15 1501000.0
	305.5203201 428.15 1501000.0
	304.404346604 453.15 1501000.0
	303.478011972 478.15 1501000.0
	302.700976646 503.15 1501000.0
	302.04309585 528.15 1501000.0
	301.481467086 553.15 1501000.0
	300.998432823 578.15 1501000.0
	300.580199571 603.15 1501000.0
	300.215864432 628.15 1501000.0
	299.896716888 653.15 1501000.0
	299.615730099 678.15 1501000.0
	299.367185008 703.15 1501000.0
	299.146388946 728.15 1501000.0
	298.949462506 753.15 1501000.0
	298.773176343 778.15 1501000.0
	298.614824959 803.15 1501000.0
	298.472128187 828.15 1501000.0
	298.343153617 853.15 1501000.0
	298.226255045 878.15 1501000.0
	298.120023247 903.15 1501000.0
	298.023246353 928.15 1501000.0
	297.934877729 953.15 1501000.0
	297.854009783 978.15 1501000.0
	297.779852491 1003.15 1501000.0
	297.711715681 1028.15 1501000.0
	297.648994346 1053.15 1501000.0
	297.591156421 1078.15 1501000.0
	297.537732544 1103.15 1501000.0
	297.488307452 1128.15 1501000.0
	297.442512726 1153.15 1501000.0
	297.400020633 1178.15 1501000.0
	297.360538898 1203.15 1501000.0
	330.515589737 253.15 1601000.0
	323.376030832 278.15 1601000.0
	318.269138996 303.15 1601000.0
	314.482363519 328.15 1601000.0
	311.593596326 353.15 1601000.0
	309.338494752 378.15 1601000.0
	307.544052207 403.15 1601000.0
	306.092894868 428.15 1601000.0
	304.902971898 453.15 1601000.0
	303.915451429 478.15 1601000.0
	303.087220133 503.15 1601000.0
	302.386078726 528.15 1601000.0
	301.787575096 553.15 1601000.0
	301.272864123 578.15 1601000.0
	300.827229222 603.15 1601000.0
	300.439040872 628.15 1601000.0
	300.09901006 653.15 1601000.0
	299.799644638 678.15 1601000.0
	299.534847767 703.15 1601000.0
	299.299617447 728.15 1601000.0
	299.089818995 753.15 1601000.0
	298.902010885 778.15 1601000.0
	298.73331008 803.15 1601000.0
	298.581286944 828.15 1601000.0
	298.443882511 853.15 1601000.0
	298.319342843 878.15 1601000.0
	298.206166555 903.15 1601000.0
	298.10306256 928.15 1601000.0
	298.008915841 953.15 1601000.0
	297.922759531 978.15 1601000.0
	297.84375202 1003.15 1601000.0
	297.771158083 1028.15 1601000.0
	297.704333231 1053.15 1601000.0
	297.642710676 1078.15 1601000.0
	297.585790429 1103.15 1601000.0
	297.533130138 1128.15 1601000.0
	297.484337344 1153.15 1601000.0
	297.439062935 1178.15 1601000.0
	297.396995566 1203.15 1601000.0
	332.682148576 253.15 1701000.0
	325.059182472 278.15 1701000.0
	319.615608395 303.15 1701000.0
	315.583825262 328.15 1701000.0
	312.510671205 353.15 1701000.0
	310.113062538 378.15 1701000.0
	308.206071368 403.15 1701000.0
	306.664413993 428.15 1701000.0
	305.400606668 453.15 1701000.0
	304.351976569 478.15 1701000.0
	303.472627521 503.15 1701000.0
	302.728301078 528.15 1701000.0
	302.092993275 553.15 1701000.0
	301.546670496 578.15 1701000.0
	301.073692875 603.15 1701000.0
	300.661704465 628.15 1701000.0
	300.300838139 653.15 1701000.0
	299.983136897 678.15 1701000.0
	299.702126603 703.15 1701000.0
	299.452496386 728.15 1701000.0
	299.229856721 753.15 1701000.0
	299.030554294 778.15 1701000.0
	298.851528887 803.15 1701000.0
	298.690201711 828.15 1701000.0
	298.544387523 853.15 1701000.0
	298.412224904 878.15 1701000.0
	298.292120521 903.15 1701000.0
	298.182704267 928.15 1701000.0
	298.082792909 953.15 1701000.0
	297.991360452 978.15 1701000.0
	297.907513836 1003.15 1701000.0
	297.830472899 1028.15 1701000.0
	297.759553766 1053.15 1701000.0
	297.694155022 1078.15 1701000.0
	297.633746132 1103.15 1701000.0
	297.57785772 1128.15 1701000.0
	297.526073356 1153.15 1701000.0
	297.478022602 1178.15 1701000.0
	297.433375093 1203.15 1701000.0
	334.855089997 253.15 1801000.0
	326.744534885 278.15 1801000.0
	320.962380574 303.15 1801000.0
	316.684719957 328.15 1801000.0
	313.426799198 353.15 1801000.0
	310.886545065 378.15 1801000.0
	308.866987189 403.15 1801000.0
	307.23487058 428.15 1801000.0
	305.897246672 453.15 1801000.0
	304.787584913 478.15 1801000.0
	303.857197505 503.15 1801000.0
	303.069762378 528.15 1801000.0
	302.397721606 553.15 1801000.0
	301.819852259 578.15 1801000.0
	301.319591059 603.15 1801000.0
	300.883855865 628.15 1801000.0
	300.502201847 653.15 1801000.0
	300.166207634 678.15 1801000.0
	299.869022278 703.15 1801000.0
	299.605026512 728.15 1801000.0
	299.369576408 753.15 1801000.0
	299.158807265 778.15 1801000.0
	298.96948204 803.15 1801000.0
	298.798873112 828.15 1801000.0
	298.644669244 853.15 1801000.0
	298.504901781 878.15 1801000.0
	298.377885664 903.15 1801000.0
	298.262171957 928.15 1801000.0
	298.156509384 953.15 1801000.0
	298.059812969 978.15 1801000.0
	297.971138335 1003.15 1801000.0
	297.889660495 1028.15 1801000.0
	297.814656296 1053.15 1801000.0
	297.745489781 1078.15 1801000.0
	297.681599952 1103.15 1801000.0
	297.622490479 1128.15 1801000.0
	297.567721023 1153.15 1801000.0
	297.516899876 1178.15 1801000.0
	297.469677707 1203.15 1801000.0
	337.034269996 253.15 1901000.0
	328.431990532 278.15 1901000.0
	322.309392036 303.15 1901000.0
	317.785006638 328.15 1901000.0
	314.341953902 353.15 1901000.0
	311.65892534 378.15 1901000.0
	309.526788794 403.15 1901000.0
	307.80425776 428.15 1901000.0
	306.392887686 453.15 1901000.0
	305.222273991 478.15 1901000.0
	304.240928781 503.15 1901000.0
	303.410462095 528.15 1901000.0
	302.701760071 553.15 1901000.0
	302.092409723 578.15 1901000.0
	301.564924294 603.15 1901000.0
	301.105495721 628.15 1901000.0
	300.703101904 653.15 1901000.0
	300.348857596 678.15 1901000.0
	300.035535545 703.15 1901000.0
	299.757208567 728.15 1901000.0
	299.508978777 753.15 1901000.0
	299.28677049 778.15 1901000.0
	299.087170198 803.15 1901000.0
	298.90730177 828.15 1901000.0
	298.744728258 853.15 1901000.0
	298.597374022 878.15 1901000.0
	298.463462497 903.15 1901000.0
	298.341466112 928.15 1901000.0
	298.230065715 953.15 1901000.0
	298.128117503 978.15 1901000.0
	298.034625907 1003.15 1901000.0
	297.948721237 1028.15 1901000.0
	297.86964116 1053.15 1901000.0
	297.79671527 1078.15 1901000.0
	297.729352184 1103.15 1901000.0
	297.667028691 1128.15 1901000.0
	297.609280603 1153.15 1901000.0
	297.555695001 1178.15 1901000.0
	297.505903632 1203.15 1901000.0
	339.219541569 253.15 2001000.0
	330.121450864 278.15 2001000.0
	323.656578985 303.15 2001000.0
	318.884644285 328.15 2001000.0
	315.256108942 353.15 2001000.0
	312.43018641 378.15 2001000.0
	310.185465342 403.15 2001000.0
	308.372568693 428.15 2001000.0
	306.887525506 453.15 2001000.0
	305.656041344 478.15 2001000.0
	304.62382005 503.15 2001000.0
	303.750399701 528.15 2001000.0
	303.005108647 553.15 2001000.0
	302.364343195 578.15 2001000.0
	301.809693096 603.15 2001000.0
	301.326624672 628.15 2001000.0
	300.903539018 653.15 2001000.0
	300.531087526 678.15 2001000.0
	300.201667153 703.15 2001000.0
	299.909043288 728.15 2001000.0
	299.648064542 753.15 2001000.0
	299.414444651 778.15 2001000.0
	299.204594011 803.15 2001000.0
	299.0154883 828.15 2001000.0
	298.844565145 853.15 2001000.0
	298.689642172 878.15 2001000.0
	298.548851532 903.15 2001000.0
	298.42058721 928.15 2001000.0
	298.30346235 953.15 2001000.0
	298.19627447 978.15 2001000.0
	298.097976942 1003.15 2001000.0
	298.007655488 1028.15 2001000.0
	297.924508697 1053.15 2001000.0
	297.847831806 1078.15 2001000.0
	297.777003123 1103.15 2001000.0
	297.71147263 1128.15 2001000.0
	297.650752353 1153.15 2001000.0
	297.594408215 1178.15 2001000.0
	297.542053094 1203.15 2001000.0
	341.410754737 253.15 2101000.0
	331.812816338 278.15 2101000.0
	325.003877338 303.15 2101000.0
	319.983591834 328.15 2101000.0
	316.169237972 353.15 2101000.0
	313.200311372 378.15 2101000.0
	310.843006037 403.15 2101000.0
	308.939796566 428.15 2101000.0
	307.381155944 453.15 2101000.0
	306.088884526 478.15 2101000.0
	305.005870018 503.15 2101000.0
	304.089574668 528.15 2101000.0
	303.307767309 553.15 2101000.0
	302.635652979 578.15 2101000.0
	302.053897973 603.15 2101000.0
	301.547243354 628.15 2101000.0
	301.103513895 653.15 2101000.0
	300.712898158 678.15 2101000.0
	300.36741784 703.15 2101000.0
	300.060531404 728.15 2101000.0
	299.786834409 753.15 2101000.0
	299.541830428 778.15 2101000.0
	299.321754124 803.15 2101000.0
	299.123433312 828.15 2101000.0
	298.94418048 853.15 2101000.0
	298.781706773 878.15 2101000.0
	298.634053275 903.15 2101000.0
	298.499535725 928.15 2101000.0
	298.376699732 953.15 2101000.0
	298.264284282 978.15 2101000.0
	298.161191825 1003.15 2101000.0
	298.066463607 1028.15 2101000.0
	297.979259244 1053.15 2101000.0
	297.898839701 1078.15 2101000.0
	297.824553063 1103.15 2101000.0
	297.755822571 1128.15 2101000.0
	297.692136529 1153.15 2101000.0
	297.633039757 1178.15 2101000.0
	297.578126315 1203.15 2101000.0
	343.607756567 253.15 2201000.0
	333.505986448 278.15 2201000.0
	326.351222741 303.15 2201000.0
	321.08180819 328.15 2201000.0
	317.081314685 353.15 2201000.0
	313.969283368 378.15 2201000.0
	311.499400119 403.15 2201000.0
	309.505934599 428.15 2201000.0
	307.873774836 453.15 2201000.0
	306.520801098 478.15 2201000.0
	305.387077398 503.15 2201000.0
	304.427986466 528.15 2201000.0
	303.609736031 553.15 2201000.0
	302.906339371 578.15 2201000.0
	302.297539431 603.15 2201000.0
	301.767352395 628.15 2201000.0
	301.30302723 653.15 2201000.0
	300.89429022 678.15 2201000.0
	300.532788343 703.15 2201000.0
	300.211673638 728.15 2201000.0
	299.92528908 753.15 2201000.0
	299.668928493 778.15 2201000.0
	299.438651177 803.15 2201000.0
	299.231137413 828.15 2201000.0
	299.043574835 853.15 2201000.0
	298.873568359 878.15 2201000.0
	298.719068229 903.15 2201000.0
	298.578312126 928.15 2201000.0
	298.449778298 953.15 2201000.0
	298.332147352 978.15 2201000.0
	298.22427094 1003.15 2201000.0
	298.125145953 1028.15 2201000.0
	298.033893133 1053.15 2201000.0
	297.949739268 1078.15 2201000.0
	297.872002294 1103.15 2201000.0
	297.800078784 1128.15 2201000.0
	297.733433383 1153.15 2201000.0
	297.671589864 1178.15 2201000.0
	297.614123516 1203.15 2201000.0
	345.810391201 253.15 2301000.0
	335.200859747 278.15 2301000.0
	327.698550588 303.15 2301000.0
	322.17925223 328.15 2301000.0
	317.992312813 353.15 2301000.0
	314.737085593 378.15 2301000.0
	312.154636876 403.15 2301000.0
	310.070976043 428.15 2301000.0
	308.365378034 453.15 2301000.0
	306.951788637 478.15 2301000.0
	305.767440905 503.15 2301000.0
	304.76563457 528.15 2301000.0
	303.911014783 553.15 2301000.0
	303.176402666 578.15 2301000.0
	302.540617966 603.15 2301000.0
	301.986952416 628.15 2301000.0
	301.502079715 653.15 2301000.0
	301.075264436 678.15 2301000.0
	300.697779389 703.15 2301000.0
	300.362470708 728.15 2301000.0
	300.063429251 753.15 2301000.0
	299.795739514 778.15 2301000.0
	299.555285807 803.15 2301000.0
	299.338601204 828.15 2301000.0
	299.142748776 853.15 2301000.0
	298.965227465 878.15 2301000.0
	298.803896892 903.15 2301000.0
	298.656916881 928.15 2301000.0
	298.522698487 953.15 2301000.0
	298.399864085 978.15 2301000.0
	298.287214667 1003.15 2301000.0
	298.183702881 1028.15 2301000.0
	298.088410697 1053.15 2301000.0
	298.000530815 1078.15 2301000.0
	297.919351104 1103.15 2301000.0
	297.844241539 1128.15 2301000.0
	297.774643168 1153.15 2301000.0
	297.710058771 1178.15 2301000.0
	297.650044918 1203.15 2301000.0
	348.018499883 253.15 2401000.0
	336.897333874 278.15 2401000.0
	329.045796032 303.15 2401000.0
	323.275882818 328.15 2401000.0
	318.902206139 353.15 2401000.0
	315.503701298 378.15 2401000.0
	312.808705641 403.15 2401000.0
	310.634914182 428.15 2401000.0
	308.855961417 453.15 2401000.0
	307.381844733 478.15 2401000.0
	306.146959264 503.15 2401000.0
	305.102518455 528.15 2401000.0
	304.211603535 553.15 2401000.0
	303.445843155 578.15 2401000.0
	302.783134074 603.15 2401000.0
	302.206044036 628.15 2401000.0
	301.700672034 653.15 2401000.0
	301.255821521 678.15 2401000.0
	300.8623917 703.15 2401000.0
	300.512923326 728.15 2401000.0
	300.201255613 753.15 2401000.0
	299.922264153 778.15 2401000.0
	299.671658644 803.15 2401000.0
	299.445825281 828.15 2401000.0
	299.241702866 853.15 2401000.0
	299.056684617 878.15 2401000.0
	298.888539759 903.15 2401000.0
	298.735350453 928.15 2401000.0
	298.595460731 953.15 2401000.0
	298.467434888 978.15 2401000.0
	298.350023384 1003.15 2401000.0
	298.242134742 1028.15 2401000.0
	298.142812264 1053.15 2401000.0
	298.051214649 1078.15 2401000.0
	297.966599781 1103.15 2401000.0
	297.888311104 1128.15 2401000.0
	297.815766133 1153.15 2401000.0
	297.748446713 1178.15 2401000.0
	297.68589074 1203.15 2401000.0
	350.231920992 253.15 2501000.0
	338.59530558 278.15 2501000.0
	330.392894004 303.15 2501000.0
	324.371658807 328.15 2501000.0
	319.810968493 353.15 2501000.0
	316.269113789 378.15 2501000.0
	313.461595792 403.15 2501000.0
	311.197742335 428.15 2501000.0
	309.345520883 453.15 2501000.0
	307.810966986 478.15 2501000.0
	306.525631204 503.15 2501000.0
	305.438637597 528.15 2501000.0
	304.511502255 553.15 2501000.0
	303.714661125 578.15 2501000.0
	303.025088242 603.15 2501000.0
	302.424627863 628.15 2501000.0
	301.898804867 653.15 2501000.0
	301.435962184 678.15 2501000.0
	301.026625992 703.15 2501000.0
	300.663032196 728.15 2501000.0
	300.338768849 753.15 2501000.0
	300.048503067 778.15 2501000.0
	299.787770312 803.15 2501000.0
	299.552810237 828.15 2501000.0
	299.340437662 853.15 2501000.0
	299.14794034 878.15 2501000.0
	298.972997323 903.15 2501000.0
	298.813613303 928.15 2501000.0
	298.66806546 953.15 2501000.0
	298.534860161 978.15 2501000.0
	298.412697466 1003.15 2501000.0
	298.300441888 1028.15 2501000.0
	298.197098161 1053.15 2501000.0
	298.101791076 1078.15 2501000.0
	298.013748609 1103.15 2501000.0
	297.932287746 1128.15 2501000.0
	297.856802528 1153.15 2501000.0
	297.78675392 1178.15 2501000.0
	297.721661198 1203.15 2501000.0
	352.450490071 253.15 2601000.0
	340.294670752 278.15 2601000.0
	331.739779228 303.15 2601000.0
	325.466539056 328.15 2601000.0
	320.718573765 353.15 2601000.0
	317.033306434 378.15 2601000.0
	314.113296758 403.15 2601000.0
	311.759453855 428.15 2601000.0
	309.834052354 453.15 2601000.0
	308.239153014 478.15 2601000.0
	306.903455464 503.15 2601000.0
	305.773991475 528.15 2601000.0
	304.810710909 553.15 2601000.0
	303.982856859 578.15 2601000.0
	303.266480956 603.15 2601000.0
	302.642704505 628.15 2601000.0
	302.096478886 653.15 2601000.0
	301.615687129 678.15 2601000.0
	301.190482974 703.15 2601000.0
	300.812798019 728.15 2601000.0
	300.475969639 753.15 2601000.0
	300.174456907 778.15 2601000.0
	299.903621433 803.15 2601000.0
	299.659556659 828.15 2601000.0
	299.438953718 853.15 2601000.0
	299.238995155 878.15 2601000.0
	299.057270071 903.15 2601000.0
	298.891705886 928.15 2601000.0
	298.740513101 953.15 2601000.0
	298.602140303 978.15 2601000.0
	298.475237286 1003.15 2601000.0
	298.358624665 1028.15 2601000.0
	298.251268712 1053.15 2601000.0
	298.152260398 1078.15 2601000.0
	298.06079787 1103.15 2601000.0
	297.976171727 1128.15 2601000.0
	297.897752599 1153.15 2601000.0
	297.824980625 1178.15 2601000.0
	297.757356508 1203.15 2601000.0
	354.674039866 253.15 2701000.0
	341.995324448 278.15 2701000.0
	333.086386237 303.15 2701000.0
	326.560482432 328.15 2701000.0
	321.624995908 353.15 2701000.0
	317.796262666 378.15 2701000.0
	314.763798019 403.15 2701000.0
	312.320042133 428.15 2701000.0
	310.321551778 453.15 2701000.0
	308.666400447 478.15 2701000.0
	307.280430788 503.15 2701000.0
	306.108579572 528.15 2701000.0
	305.109229465 553.15 2701000.0
	304.250430638 578.15 2701000.0
	303.507312694 603.15 2701000.0
	302.860274561 628.15 2701000.0
	302.293694759 653.15 2701000.0
	301.794997055 678.15 2701000.0
	301.353963352 703.15 2701000.0
	300.962221489 728.15 2701000.0
	300.612858657 753.15 2701000.0
	300.300126321 778.15 2701000.0
	300.019212622 803.15 2701000.0
	299.766065129 828.15 2701000.0
	299.537251583 853.15 2701000.0
	299.329849577 878.15 2701000.0
	299.141358487 903.15 2701000.0
	298.969628656 928.15 2701000.0
	298.812804079 953.15 2701000.0
	298.669275711 978.15 2701000.0
	298.537643212 1003.15 2701000.0
	298.416683419 1028.15 2701000.0
	298.305324241 1053.15 2701000.0
	298.202622917 1078.15 2701000.0
	298.107747847 1103.15 2701000.0
	298.019963311 1128.15 2701000.0
	297.938616591 1153.15 2701000.0
	297.863127056 1178.15 2701000.0
	297.792976885 1203.15 2701000.0
	356.902400363 253.15 2801000.0
	343.697160915 278.15 2801000.0
	334.432649387 303.15 2801000.0
	327.653447821 328.15 2801000.0
	322.530208938 353.15 2801000.0
	318.557965981 378.15 2801000.0
	315.413089107 403.15 2801000.0
	312.879500597 428.15 2801000.0
	310.808015127 453.15 2801000.0
	309.092706931 478.15 2801000.0
	307.656555928 503.15 2801000.0
	306.442401371 528.15 2801000.0
	305.407057888 553.15 2801000.0
	304.517382739 578.15 2801000.0
	303.747583933 603.15 2801000.0
	303.077338627 628.15 2801000.0
	302.490453147 653.15 2801000.0
	301.973892653 678.15 2801000.0
	301.517067824 703.15 2801000.0
	301.111303294 728.15 2801000.0
	300.74943657 753.15 2801000.0
	300.42551195 778.15 2801000.0
	300.13454449 803.15 2801000.0
	299.872336226 828.15 2801000.0
	299.635331803 853.15 2801000.0
	299.42050412 878.15 2801000.0
	299.225263052 903.15 2801000.0
	299.047382063 928.15 2801000.0
	298.884938813 953.15 2801000.0
	298.736266778 978.15 2801000.0
	298.599915613 1003.15 2801000.0
	298.474618494 1028.15 2801000.0
	298.359265066 1053.15 2801000.0
	298.252878932 1078.15 2801000.0
	298.154598818 1103.15 2801000.0
	298.063662758 1128.15 2801000.0
	297.979394748 1153.15 2801000.0
	297.901193442 1178.15 2801000.0
	297.828522542 1203.15 2801000.0
	359.135398825 253.15 2901000.0
	345.400073626 278.15 2901000.0
	335.778502878 303.15 2901000.0
	328.745394139 328.15 2901000.0
	323.434186946 353.15 2901000.0
	319.318399948 378.15 2901000.0
	316.06115961 403.15 2901000.0
	313.437822715 428.15 2901000.0
	311.293438397 453.15 2901000.0
	309.518070128 478.15 2901000.0
	308.031829648 503.15 2901000.0
	306.775456362 528.15 2901000.0
	305.704196144 553.15 2901000.0
	304.78371344 578.15 2901000.0
	303.987295144 603.15 2901000.0
	303.293897292 628.15 2901000.0
	302.686754707 653.15 2901000.0
	302.15237461 678.15 2901000.0
	301.679797082 703.15 2901000.0
	301.260044118 728.15 2901000.0
	300.885704042 753.15 2901000.0
	300.55061443 778.15 2901000.0
	300.249617643 803.15 2901000.0
	299.978370524 828.15 2901000.0
	299.733194919 853.15 2901000.0
	299.510959292 878.15 2901000.0
	299.308984242 903.15 2901000.0
	299.124966553 928.15 2901000.0
	298.956917721 953.15 2901000.0
	298.803113893 978.15 2901000.0
	298.662054853 1003.15 2901000.0
	298.532430228 1028.15 2901000.0
	298.413091506 1053.15 2901000.0
	298.303028738 1078.15 2901000.0
	298.20135106 1103.15 2901000.0
	298.107270327 1128.15 2901000.0
	298.020087312 1153.15 2901000.0
	297.939180007 1178.15 2901000.0
	297.86399369 1203.15 2901000.0
	361.372859832 253.15 3001000.0
	347.103955302 278.15 3001000.0
	337.123880766 303.15 3001000.0
	329.836280338 328.15 3001000.0
	324.336904098 353.15 3001000.0
	320.077548206 378.15 3001000.0
	316.707999169 403.15 3001000.0
	313.995001991 428.15 3001000.0
	311.777817614 453.15 3001000.0
	309.942487718 478.15 3001000.0
	308.406250716 503.15 3001000.0
	307.107744036 528.15 3001000.0
	306.000644199 553.15 3001000.0
	305.049423012 578.15 3001000.0
	304.226446795 603.15 3001000.0
	303.509951143 628.15 3001000.0
	302.88260009 653.15 3001000.0
	302.330443608 678.15 3001000.0
	301.842151815 703.15 3001000.0
	301.408444639 728.15 3001000.0
	301.021661732 753.15 3001000.0
	300.675434392 778.15 3001000.0
	300.364432683 803.15 3001000.0
	300.084168594 828.15 3001000.0
	299.830841469 853.15 3001000.0
	299.601215598 878.15 3001000.0
	299.392522532 903.15 3001000.0
	299.202382571 928.15 3001000.0
	299.028741219 953.15 3001000.0
	298.869817445 978.15 3001000.0
	298.724061294 1003.15 3001000.0
	298.590118962 1028.15 3001000.0
	298.466803877 1053.15 3001000.0
	298.353072631 1078.15 3001000.0
	298.248004848 1103.15 3001000.0
	298.150786276 1128.15 3001000.0
	298.060694523 1153.15 3001000.0
	297.977086978 1178.15 3001000.0
	297.89939054 1203.15 3001000.0
	363.614605331 253.15 3101000.0
	348.808697946 278.15 3101000.0
	338.46871698 303.15 3101000.0
	330.926065417 328.15 3101000.0
	325.238334643 353.15 3101000.0
	320.835394467 378.15 3101000.0
	317.353597487 403.15 3101000.0
	314.551031976 428.15 3101000.0
	312.261148828 453.15 3101000.0
	310.365957393 478.15 3101000.0
	308.779817914 503.15 3101000.0
	307.439263889 528.15 3101000.0
	306.29640202 553.15 3101000.0
	305.314511728 578.15 3101000.0
	304.46503935 603.15 3101000.0
	303.725500761 628.15 3101000.0
	303.077989942 653.15 3101000.0
	302.508100323 678.15 3101000.0
	302.004132704 703.15 3101000.0
	301.556505529 728.15 3101000.0
	301.157310291 753.15 3101000.0
	300.799972465 778.15 3101000.0
	300.478990206 803.15 3101000.0
	300.189730999 828.15 3101000.0
	299.928271985 853.15 3101000.0
	299.691273539 878.15 3101000.0
	299.475878392 903.15 3101000.0
	299.279630556 928.15 3101000.0
	299.100409718 953.15 3101000.0
	298.936377819 978.15 3101000.0
	298.785935296 1003.15 3101000.0
	298.647685029 1028.15 3101000.0
	298.520402492 1053.15 3101000.0
	298.403010905 1078.15 3101000.0
	298.294560458 1103.15 3101000.0
	298.19421086 1128.15 3101000.0
	298.101216621 1153.15 3101000.0
	298.014914578 1178.15 3101000.0
	297.9347133 1203.15 3101000.0
	365.860454675 253.15 3201000.0
	350.51419287 278.15 3201000.0
	339.812945338 303.15 3201000.0
	332.014708427 328.15 3201000.0
	326.138452913 353.15 3201000.0
	321.591922524 378.15 3201000.0
	317.997944322 403.15 3201000.0
	315.105906258 428.15 3201000.0
	312.743428118 453.15 3201000.0
	310.788476868 478.15 3201000.0
	309.15253003 503.15 3201000.0
	307.770015422 528.15 3201000.0
	306.591469572 553.15 3201000.0
	305.578979856 578.15 3201000.0
	304.70307327 603.15 3201000.0
	303.940546722 628.15 3201000.0
	303.272924904 653.15 3201000.0
	302.685345426 678.15 3201000.0
	302.165740426 703.15 3201000.0
	301.704227457 728.15 3201000.0
	301.292650368 753.15 3201000.0
	300.924229269 778.15 3201000.0
	300.593290806 803.15 3201000.0
	300.295058302 828.15 3201000.0
	300.025486997 853.15 3201000.0
	299.781133613 878.15 3201000.0
	299.559052289 903.15 3201000.0
	299.356710946 928.15 3201000.0
	299.171923627 953.15 3201000.0
	299.002795396 978.15 3201000.0
	298.847677215 1003.15 3201000.0
	298.705128764 1028.15 3201000.0
	298.573887663 1053.15 3201000.0
	298.452843849 1078.15 3201000.0
	298.341018159 1103.15 3201000.0
	298.237544333 1128.15 3201000.0
	298.141653842 1153.15 3201000.0
	298.052663028 1178.15 3201000.0
	297.969962179 1203.15 3201000.0
	368.110224672 253.15 3301000.0
	352.220330728 278.15 3301000.0
	341.156499565 303.15 3301000.0
	333.102168483 328.15 3301000.0
	327.037233335 353.15 3301000.0
	322.347116247 378.15 3301000.0
	318.641029495 403.15 3301000.0
	315.65961847 428.15 3301000.0
	313.224651593 453.15 3301000.0
	311.210043873 478.15 3301000.0
	309.524385864 503.15 3301000.0
	308.099998139 528.15 3301000.0
	306.885846825 553.15 3301000.0
	305.842827666 578.15 3301000.0
	304.940549013 603.15 3301000.0
	304.155089599 628.15 3301000.0
	303.467405614 653.15 3301000.0
	302.862179581 678.15 3301000.0
	302.326975654 703.15 3301000.0
	301.851611084 728.15 3301000.0
	301.427682607 753.15 3301000.0
	301.048205423 778.15 3301000.0
	300.707335071 803.15 3301000.0
	300.40015106 828.15 3301000.0
	300.12248703 853.15 3301000.0
	299.870796315 878.15 3301000.0
	299.642044686 903.15 3301000.0
	299.433624175 928.15 3301000.0
	299.243283352 953.15 3301000.0
	299.069070557 978.15 3301000.0
	298.909287407 1003.15 3301000.0
	298.762450499 1028.15 3301000.0
	298.627259699 1053.15 3301000.0
	298.502571753 1078.15 3301000.0
	298.387378222 1103.15 3301000.0
	298.280786948 1128.15 3301000.0
	298.182006424 1153.15 3301000.0
	298.09033255 1178.15 3301000.0
	298.005137383 1203.15 3301000.0
	370.363729637 253.15 3401000.0
	353.927001542 278.15 3401000.0
	342.499313308 303.15 3401000.0
	334.188404773 328.15 3401000.0
	327.934650427 353.15 3401000.0
	323.10095959 378.15 3401000.0
	319.282842891 403.15 3401000.0
	316.21216229 428.15 3401000.0
	313.70481539 453.15 3401000.0
	311.630656156 478.15 3401000.0
	309.895384227 503.15 3401000.0
	308.429211551 528.15 3401000.0
	307.179533747 553.15 3401000.0
	306.106055422 578.15 3401000.0
	305.177467033 603.15 3401000.0
	304.369129961 628.15 3401000.0
	303.661432702 653.15 3401000.0
	303.038603451 678.15 3401000.0
	302.487839054 703.15 3401000.0
	301.998657068 728.15 3401000.0
	301.562407644 753.15 3401000.0
	301.17190154 778.15 3401000.0
	300.821123585 803.15 3401000.0
	300.505009825 828.15 3401000.0
	300.219272607 853.15 3401000.0
	299.960262134 878.15 3401000.0
	299.724856042 903.15 3401000.0
	299.510370673 928.15 3401000.0
	299.314489296 953.15 3401000.0
	299.135203678 978.15 3401000.0
	298.970766223 1003.15 3401000.0
	298.819650561 1028.15 3401000.0
	298.680518907 1053.15 3401000.0
	298.552194903 1078.15 3401000.0
	298.433640915 1103.15 3401000.0
	298.323938955 1128.15 3401000.0
	298.222274599 1153.15 3401000.0
	298.127923362 1178.15 3401000.0
	298.040239117 1203.15 3401000.0
	372.620781442 253.15 3501000.0
	355.634094737 278.15 3501000.0
	343.841320151 303.15 3501000.0
	335.273376564 328.15 3501000.0
	328.830678809 353.15 3501000.0
	323.853436592 378.15 3501000.0
	319.923374456 403.15 3501000.0
	316.763531438 428.15 3501000.0
	314.183915676 453.15 3501000.0
	312.050311484 478.15 3501000.0
	310.26552394 503.15 3501000.0
	308.757655173 528.15 3501000.0
	307.47253031 553.15 3501000.0
	306.368663392 578.15 3501000.0
	305.413827783 603.15 3501000.0
	304.582668371 628.15 3501000.0
	303.855006795 653.15 3501000.0
	303.214617692 678.15 3501000.0
	302.648331289 703.15 3501000.0
	302.145366062 728.15 3501000.0
	301.696826116 753.15 3501000.0
	301.295318227 778.15 3501000.0
	300.934656927 803.15 3501000.0
	300.609635148 828.15 3501000.0
	300.315844244 853.15 3501000.0
	300.049531558 878.15 3501000.0
	299.807486817 903.15 3501000.0
	299.586950869 928.15 3501000.0
	299.385541861 953.15 3501000.0
	299.201195134 978.15 3501000.0
	299.032114014 1003.15 3501000.0
	298.876729279 1028.15 3501000.0
	298.733665593 1053.15 3501000.0
	298.601713586 1078.15 3501000.0
	298.479806505 1103.15 3501000.0
	298.367000603 1128.15 3501000.0
	298.262458601 1153.15 3501000.0
	298.165435682 1178.15 3501000.0
	298.075267584 1203.15 3501000.0
	374.881189568 253.15 3601000.0
	357.341499171 278.15 3601000.0
	345.182453635 303.15 3601000.0
	336.357043209 328.15 3601000.0
	329.725293206 353.15 3601000.0
	324.60453138 378.15 3601000.0
	320.562614204 403.15 3601000.0
	317.313719684 428.15 3601000.0
	314.661948649 453.15 3601000.0
	312.469007646 478.15 3601000.0
	310.634803835 503.15 3601000.0
	309.085328526 528.15 3601000.0
	307.764836484 553.15 3601000.0
	306.630651839 578.15 3601000.0
	305.649631712 603.15 3601000.0
	304.795705392 628.15 3601000.0
	304.048128519 653.15 3601000.0
	303.390222954 678.15 3601000.0
	302.808453015 703.15 3601000.0
	302.291738714 728.15 3601000.0
	301.830938649 753.15 3601000.0
	301.41845609 778.15 3601000.0
	301.047935673 803.15 3601000.0
	300.714027572 828.15 3601000.0
	300.412202456 853.15 3601000.0
	300.138605069 878.15 3601000.0
	299.889937462 903.15 3601000.0
	299.663365188 928.15 3601000.0
	299.456441442 953.15 3601000.0
	299.267045296 978.15 3601000.0
	299.093331127 1003.15 3601000.0
	298.933686975 1028.15 3601000.0
	298.786700059 1053.15 3601000.0
	298.651128084 1078.15 3601000.0
	298.525875256 1103.15 3601000.0
	298.409972139 1128.15 3601000.0
	298.302558661 1153.15 3601000.0
	298.202869726 1178.15 3601000.0
	298.110222988 1203.15 3601000.0
	377.144761164 253.15 3701000.0
	359.049103166 278.15 3701000.0
	346.522647269 303.15 3701000.0
	337.439364162 328.15 3701000.0
	330.61846845 353.15 3701000.0
	325.35422817 378.15 3701000.0
	321.200552214 403.15 3701000.0
	317.86272084 428.15 3701000.0
	315.138910537 453.15 3701000.0
	312.886742447 478.15 3701000.0
	311.003222755 503.15 3701000.0
	309.412231136 528.15 3701000.0
	308.056452245 553.15 3701000.0
	306.892021027 578.15 3701000.0
	305.884879266 603.15 3701000.0
	305.00824158 628.15 3701000.0
	304.240798489 653.15 3701000.0
	303.565419885 678.15 3701000.0
	302.968204886 703.15 3701000.0
	302.437775667 728.15 3701000.0
	301.964745869 753.15 3701000.0
	301.541315727 778.15 3701000.0
	301.160960393 803.15 3701000.0
	300.818187639 828.15 3701000.0
	300.508347754 853.15 3701000.0
	300.22748315 878.15 3701000.0
	299.972208428 903.15 3701000.0
	299.739614052 928.15 3701000.0
	299.527188437 953.15 3701000.0
	299.332754533 978.15 3701000.0
	299.154417906 1003.15 3701000.0
	298.990523974 1028.15 3701000.0
	298.839622608 1053.15 3701000.0
	298.700438679 1078.15 3701000.0
	298.571847432 1103.15 3701000.0
	298.45285381 1128.15 3701000.0
	298.342575009 1153.15 3701000.0
	298.240225711 1178.15 3701000.0
	298.145105529 1203.15 3701000.0
	379.4113011 253.15 3801000.0
	360.756794539 278.15 3801000.0
	347.86183455 303.15 3801000.0
	338.520298979 328.15 3801000.0
	331.510179488 353.15 3801000.0
	326.102511272 378.15 3801000.0
	321.837178635 403.15 3801000.0
	318.410528771 428.15 3801000.0
	315.614797603 453.15 3801000.0
	313.303513715 478.15 3801000.0
	311.370779558 503.15 3801000.0
	309.738362537 528.15 3801000.0
	308.347377569 553.15 3801000.0
	307.15277122 578.15 3801000.0
	306.11957089 603.15 3801000.0
	305.22027749 628.15 3801000.0
	304.433017323 653.15 3801000.0
	303.740209127 678.15 3801000.0
	303.127587548 703.15 3801000.0
	302.583477561 728.15 3801000.0
	302.098248397 753.15 3801000.0
	301.663897734 778.15 3801000.0
	301.273731657 803.15 3801000.0
	300.922115887 828.15 3801000.0
	300.604280645 853.15 3801000.0
	300.316166275 878.15 3801000.0
	300.054300163 903.15 3801000.0
	299.81569788 928.15 3801000.0
	299.597783236 953.15 3801000.0
	299.398323213 978.15 3801000.0
	299.215374696 1003.15 3801000.0
	299.047240595 1028.15 3801000.0
	298.892433538 1053.15 3801000.0
	298.74964565 1078.15 3801000.0
	298.617723294 1103.15 3801000.0
	298.495645859 1128.15 3801000.0
	298.382507873 1153.15 3801000.0
	298.277503848 1178.15 3801000.0
	298.179915407 1203.15 3801000.0
	381.68061203 253.15 3901000.0
	362.464460636 278.15 3901000.0
	349.19994898 303.15 3901000.0
	339.59980733 328.15 3901000.0
	332.400401383 353.15 3901000.0
	326.84936509 378.15 3901000.0
	322.472483685 403.15 3901000.0
	318.957137386 428.15 3901000.0
	316.08960614 453.15 3901000.0
	313.719319297 478.15 3901000.0
	311.73747311 503.15 3901000.0
	310.063722268 528.15 3901000.0
	308.637612435 553.15 3901000.0
	307.41290268 578.15 3901000.0
	306.353707026 603.15 3901000.0
	305.431813672 628.15 3901000.0
	304.62478563 653.15 3901000.0
	303.914591319 678.15 3901000.0
	303.286601647 703.15 3901000.0
	302.728845029 728.15 3901000.0
	302.231446847 753.15 3901000.0
	301.786202702 778.15 3901000.0
	301.386250025 803.15 3901000.0
	301.025812849 828.15 3901000.0
	300.700001631 853.15 3901000.0
	300.404654919 878.15 3901000.0
	300.136213111 903.15 3901000.0
	299.891617088 928.15 3901000.0
	299.668226229 953.15 3901000.0
	299.4637517 978.15 3901000.0
	299.276201835 1003.15 3901000.0
	299.103837156 1028.15 3901000.0
	298.945133147 1053.15 3901000.0
	298.798749275 1078.15 3901000.0
	298.6635031 1103.15 3901000.0
	298.53834853 1128.15 3901000.0
	298.422357481 1153.15 3901000.0
	298.314704352 1178.15 3901000.0
	298.214652822 1203.15 3901000.0
	383.952494451 253.15 4001000.0
	364.171988366 278.15 4001000.0
	350.536924078 303.15 4001000.0
	340.677849007 328.15 4001000.0
	333.28910932 353.15 4001000.0
	327.594774125 378.15 4001000.0
	323.106457653 403.15 4001000.0
	319.502540646 428.15 4001000.0
	316.563332473 453.15 4001000.0
	314.134157062 478.15 4001000.0
	312.103302294 503.15 4001000.0
	310.388309874 528.15 4001000.0
	308.927156824 553.15 4001000.0
	307.67241567 578.15 4001000.0
	306.587288115 603.15 4001000.0
	305.642850673 628.15 4001000.0
	304.816104017 653.15 4001000.0
	304.088567094 678.15 4001000.0
	303.445247821 703.15 4001000.0
	302.873878702 728.15 4001000.0
	302.364341831 753.15 4001000.0
	301.908231219 778.15 4001000.0
	301.498516059 803.15 4001000.0
	301.129279055 828.15 4001000.0
	300.795511214 853.15 4001000.0
	300.492949551 878.15 4001000.0
	300.217947714 903.15 4001000.0
	299.967372089 928.15 4001000.0
	299.738517803 953.15 4001000.0
	299.529040355 978.15 4001000.0
	299.336899663 1003.15 4001000.0
	299.160313974 1028.15 4001000.0
	298.997721729 1053.15 4001000.0
	298.84774983 1078.15 4001000.0
	298.70918711 1103.15 4001000.0
	298.580962063 1128.15 4001000.0
	298.462124058 1153.15 4001000.0
	298.351827431 1178.15 4001000.0
	298.24931797 1203.15 4001000.0
	386.226746767 253.15 4101000.0
	365.879264227 278.15 4101000.0
	351.872693398 303.15 4101000.0
	341.75438393 328.15 4101000.0
	334.176278611 353.15 4101000.0
	328.338722978 378.15 4101000.0
	323.7390909 403.15 4101000.0
	320.046732563 428.15 4101000.0
	317.035972964 453.15 4101000.0
	314.548024901 478.15 4101000.0
	312.468266003 503.15 4101000.0
	310.71212491 528.15 4101000.0
	309.21601072 553.15 4101000.0
	307.931310454 578.15 4101000.0
	306.820314595 603.15 4101000.0
	305.853389039 628.15 4101000.0
	305.006973088 653.15 4101000.0
	304.262137083 678.15 4101000.0
	303.603526704 703.15 4101000.0
	303.018579206 728.15 4101000.0
	302.496933956 753.15 4101000.0
	302.029983867 778.15 4101000.0
	301.610530313 803.15 4101000.0
	301.232515031 828.15 4101000.0
	300.890809888 853.15 4101000.0
	300.581050639 878.15 4101000.0
	300.299504409 903.15 4101000.0
	300.042963295 928.15 4101000.0
	299.808658342 953.15 4101000.0
	299.594189538 978.15 4101000.0
	299.397468514 1003.15 4101000.0
	299.216671361 1028.15 4101000.0
	299.050199579 1053.15 4101000.0
	298.896647589 1078.15 4101000.0
	298.75477558 1103.15 4101000.0
	298.623486699 1128.15 4101000.0
	298.501807828 1153.15 4101000.0
	298.388873298 1178.15 4101000.0
	298.283911048 1203.15 4101000.0
	388.503165354 253.15 4201000.0
	367.586174348 278.15 4201000.0
	353.207190548 303.15 4201000.0
	342.829372157 328.15 4201000.0
	335.061884696 353.15 4201000.0
	329.081196351 378.15 4201000.0
	324.370373863 403.15 4201000.0
	320.589707197 428.15 4201000.0
	317.507524007 453.15 4201000.0
	314.960920726 478.15 4201000.0
	312.832363143 503.15 4201000.0
	311.035166935 528.15 4201000.0
	309.504174111 553.15 4201000.0
	308.189587294 578.15 4201000.0
	307.052786904 603.15 4201000.0
	306.06342931 628.15 4201000.0
	305.197393442 653.15 4201000.0
	304.43530191 678.15 4201000.0
	303.761438929 703.15 4201000.0
	303.162947161 728.15 4201000.0
	302.629223826 753.15 4201000.0
	302.151461225 778.15 4201000.0
	301.722293339 803.15 4201000.0
	301.335521299 828.15 4201000.0
	300.985898148 853.15 4201000.0
	300.668958646 878.15 4201000.0
	300.380883631 903.15 4201000.0
	300.118391113 928.15 4201000.0
	299.878648228 953.15 4201000.0
	299.659199606 978.15 4201000.0
	299.457908724 1003.15 4201000.0
	299.272909631 1028.15 4201000.0
	299.102566987 1053.15 4201000.0
	298.945442825 1078.15 4201000.0
	298.800268763 1103.15 4201000.0
	298.665922674 1128.15 4201000.0
	298.541409013 1153.15 4201000.0
	298.425842159 1178.15 4201000.0
	298.318432252 1203.15 4201000.0
	390.781544623 253.15 4301000.0
	369.292604515 278.15 4301000.0
	354.540349201 303.15 4301000.0
	343.90277389 328.15 4301000.0
	335.945903149 353.15 4301000.0
	329.822179052 378.15 4301000.0
	325.000297051 403.15 4301000.0
	321.131458664 428.15 4301000.0
	317.977982031 453.15 4301000.0
	315.372842471 478.15 4301000.0
	313.195592636 503.15 4301000.0
	311.357435518 528.15 4301000.0
	309.791646987 553.15 4301000.0
	308.447246454 578.15 4301000.0
	307.284705476 603.15 4301000.0
	306.272972027 628.15 4301000.0
	305.387365675 653.15 4301000.0
	304.608062199 678.15 4301000.0
	303.918985121 703.15 4301000.0
	303.306983186 728.15 4301000.0
	302.76121204 753.15 4301000.0
	302.272663868 778.15 4301000.0
	301.833805684 803.15 4301000.0
	301.438298379 828.15 4301000.0
	301.080776482 853.15 4301000.0
	300.756674033 878.15 4301000.0
	300.462085813 903.15 4301000.0
	300.193655947 928.15 4301000.0
	299.948487841 953.15 4301000.0
	299.724070914 978.15 4301000.0
	299.518220624 1003.15 4301000.0
	299.329029093 1028.15 4301000.0
	299.154824244 1053.15 4301000.0
	298.994135809 1078.15 4301000.0
	298.845666914 1103.15 4301000.0
	298.708270226 1128.15 4301000.0
	298.580927836 1153.15 4301000.0
	298.462734222 1178.15 4301000.0
	298.352881775 1203.15 4301000.0
	393.061677093 253.15 4401000.0
	370.998440207 278.15 4401000.0
	355.872103115 303.15 4401000.0
	344.974549488 328.15 4401000.0
	336.828309685 353.15 4401000.0
	330.561655994 378.15 4401000.0
	325.628851052 403.15 4401000.0
	321.671981129 428.15 4401000.0
	318.4473435 453.15 4401000.0
	315.783788095 478.15 4401000.0
	313.557953416 503.15 4401000.0
	311.678930232 528.15 4401000.0
	310.078429342 553.15 4401000.0
	308.704288198 578.15 4401000.0
	307.516070746 603.15 4401000.0
	306.482017725 628.15 4401000.0
	305.576890381 653.15 4401000.0
	304.780418567 678.15 4401000.0
	304.076165903 703.15 4401000.0
	303.450687893 728.15 4401000.0
	302.892899192 753.15 4401000.0
	302.393592368 778.15 4401000.0
	301.945067894 803.15 4401000.0
	301.540846786 828.15 4401000.0
	301.175445378 853.15 4401000.0
	300.844197257 878.15 4401000.0
	300.543111385 903.15 4401000.0
	300.268758201 928.15 4401000.0
	300.018177556 953.15 4401000.0
	299.788803813 978.15 4401000.0
	299.578404542 1003.15 4401000.0
	299.385030054 1028.15 4401000.0
	299.206971637 1053.15 4401000.0
	299.042726808 1078.15 4401000.0
	298.890970283 1103.15 4401000.0
	298.750529591 1128.15 4401000.0
	298.620364516 1153.15 4401000.0
	298.499549693 1178.15 4401000.0
	298.387259809 1203.15 4401000.0
	395.343353457 253.15 4501000.0
	372.70356663 278.15 4501000.0
	357.202386145 303.15 4501000.0
	346.044659464 328.15 4501000.0
	337.709080158 353.15 4501000.0
	331.299612196 378.15 4501000.0
	326.256026529 403.15 4501000.0
	322.211268813 428.15 4501000.0
	318.915604914 453.15 4501000.0
	316.193755576 478.15 4501000.0
	313.919444432 503.15 4501000.0
	311.999650662 528.15 4501000.0
	310.364521175 553.15 4501000.0
	308.96071279 578.15 4501000.0
	307.746883147 603.15 4501000.0
	306.690566939 628.15 4501000.0
	305.765968148 653.15 4501000.0
	304.952371629 678.15 4501000.0
	304.232981894 703.15 4501000.0
	303.594061893 728.15 4501000.0
	303.024285874 753.15 4501000.0
	302.514247292 778.15 4501000.0
	302.056080507 803.15 4501000.0
	301.643167032 828.15 4501000.0
	301.269905318 853.15 4501000.0
	300.931528773 878.15 4501000.0
	300.623960772 903.15 4501000.0
	300.343698274 928.15 4501000.0
	300.087717748 953.15 4501000.0
	299.853398653 978.15 4501000.0
	299.638460806 1003.15 4501000.0
	299.440912822 1028.15 4501000.0
	299.259009451 1053.15 4501000.0
	299.091216091 1078.15 4501000.0
	298.936179121 1103.15 4501000.0
	298.792701 1128.15 4501000.0
	298.659719271 1153.15 4501000.0
	298.536288776 1178.15 4501000.0
	298.421566547 1203.15 4501000.0
	397.626362655 253.15 4601000.0
	374.40786875 278.15 4601000.0
	358.531132262 303.15 4601000.0
	347.113064506 328.15 4601000.0
	338.588190568 353.15 4601000.0
	332.036032791 378.15 4601000.0
	326.881814227 403.15 4601000.0
	322.74931599 428.15 4601000.0
	319.38276281 453.15 4601000.0
	316.60274292 478.15 4601000.0
	314.280064647 503.15 4601000.0
	312.3195964 528.15 4601000.0
	310.649922486 553.15 4601000.0
	309.216520498 578.15 4601000.0
	307.977143111 603.15 4601000.0
	306.8986202 628.15 4601000.0
	305.954599564 653.15 4601000.0
	305.123921995 678.15 4601000.0
	304.389433709 703.15 4601000.0
	303.737105789 728.15 4601000.0
	303.155372673 753.15 4601000.0
	302.634629204 778.15 4601000.0
	302.166844062 803.15 4601000.0
	301.745259626 828.15 4601000.0
	301.364156782 853.15 4601000.0
	301.018669031 878.15 4601000.0
	300.704634399 903.15 4601000.0
	300.418476563 928.15 4601000.0
	300.157108788 953.15 4601000.0
	299.917855783 978.15 4601000.0
	299.698389741 1003.15 4601000.0
	299.496677698 1028.15 4601000.0
	299.310937972 1053.15 4601000.0
	299.139603923 1078.15 4601000.0
	298.981293675 1103.15 4601000.0
	298.834784688 1128.15 4601000.0
	298.69899232 1153.15 4601000.0
	298.572951675 1178.15 4601000.0
	298.455802179 1203.15 4601000.0
	399.910491948 253.15 4701000.0
	376.111231326 278.15 4701000.0
	359.858275569 303.15 4701000.0
	348.179725472 328.15 4701000.0
	339.465617065 353.15 4701000.0
	332.770903021 378.15 4701000.0
	327.506204966 403.15 4701000.0
	323.286116989 428.15 4701000.0
	319.848813761 453.15 4701000.0
	317.010748154 478.15 4701000.0
	314.639813038 503.15 4701000.0
	312.638767045 528.15 4701000.0
	310.934633281 553.15 4701000.0
	309.471711587 578.15 4701000.0
	308.206851068 603.15 4701000.0
	307.106178037 628.15 4701000.0
	306.142785212 653.15 4701000.0
	305.295070274 678.15 4701000.0
	304.545521959 703.15 4701000.0
	303.879820185 728.15 4701000.0
	303.286160172 753.15 4701000.0
	302.754738662 778.15 4701000.0
	302.277359091 803.15 4701000.0
	301.847125072 828.15 4701000.0
	301.458200246 853.15 4701000.0
	301.105618481 878.15 4701000.0
	300.785132686 903.15 4701000.0
	300.493093462 928.15 4701000.0
	300.226351046 953.15 4701000.0
	299.982175548 978.15 4701000.0
	299.75819167 1003.15 4701000.0
	299.552324986 1028.15 4701000.0
	299.36275748 1053.15 4701000.0
	299.187890567 1078.15 4701000.0
	299.026314192 1103.15 4701000.0
	298.876780884 1128.15 4701000.0
	298.738183877 1153.15 4701000.0
	298.609538592 1178.15 4701000.0
	298.489966894 1203.15 4701000.0
	402.195526987 253.15 4801000.0
	377.813538945 278.15 4801000.0
	361.183750312 303.15 4801000.0
	349.244603406 328.15 4801000.0
	340.341335951 353.15 4801000.0
	333.504208244 378.15 4801000.0
	328.129189652 403.15 4801000.0
	323.821666195 428.15 4801000.0
	320.313754378 453.15 4801000.0
	317.417769329 478.15 4801000.0
	314.998688599 503.15 4801000.0
	312.957162206 528.15 4801000.0
	311.218653571 553.15 4801000.0
	309.726286325 578.15 4801000.0
	308.43600745 603.15 4801000.0
	307.313240979 628.15 4801000.0
	306.330525673 653.15 4801000.0
	305.46581707 678.15 4801000.0
	304.701247251 703.15 4801000.0
	304.022205679 728.15 4801000.0
	303.416648951 753.15 4801000.0
	302.874576225 778.15 4801000.0
	302.387626124 803.15 4801000.0
	301.948763873 828.15 4801000.0
	301.552036184 853.15 4801000.0
	301.192377568 878.15 4801000.0
	300.865456051 903.15 4801000.0
	300.567549363 928.15 4801000.0
	300.295444889 953.15 4801000.0
	300.04635829 978.15 4801000.0
	299.817866914 1003.15 4801000.0
	299.607854986 1028.15 4801000.0
	299.414468257 1053.15 4801000.0
	299.236076287 1078.15 4801000.0
	299.071240918 1103.15 4801000.0
	298.918689817 1128.15 4801000.0
	298.777294157 1153.15 4801000.0
	298.646049727 1178.15 4801000.0
	298.52406088 1203.15 4801000.0
	404.481251897 253.15 4901000.0
	379.514676057 278.15 4901000.0
	362.507490899 303.15 4901000.0
	350.307659542 328.15 4901000.0
	341.215323687 353.15 4901000.0
	334.235933934 378.15 4901000.0
	328.750759269 403.15 4901000.0
	324.355958048 428.15 4901000.0
	320.777581307 453.15 4901000.0
	317.823804522 478.15 4901000.0
	315.356690338 503.15 4901000.0
	313.2747815 528.15 4901000.0
	311.501983368 553.15 4901000.0
	309.980244983 578.15 4901000.0
	308.664612685 603.15 4901000.0
	307.519809551 628.15 4901000.0
	306.517821524 653.15 4901000.0
	305.636162982 678.15 4901000.0
	304.856610191 703.15 4901000.0
	304.164262863 728.15 4901000.0
	303.546839587 753.15 4901000.0
	302.994142444 778.15 4901000.0
	302.497645688 803.15 4901000.0
	302.050176527 828.15 4901000.0
	301.645665067 853.15 4901000.0
	301.278946734 878.15 4901000.0
	300.945604909 903.15 4901000.0
	300.641844656 928.15 4901000.0
	300.36439068 953.15 4901000.0
	300.110404351 978.15 4901000.0
	299.877415791 1003.15 4901000.0
	299.663267994 1028.15 4901000.0
	299.466070581 1053.15 4901000.0
	299.284161341 1078.15 4901000.0
	299.116074097 1103.15 4901000.0
	298.960511717 1128.15 4901000.0
	298.816323374 1153.15 4901000.0
	298.68248528 1178.15 4901000.0
	298.558084324 1203.15 4901000.0
