
	187323.071771 253.15 101000.0
	205917.494789 278.15 101000.0
	224512.413288 303.15 101000.0
	243114.520219 328.15 101000.0
	261731.989515 353.15 101000.0
	280374.604747 378.15 101000.0
	299053.575894 403.15 101000.0
	317781.159376 428.15 101000.0
	336570.184522 453.15 101000.0
	355433.568047 478.15 101000.0
	374383.872504 503.15 101000.0
	393432.940811 528.15 101000.0
	412591.619893 553.15 101000.0
	431869.573056 578.15 101000.0
	451275.172501 603.15 101000.0
	470815.4592 628.15 101000.0
	490496.156068 653.15 101000.0
	510321.720829 678.15 101000.0
	530295.42653 703.15 101000.0
	550419.459547 728.15 101000.0
	570695.027009 753.15 101000.0
	591122.467411 778.15 101000.0
	611701.359868 803.15 101000.0
	632430.628816 828.15 101000.0
	653308.642093 853.15 101000.0
	674333.301152 878.15 101000.0
	695502.122823 903.15 101000.0
	716812.312501 928.15 101000.0
	738260.828959 953.15 101000.0
	759844.441184 978.15 101000.0
	781559.777815 1003.15 101000.0
	803403.369759 1028.15 101000.0
	825371.68667 1053.15 101000.0
	847461.16791 1078.15 101000.0
	869668.248615 1103.15 101000.0
	891989.381453 1128.15 101000.0
	914421.054611 1153.15 101000.0
	936959.806497 1178.15 101000.0
	959602.237603 1203.15 101000.0
	187064.174967 253.15 201000.0
	205690.213321 278.15 201000.0
	224310.465875 303.15 201000.0
	242933.327994 328.15 201000.0
	261568.112002 353.15 201000.0
	280225.391457 378.15 201000.0
	298916.941675 403.15 201000.0
	317655.434293 428.15 201000.0
	336454.010449 453.15 201000.0
	355325.825554 478.15 201000.0
	374283.627988 503.15 201000.0
	393339.407493 528.15 201000.0
	412504.128541 553.15 201000.0
	431787.549659 578.15 201000.0
	451198.121002 603.15 201000.0
	470742.947979 628.15 201000.0
	490427.80723 653.15 201000.0
	510257.201637 678.15 201000.0
	530234.442471 703.15 201000.0
	550361.748691 728.15 201000.0
	570640.355365 753.15 201000.0
	591070.625086 778.15 201000.0
	611652.157864 803.15 201000.0
	632383.896343 828.15 201000.0
	653264.2243 853.15 201000.0
	674291.0572 878.15 201000.0
	695461.924245 903.15 201000.0
	716774.041793 928.15 201000.0
	738224.378362 953.15 201000.0
	759809.71164 978.15 201000.0
	781526.67805 1003.15 201000.0
	803371.815491 1028.15 201000.0
	825341.599912 1053.15 201000.0
	847432.476355 1078.15 201000.0
	869640.885101 1103.15 201000.0
	891963.283484 1128.15 201000.0
	914396.163938 1153.15 201000.0
	936936.068737 1178.15 201000.0
	959579.601906 1203.15 201000.0
	186805.090904 253.15 301000.0
	205462.88827 278.15 301000.0
	224108.551759 303.15 301000.0
	242752.210136 328.15 301000.0
	261404.329992 353.15 301000.0
	280076.283419 378.15 301000.0
	298780.415861 403.15 301000.0
	317529.816938 428.15 301000.0
	336337.941234 453.15 301000.0
	355218.183844 478.15 301000.0
	374183.479572 503.15 301000.0
	393245.965353 528.15 301000.0
	412416.723427 553.15 301000.0
	431705.607672 578.15 301000.0
	451121.146278 603.15 301000.0
	470670.50913 628.15 301000.0
	490359.526614 653.15 301000.0
	510192.746769 678.15 301000.0
	530173.519091 703.15 301000.0
	550304.095109 728.15 301000.0
	570585.73782 753.15 301000.0
	591018.833901 778.15 301000.0
	611603.004242 803.15 301000.0
	632337.209682 828.15 301000.0
	653219.849922 853.15 301000.0
	674248.854429 878.15 301000.0
	695421.764762 903.15 301000.0
	716735.808229 928.15 301000.0
	738187.963086 953.15 301000.0
	759775.015712 978.15 301000.0
	781493.610304 1003.15 301000.0
	803340.291744 1028.15 301000.0
	825311.542268 1053.15 301000.0
	847403.812594 1078.15 301000.0
	869613.548139 1103.15 301000.0
	891937.210901 1128.15 301000.0
	914371.29755 1153.15 301000.0
	936912.354225 1178.15 301000.0
	959556.988481 1203.15 301000.0
	186545.823879 253.15 401000.0
	205235.52302 278.15 401000.0
	223906.673468 303.15 401000.0
	242571.168495 328.15 401000.0
	261240.644829 353.15 401000.0
	279927.281605 378.15 401000.0
	298643.999152 403.15 401000.0
	317404.307814 428.15 401000.0
	336221.977237 453.15 401000.0
	355110.64317 478.15 401000.0
	374083.427432 503.15 401000.0
	393152.614508 528.15 401000.0
	412329.404622 553.15 401000.0
	431623.747137 578.15 401000.0
	451044.248346 603.15 401000.0
	470598.142652 628.15 401000.0
	490291.314203 653.15 401000.0
	510128.356199 678.15 401000.0
	530112.656356 703.15 401000.0
	550246.498764 728.15 401000.0
	570531.174334 753.15 401000.0
	590967.093814 778.15 401000.0
	611553.89896 803.15 401000.0
	632290.56879 828.15 401000.0
	653175.518917 853.15 401000.0
	674206.692795 878.15 401000.0
	695381.644329 903.15 401000.0
	716697.611767 928.15 401000.0
	738151.583092 953.15 401000.0
	759740.35336 978.15 401000.0
	781460.574537 1003.15 401000.0
	803308.79848 1028.15 401000.0
	825281.513703 1053.15 401000.0
	847375.176593 1078.15 401000.0
	869586.237699 1103.15 401000.0
	891911.163672 1128.15 401000.0
	914346.455417 1153.15 401000.0
	936888.662933 1178.15 401000.0
	959534.397299 1203.15 401000.0
	186286.378237 253.15 501000.0
	205008.120976 278.15 501000.0
	223704.83353 303.15 501000.0
	242390.204918 328.15 501000.0
	261077.057848 353.15 501000.0
	279778.386981 378.15 501000.0
	298507.692246 403.15 501000.0
	317278.907421 428.15 501000.0
	336106.118813 453.15 501000.0
	355003.203782 478.15 501000.0
	373983.47174 503.15 501000.0
	393059.355071 528.15 501000.0
	412242.172199 553.15 501000.0
	431541.968093 578.15 501000.0
	450967.427223 603.15 501000.0
	470525.848545 628.15 501000.0
	490223.169984 653.15 501000.0
	510064.029906 678.15 501000.0
	530051.854238 703.15 501000.0
	550188.959621 728.15 501000.0
	570476.664869 753.15 501000.0
	590915.404784 778.15 501000.0
	611504.841975 803.15 501000.0
	632243.973624 828.15 501000.0
	653131.231242 853.15 501000.0
	674164.572257 878.15 501000.0
	695341.562907 903.15 501000.0
	716659.452368 928.15 501000.0
	738115.238339 953.15 501000.0
	759705.724545 978.15 501000.0
	781427.570713 1003.15 501000.0
	803277.335663 1028.15 501000.0
	825251.514182 1053.15 501000.0
	847346.568319 1078.15 501000.0
	869558.953746 1103.15 501000.0
	891885.141766 1128.15 501000.0
	914321.63751 1153.15 501000.0
	936864.994832 1178.15 501000.0
	959511.828331 1203.15 501000.0
	186026.758374 253.15 601000.0
	204780.685557 278.15 601000.0
	223503.03448 303.15 601000.0
	242209.321246 328.15 601000.0
	260913.570384 353.15 601000.0
	279629.600509 378.15 601000.0
	298371.495833 403.15 601000.0
	317153.616255 428.15 601000.0
	335990.366316 453.15 601000.0
	354895.865928 478.15 601000.0
	373883.612665 503.15 601000.0
	392966.187156 528.15 601000.0
	412155.026228 553.15 601000.0
	431460.270578 578.15 601000.0
	450890.682923 603.15 601000.0
	470453.626805 628.15 601000.0
	490155.093941 653.15 601000.0
	509999.767864 678.15 601000.0
	529991.112705 703.15 601000.0
	550131.477645 728.15 601000.0
	570422.209386 753.15 601000.0
	590863.766771 778.15 601000.0
	611455.833246 803.15 601000.0
	632197.424142 828.15 601000.0
	653086.986854 853.15 601000.0
	674122.492771 878.15 601000.0
	695301.520453 903.15 601000.0
	716621.32999 928.15 601000.0
	738078.928788 953.15 601000.0
	759671.12923 978.15 601000.0
	781394.598794 1003.15 601000.0
	803245.903257 1028.15 601000.0
	825221.54367 1053.15 601000.0
	847317.987737 1078.15 601000.0
	869531.696249 1103.15 601000.0
	891859.14515 1128.15 601000.0
	914296.843797 1153.15 601000.0
	936841.349892 1178.15 601000.0
	959489.28155 1203.15 601000.0
	185766.968736 253.15 701000.0
	204553.220199 278.15 701000.0
	223301.278849 303.15 701000.0
	242028.519319 328.15 701000.0
	260750.183764 353.15 701000.0
	279480.923144 378.15 701000.0
	298235.410602 403.15 701000.0
	317028.434809 428.15 701000.0
	335874.720096 453.15 701000.0
	354788.629854 478.15 701000.0
	373783.850377 503.15 701000.0
	392873.110875 528.15 701000.0
	412067.966778 553.15 701000.0
	431378.654631 578.15 701000.0
	450814.01546 603.15 701000.0
	470381.47743 628.15 701000.0
	490087.08606 653.15 701000.0
	509935.570048 678.15 701000.0
	529930.431725 703.15 701000.0
	550074.052799 728.15 701000.0
	570367.807845 753.15 701000.0
	590812.179733 778.15 701000.0
	611406.87273 803.15 701000.0
	632150.920301 828.15 701000.0
	653042.785711 853.15 701000.0
	674080.454296 878.15 701000.0
	695261.516925 903.15 701000.0
	716583.244592 928.15 701000.0
	738042.654397 953.15 701000.0
	759636.567375 978.15 701000.0
	781361.658742 1003.15 701000.0
	803214.501225 1028.15 701000.0
	825191.602132 1053.15 701000.0
	847289.434815 1078.15 701000.0
	869504.465174 1103.15 701000.0
	891833.173794 1128.15 701000.0
	914272.074249 1153.15 701000.0
	936817.728085 1178.15 701000.0
	959466.756928 1203.15 701000.0
	185507.013819 253.15 801000.0
	204325.728354 278.15 801000.0
	223099.569174 303.15 801000.0
	241847.800971 328.15 801000.0
	260586.899308 353.15 801000.0
	279332.355839 378.15 801000.0
	298099.437236 403.15 801000.0
	316903.363571 428.15 801000.0
	335759.180499 453.15 801000.0
	354681.495803 478.15 801000.0
	373684.185042 503.15 801000.0
	392780.126337 528.15 801000.0
	411980.993918 553.15 801000.0
	431297.120289 578.15 801000.0
	450737.42485 603.15 801000.0
	470309.400417 628.15 801000.0
	490019.146324 653.15 801000.0
	509871.436434 678.15 801000.0
	529869.811268 703.15 801000.0
	550016.685047 728.15 801000.0
	570313.460207 753.15 801000.0
	590760.643629 778.15 801000.0
	611357.960384 803.15 801000.0
	632104.462058 828.15 801000.0
	652998.62777 853.15 801000.0
	674038.456789 878.15 801000.0
	695221.552281 903.15 801000.0
	716545.196133 928.15 801000.0
	738006.415129 953.15 801000.0
	759602.038942 978.15 801000.0
	781328.75052 1003.15 801000.0
	803183.129532 1028.15 801000.0
	825161.689533 1053.15 801000.0
	847260.909517 1078.15 801000.0
	869477.260489 1103.15 801000.0
	891807.227667 1128.15 801000.0
	914247.328836 1153.15 801000.0
	936794.129381 1178.15 801000.0
	959444.254438 1203.15 801000.0
	185246.898172 253.15 901000.0
	204098.21349 278.15 901000.0
	222897.907993 303.15 901000.0
	241667.168035 328.15 901000.0
	260423.718336 353.15 901000.0
	279183.899538 378.15 901000.0
	297963.576412 403.15 901000.0
	316778.403025 428.15 901000.0
	335643.74787 453.15 901000.0
	354574.464016 478.15 901000.0
	373584.616826 503.15 901000.0
	392687.233651 528.15 901000.0
	411894.107715 553.15 901000.0
	431215.667588 578.15 901000.0
	450660.911106 603.15 901000.0
	470237.395762 628.15 901000.0
	489951.274718 653.15 901000.0
	509807.366998 678.15 901000.0
	529809.251301 703.15 901000.0
	549959.374354 728.15 901000.0
	570259.166434 753.15 901000.0
	590709.158418 778.15 901000.0
	611309.096167 803.15 901000.0
	632058.04937 828.15 901000.0
	652954.512988 853.15 901000.0
	673996.500209 878.15 901000.0
	695181.626481 903.15 901000.0
	716507.184574 928.15 901000.0
	737970.210943 953.15 901000.0
	759567.543892 978.15 901000.0
	781295.87409 1003.15 901000.0
	803151.788141 1028.15 901000.0
	825131.805838 1053.15 901000.0
	847232.41181 1078.15 901000.0
	869450.082163 1103.15 901000.0
	891781.306737 1128.15 901000.0
	914222.607527 1153.15 901000.0
	936770.553753 1178.15 901000.0
	959421.77405 1203.15 901000.0
	184986.626391 253.15 1001000.0
	203870.679091 278.15 1001000.0
	222696.297845 303.15 1001000.0
	241486.622339 328.15 1001000.0
	260260.642158 353.15 1001000.0
	279035.555183 378.15 1001000.0
	297827.828805 403.15 1001000.0
	316653.553653 428.15 1001000.0
	335528.422548 453.15 1001000.0
	354467.534729 478.15 1001000.0
	373485.14589 503.15 1001000.0
	392594.432925 528.15 1001000.0
	411807.308233 553.15 1001000.0
	431134.296564 578.15 1001000.0
	450584.47424 603.15 1001000.0
	470165.463462 628.15 1001000.0
	489883.471226 653.15 1001000.0
	509743.361712 678.15 1001000.0
	529748.751793 703.15 1001000.0
	549902.120682 728.15 1001000.0
	570204.926486 753.15 1001000.0
	590657.724059 778.15 1001000.0
	611260.280036 803.15 1001000.0
	632011.682195 828.15 1001000.0
	652910.441322 853.15 1001000.0
	673954.584512 878.15 1001000.0
	695141.739483 903.15 1001000.0
	716469.209873 928.15 1001000.0
	737934.0418 953.15 1001000.0
	759533.082186 978.15 1001000.0
	781263.029416 1003.15 1001000.0
	803120.477015 1028.15 1001000.0
	825101.951013 1053.15 1001000.0
	847203.941662 1078.15 1001000.0
	869422.930161 1103.15 1001000.0
	891755.410974 1128.15 1001000.0
	914197.910293 1153.15 1001000.0
	936747.00117 1178.15 1001000.0
	959399.315739 1203.15 1001000.0
	184726.203125 253.15 1101000.0
	203643.128657 278.15 1101000.0
	222494.741271 303.15 1101000.0
	241306.165707 328.15 1101000.0
	260097.672082 353.15 1101000.0
	278887.32371 378.15 1101000.0
	297692.195084 403.15 1101000.0
	316528.815932 428.15 1101000.0
	335413.204872 453.15 1101000.0
	354360.708181 478.15 1101000.0
	373385.772395 503.15 1101000.0
	392501.724264 528.15 1101000.0
	411720.59554 553.15 1101000.0
	431053.00725 578.15 1101000.0
	450508.114264 603.15 1101000.0
	470093.603513 628.15 1101000.0
	489815.73583 653.15 1101000.0
	509679.420553 678.15 1101000.0
	529688.312713 703.15 1101000.0
	549844.923996 728.15 1101000.0
	570150.740324 753.15 1101000.0
	590606.340511 778.15 1101000.0
	611211.511949 803.15 1101000.0
	631965.36049 828.15 1101000.0
	652866.412731 853.15 1101000.0
	673912.709657 878.15 1101000.0
	695101.891246 903.15 1101000.0
	716431.271989 928.15 1101000.0
	737897.90766 953.15 1101000.0
	759498.653788 978.15 1101000.0
	781230.216461 1003.15 1101000.0
	803089.196121 1028.15 1101000.0
	825072.125022 1053.15 1101000.0
	847175.499038 1078.15 1101000.0
	869395.804454 1103.15 1101000.0
	891729.540345 1128.15 1101000.0
	914173.237104 1153.15 1101000.0
	936723.471605 1178.15 1101000.0
	959376.879475 1203.15 1101000.0
	184465.633073 253.15 1201000.0
	203415.565702 278.15 1201000.0
	222293.240812 303.15 1201000.0
	241125.799959 328.15 1201000.0
	259934.809408 353.15 1201000.0
	278739.206048 378.15 1201000.0
	297556.675914 403.15 1201000.0
	316404.190335 428.15 1201000.0
	335298.095177 453.15 1201000.0
	354253.984603 478.15 1201000.0
	373286.496502 503.15 1201000.0
	392409.107772 528.15 1201000.0
	411633.969698 553.15 1201000.0
	430971.799682 578.15 1201000.0
	450431.831189 603.15 1201000.0
	470021.815908 628.15 1201000.0
	489748.068513 653.15 1201000.0
	509615.543494 678.15 1201000.0
	529627.934028 703.15 1201000.0
	549787.78426 728.15 1201000.0
	570096.607908 753.15 1201000.0
	590555.007732 778.15 1201000.0
	611162.791864 803.15 1201000.0
	631919.084213 828.15 1201000.0
	652822.427171 853.15 1201000.0
	673870.875602 878.15 1201000.0
	695062.081727 903.15 1201000.0
	716393.370884 928.15 1201000.0
	737861.808484 953.15 1201000.0
	759464.258657 978.15 1201000.0
	781197.435186 1003.15 1201000.0
	803057.94542 1028.15 1201000.0
	825042.327831 1053.15 1201000.0
	847147.083905 1078.15 1201000.0
	869368.705007 1103.15 1201000.0
	891703.694821 1128.15 1201000.0
	914148.58793 1153.15 1201000.0
	936699.965029 1178.15 1201000.0
	959354.465233 1203.15 1201000.0
	184204.920984 253.15 1301000.0
	203187.993758 278.15 1301000.0
	222091.799012 303.15 1301000.0
	240945.526913 328.15 1301000.0
	259772.055434 353.15 1301000.0
	278591.203124 378.15 1301000.0
	297421.271956 403.15 1301000.0
	316279.677332 428.15 1301000.0
	335183.093794 453.15 1301000.0
	354147.364228 478.15 1301000.0
	373187.318367 503.15 1301000.0
	392316.583552 528.15 1301000.0
	411547.430769 553.15 1301000.0
	430890.673891 578.15 1301000.0
	450355.625028 603.15 1301000.0
	469950.100643 628.15 1301000.0
	489680.46926 653.15 1301000.0
	509551.730509 678.15 1301000.0
	529567.615705 703.15 1301000.0
	549730.701437 728.15 1301000.0
	570042.529199 753.15 1301000.0
	590503.725681 778.15 1301000.0
	611114.119739 803.15 1301000.0
	631872.853322 828.15 1301000.0
	652778.4846 853.15 1301000.0
	673829.082305 878.15 1301000.0
	695022.310886 903.15 1301000.0
	716355.506516 928.15 1301000.0
	737825.744233 953.15 1301000.0
	759429.896757 978.15 1301000.0
	781164.685556 1003.15 1301000.0
	803026.724878 1028.15 1301000.0
	825012.559406 1053.15 1301000.0
	847118.69623 1078.15 1301000.0
	869341.631789 1103.15 1301000.0
	891677.874371 1128.15 1301000.0
	914123.962742 1153.15 1301000.0
	936676.481413 1178.15 1301000.0
	959332.072984 1203.15 1301000.0
	183944.07166 253.15 1401000.0
	202960.416371 278.15 1401000.0
	221890.418415 303.15 1401000.0
	240765.348381 328.15 1401000.0
	259609.41145 353.15 1401000.0
	278443.315857 378.15 1401000.0
	297285.983865 403.15 1401000.0
	316155.27739 428.15 1401000.0
	335068.201052 453.15 1401000.0
	354040.847283 478.15 1401000.0
	373088.238146 503.15 1401000.0
	392224.151707 528.15 1401000.0
	411460.978816 553.15 1401000.0
	430809.62991 578.15 1401000.0
	450279.49579 603.15 1401000.0
	469878.457711 628.15 1401000.0
	489612.938051 653.15 1401000.0
	509487.981573 678.15 1401000.0
	529507.357714 703.15 1401000.0
	549673.67549 728.15 1401000.0
	569988.504159 753.15 1401000.0
	590452.494318 778.15 1401000.0
	611065.495531 803.15 1401000.0
	631826.667773 828.15 1401000.0
	652734.584977 853.15 1401000.0
	673787.329724 878.15 1401000.0
	694982.578683 903.15 1401000.0
	716317.678844 928.15 1401000.0
	737789.714868 953.15 1401000.0
	759395.568049 978.15 1401000.0
	781131.967534 1003.15 1401000.0
	802995.53446 1028.15 1401000.0
	824982.819712 1053.15 1401000.0
	847090.33598 1078.15 1401000.0
	869314.584769 1103.15 1401000.0
	891652.078963 1128.15 1401000.0
	914099.36151 1153.15 1401000.0
	936653.020729 1178.15 1401000.0
	959309.7027 1203.15 1401000.0
	183683.089951 253.15 1501000.0
	202732.837101 278.15 1501000.0
	221689.101568 303.15 1501000.0
	240585.266173 328.15 1501000.0
	259446.878742 353.15 1501000.0
	278295.545164 378.15 1501000.0
	297150.812293 403.15 1501000.0
	316030.990971 428.15 1501000.0
	334953.417277 453.15 1501000.0
	353934.433996 478.15 1501000.0
	372989.255992 503.15 1501000.0
	392131.812335 528.15 1501000.0
	411374.613899 553.15 1501000.0
	430728.66777 578.15 1501000.0
	450203.443484 603.15 1501000.0
	469806.887108 628.15 1501000.0
	489545.474869 653.15 1501000.0
	509424.296658 678.15 1501000.0
	529447.160021 703.15 1501000.0
	549616.706383 728.15 1501000.0
	569934.532746 753.15 1501000.0
	590401.313601 778.15 1501000.0
	611016.9192 803.15 1501000.0
	631780.527524 828.15 1501000.0
	652690.728258 853.15 1501000.0
	673745.617817 878.15 1501000.0
	694942.885075 903.15 1501000.0
	716279.88783 928.15 1501000.0
	737753.720349 953.15 1501000.0
	759361.272495 978.15 1501000.0
	781099.281082 1003.15 1501000.0
	802964.374129 1028.15 1501000.0
	824953.108715 1053.15 1501000.0
	847062.003122 1078.15 1501000.0
	869287.563914 1103.15 1501000.0
	891626.308568 1128.15 1501000.0
	914074.784204 1153.15 1501000.0
	936629.582948 1178.15 1501000.0
	959287.354356 1203.15 1501000.0
	183421.980758 253.15 1601000.0
	202505.259523 278.15 1601000.0
	221487.851016 303.15 1601000.0
	240405.282092 328.15 1601000.0
	259284.458591 353.15 1601000.0
	278147.891953 378.15 1601000.0
	297015.757888 403.15 1601000.0
	315906.818534 428.15 1601000.0
	334838.742792 453.15 1601000.0
	353828.12459 478.15 1601000.0
	372890.372057 503.15 1601000.0
	392039.565536 528.15 1601000.0
	411288.336078 553.15 1601000.0
	430647.787502 578.15 1601000.0
	450127.46812 603.15 1601000.0
	469735.388825 628.15 1601000.0
	489478.079696 653.15 1601000.0
	509360.675739 678.15 1601000.0
	529387.022593 703.15 1601000.0
	549559.794079 728.15 1601000.0
	569880.614923 753.15 1601000.0
	590350.183489 778.15 1601000.0
	610968.390701 803.15 1601000.0
	631734.432533 828.15 1601000.0
	652646.914402 853.15 1601000.0
	673703.946544 878.15 1601000.0
	694903.230022 903.15 1601000.0
	716242.133433 928.15 1601000.0
	737717.760637 953.15 1601000.0
	759327.010057 978.15 1601000.0
	781066.626165 1003.15 1601000.0
	802933.24385 1028.15 1601000.0
	824923.426381 1053.15 1601000.0
	847033.697622 1078.15 1601000.0
	869260.569193 1103.15 1601000.0
	891600.563153 1128.15 1601000.0
	914050.230795 1153.15 1601000.0
	936606.168043 1178.15 1601000.0
	959265.027923 1203.15 1601000.0
	183160.749032 253.15 1701000.0
	202277.687229 278.15 1701000.0
	221286.669307 303.15 1701000.0
	240225.39794 328.15 1701000.0
	259122.152272 353.15 1701000.0
	278000.357132 378.15 1701000.0
	296880.821291 403.15 1701000.0
	315782.760533 428.15 1701000.0
	334724.177916 453.15 1701000.0
	353721.919287 478.15 1701000.0
	372791.586491 503.15 1701000.0
	391947.411407 528.15 1701000.0
	411202.145411 553.15 1701000.0
	430566.989135 578.15 1701000.0
	450051.569706 603.15 1701000.0
	469663.962856 628.15 1701000.0
	489410.752512 653.15 1701000.0
	509297.118787 678.15 1701000.0
	529326.945399 703.15 1701000.0
	549502.938541 728.15 1701000.0
	569826.750649 753.15 1701000.0
	590299.103941 778.15 1701000.0
	610919.909995 803.15 1701000.0
	631688.382759 828.15 1701000.0
	652603.143367 853.15 1701000.0
	673662.315861 878.15 1701000.0
	694863.613483 903.15 1701000.0
	716204.415612 928.15 1701000.0
	737681.835694 953.15 1701000.0
	759292.780698 978.15 1701000.0
	781034.002745 1003.15 1701000.0
	802902.143589 1028.15 1701000.0
	824893.772675 1053.15 1701000.0
	847005.419449 1078.15 1701000.0
	869233.600574 1103.15 1701000.0
	891574.84269 1128.15 1701000.0
	914025.701254 1153.15 1701000.0
	936582.775984 1178.15 1701000.0
	959242.723374 1203.15 1701000.0
	182899.399776 253.15 1801000.0
	202050.123821 278.15 1801000.0
	221085.558988 303.15 1801000.0
	240045.615513 328.15 1801000.0
	258959.961054 353.15 1801000.0
	277852.941598 378.15 1801000.0
	296746.003141 403.15 1801000.0
	315658.817421 428.15 1801000.0
	334609.722968 453.15 1801000.0
	353615.818307 478.15 1801000.0
	372692.899443 503.15 1801000.0
	391855.350043 528.15 1801000.0
	411116.041955 553.15 1801000.0
	430486.272698 578.15 1801000.0
	449975.74825 603.15 1801000.0
	469592.609193 628.15 1801000.0
	489343.4933 653.15 1801000.0
	509233.625778 678.15 1801000.0
	529266.928404 703.15 1801000.0
	549446.139733 728.15 1801000.0
	569772.939885 753.15 1801000.0
	590248.074916 778.15 1801000.0
	610871.477038 803.15 1801000.0
	631642.378157 828.15 1801000.0
	652559.415109 853.15 1801000.0
	673620.725727 878.15 1801000.0
	694824.035417 903.15 1801000.0
	716166.734329 928.15 1801000.0
	737645.945481 953.15 1801000.0
	759258.584381 978.15 1801000.0
	781001.410786 1003.15 1801000.0
	802871.073308 1028.15 1801000.0
	824864.147565 1053.15 1801000.0
	846977.168568 1078.15 1801000.0
	869206.658025 1103.15 1801000.0
	891549.147148 1128.15 1801000.0
	914001.195552 1153.15 1801000.0
	936559.406745 1178.15 1801000.0
	959220.440683 1203.15 1801000.0
	182637.93804 253.15 1901000.0
	201822.572918 278.15 1901000.0
	220884.522606 303.15 1901000.0
	239865.936603 328.15 1901000.0
	258797.886203 353.15 1901000.0
	277705.646248 378.15 1901000.0
	296611.304073 403.15 1901000.0
	315534.989645 428.15 1901000.0
	334495.378261 453.15 1901000.0
	353509.821867 478.15 1901000.0
	372594.311058 503.15 1901000.0
	391763.38154 528.15 1901000.0
	411030.025766 553.15 1901000.0
	430405.638219 578.15 1901000.0
	449900.003759 603.15 1901000.0
	469521.327829 628.15 1901000.0
	489276.30204 653.15 1901000.0
	509170.196682 678.15 1901000.0
	529206.971577 703.15 1901000.0
	549389.397617 728.15 1901000.0
	569719.182591 753.15 1901000.0
	590197.096372 778.15 1901000.0
	610823.091789 803.15 1901000.0
	631596.418687 828.15 1901000.0
	652515.729589 853.15 1901000.0
	673579.176102 878.15 1901000.0
	694784.495784 903.15 1901000.0
	716129.089543 928.15 1901000.0
	737610.089959 953.15 1901000.0
	759224.421066 978.15 1901000.0
	780968.850251 1003.15 1901000.0
	802840.032974 1028.15 1901000.0
	824834.551014 1053.15 1901000.0
	846948.944948 1078.15 1901000.0
	869179.741515 1103.15 1901000.0
	891523.476496 1128.15 1901000.0
	913976.713658 1153.15 1901000.0
	936536.060296 1178.15 1901000.0
	959198.179822 1203.15 1901000.0
	182376.368925 253.15 2001000.0
	201595.038152 278.15 2001000.0
	220683.562711 303.15 2001000.0
	239686.362999 328.15 2001000.0
	258635.928977 353.15 2001000.0
	277558.471971 378.15 2001000.0
	296476.724715 403.15 2001000.0
	315411.277651 428.15 2001000.0
	334381.144107 453.15 2001000.0
	353403.930183 478.15 2001000.0
	372495.821483 503.15 2001000.0
	391671.505991 528.15 2001000.0
	410944.0969 553.15 2001000.0
	430325.085726 578.15 2001000.0
	449824.33624 603.15 2001000.0
	469450.118754 628.15 2001000.0
	489209.178712 653.15 2001000.0
	509106.831472 678.15 2001000.0
	529147.074885 703.15 2001000.0
	549332.712157 728.15 2001000.0
	569665.478728 753.15 2001000.0
	590146.168268 778.15 2001000.0
	610774.754205 803.15 2001000.0
	631550.504307 828.15 2001000.0
	652472.086762 853.15 2001000.0
	673537.666943 878.15 2001000.0
	694744.994543 903.15 2001000.0
	716091.481215 928.15 2001000.0
	737574.26909 953.15 2001000.0
	759190.290717 978.15 2001000.0
	780936.321106 1003.15 2001000.0
	802809.022552 1028.15 2001000.0
	824804.982991 1053.15 2001000.0
	846920.748555 1078.15 2001000.0
	869152.851013 1103.15 2001000.0
	891497.830704 1128.15 2001000.0
	913952.255545 1153.15 2001000.0
	936512.736611 1178.15 2001000.0
	959175.940764 1203.15 2001000.0
	182114.697581 253.15 2101000.0
	201367.523167 278.15 2101000.0
	220482.68185 303.15 2101000.0
	239506.896483 328.15 2101000.0
	258474.090629 353.15 2101000.0
	277411.419652 378.15 2101000.0
	296342.265694 403.15 2101000.0
	315287.681877 428.15 2101000.0
	334267.020813 453.15 2101000.0
	353298.143466 478.15 2101000.0
	372397.430859 503.15 2101000.0
	391579.723487 528.15 2101000.0
	410858.255412 553.15 2101000.0
	430244.615244 578.15 2101000.0
	449748.7457 603.15 2101000.0
	469378.98196 628.15 2101000.0
	489142.123298 653.15 2101000.0
	509043.530122 678.15 2101000.0
	529087.238292 703.15 2101000.0
	549276.083315 728.15 2101000.0
	569611.828256 753.15 2101000.0
	590095.290564 778.15 2101000.0
	610726.464246 803.15 2101000.0
	631504.634973 828.15 2101000.0
	652428.486589 853.15 2101000.0
	673496.19821 878.15 2101000.0
	694705.531653 903.15 2101000.0
	716053.909305 928.15 2101000.0
	737538.482834 953.15 2101000.0
	759156.193297 978.15 2101000.0
	780903.823312 1003.15 2101000.0
	802778.042006 1028.15 2101000.0
	824775.443461 1053.15 2101000.0
	846892.579358 1078.15 2101000.0
	869125.986486 1103.15 2101000.0
	891472.209742 1128.15 2101000.0
	913927.821183 1153.15 2101000.0
	936489.43566 1178.15 2101000.0
	959153.723484 1203.15 2101000.0
	181852.929206 253.15 2201000.0
	201140.031621 278.15 2201000.0
	220281.882571 303.15 2201000.0
	239327.538834 328.15 2201000.0
	258312.372409 353.15 2201000.0
	277264.49017 378.15 2201000.0
	296207.927628 403.15 2201000.0
	315164.202763 428.15 2201000.0
	334153.008687 453.15 2201000.0
	353192.461927 478.15 2201000.0
	372299.139328 503.15 2201000.0
	391488.034119 528.15 2201000.0
	410772.501353 553.15 2201000.0
	430164.226801 578.15 2201000.0
	449673.232143 603.15 2201000.0
	469307.917437 628.15 2201000.0
	489075.135775 653.15 2201000.0
	508980.292602 678.15 2201000.0
	529027.461768 703.15 2201000.0
	549219.511054 728.15 2201000.0
	569558.231136 753.15 2201000.0
	590044.463218 778.15 2201000.0
	610678.221868 803.15 2201000.0
	631458.810644 828.15 2201000.0
	652384.929025 853.15 2201000.0
	673454.76986 878.15 2201000.0
	694666.107073 903.15 2201000.0
	716016.373773 928.15 2201000.0
	737502.731154 953.15 2201000.0
	759122.128768 978.15 2201000.0
	780871.356834 1003.15 2201000.0
	802747.091301 1028.15 2201000.0
	824745.93239 1053.15 2201000.0
	846864.437323 1078.15 2201000.0
	869099.147905 1103.15 2201000.0
	891446.61358 1128.15 2201000.0
	913903.410544 1153.15 2201000.0
	936466.157416 1178.15 2201000.0
	959131.527953 1203.15 2201000.0
	181591.069047 253.15 2301000.0
	200912.567186 278.15 2301000.0
	220081.167421 303.15 2301000.0
	239148.291827 328.15 2301000.0
	258150.775559 353.15 2301000.0
	277117.6844 378.15 2301000.0
	296073.711136 403.15 2301000.0
	315040.840741 428.15 2301000.0
	334039.10803 453.15 2301000.0
	353086.885775 478.15 2301000.0
	372200.947029 503.15 2301000.0
	391396.437976 528.15 2301000.0
	410686.834778 553.15 2301000.0
	430083.92042 578.15 2301000.0
	449597.795575 603.15 2301000.0
	469236.925177 628.15 2301000.0
	489008.216125 653.15 2301000.0
	508917.118886 678.15 2301000.0
	528967.745277 703.15 2301000.0
	549162.995337 728.15 2301000.0
	569504.687327 753.15 2301000.0
	589993.686189 778.15 2301000.0
	610630.02703 803.15 2301000.0
	631413.031278 828.15 2301000.0
	652341.414031 853.15 2301000.0
	673413.381854 878.15 2301000.0
	694626.720765 903.15 2301000.0
	715978.87458 928.15 2301000.0
	737467.014011 953.15 2301000.0
	759088.097093 978.15 2301000.0
	780838.921637 1003.15 2301000.0
	802716.170403 1028.15 2301000.0
	824716.449745 1053.15 2301000.0
	846836.322419 1078.15 2301000.0
	869072.335237 1103.15 2301000.0
	891421.042188 1128.15 2301000.0
	913879.023598 1153.15 2301000.0
	936442.901852 1178.15 2301000.0
	959109.354146 1203.15 2301000.0
	181329.122401 253.15 2401000.0
	200685.133543 278.15 2401000.0
	219880.538948 303.15 2401000.0
	238969.15723 328.15 2401000.0
	257989.301316 353.15 2401000.0
	276971.003211 378.15 2401000.0
	295939.616829 403.15 2401000.0
	314917.596241 428.15 2401000.0
	333925.319142 453.15 2401000.0
	352981.415216 478.15 2401000.0
	372102.854101 503.15 2401000.0
	391304.935146 528.15 2401000.0
	410601.255736 553.15 2401000.0
	430003.696126 578.15 2401000.0
	449522.435999 603.15 2401000.0
	469166.005168 628.15 2401000.0
	488941.364326 653.15 2401000.0
	508854.008944 678.15 2401000.0
	528908.088786 703.15 2401000.0
	549106.536127 728.15 2401000.0
	569451.19679 753.15 2401000.0
	589942.959435 778.15 2401000.0
	610581.87969 803.15 2401000.0
	631367.296833 828.15 2401000.0
	652297.941564 853.15 2401000.0
	673372.034149 878.15 2401000.0
	694587.372686 903.15 2401000.0
	715941.411688 928.15 2401000.0
	737431.331367 953.15 2401000.0
	759054.098235 978.15 2401000.0
	780806.517684 1003.15 2401000.0
	802685.279277 1028.15 2401000.0
	824686.995492 1053.15 2401000.0
	846808.234612 1078.15 2401000.0
	869045.548452 1103.15 2401000.0
	891395.495536 1128.15 2401000.0
	913854.660316 1153.15 2401000.0
	936419.66894 1178.15 2401000.0
	959087.202036 1203.15 2401000.0
	181067.094609 253.15 2501000.0
	200457.734388 278.15 2501000.0
	219679.999697 303.15 2501000.0
	238790.136809 328.15 2501000.0
	257827.950911 353.15 2501000.0
	276824.447466 378.15 2501000.0
	295805.645315 403.15 2501000.0
	314794.469691 428.15 2501000.0
	333811.642321 453.15 2501000.0
	352876.050453 478.15 2501000.0
	372004.860679 503.15 2501000.0
	391213.525715 528.15 2501000.0
	410515.764277 553.15 2501000.0
	429923.553943 578.15 2501000.0
	449447.153421 603.15 2501000.0
	469095.1574 628.15 2501000.0
	488874.580358 653.15 2501000.0
	508790.962748 678.15 2501000.0
	528848.492262 703.15 2501000.0
	549050.133386 728.15 2501000.0
	569397.759486 753.15 2501000.0
	589892.282916 778.15 2501000.0
	610533.779807 803.15 2501000.0
	631321.607267 828.15 2501000.0
	652254.511583 853.15 2501000.0
	673330.726704 878.15 2501000.0
	694548.062797 903.15 2501000.0
	715903.985055 928.15 2501000.0
	737395.683183 953.15 2501000.0
	759020.132157 978.15 2501000.0
	780774.144939 1003.15 2501000.0
	802654.417888 1028.15 2501000.0
	824657.569598 1053.15 2501000.0
	846780.173872 1078.15 2501000.0
	869018.787518 1103.15 2501000.0
	891369.973593 1128.15 2501000.0
	913830.320671 1153.15 2501000.0
	936396.458651 1178.15 2501000.0
	959065.071596 1203.15 2501000.0
	180804.991061 253.15 2601000.0
	200230.373426 278.15 2601000.0
	219479.552213 303.15 2601000.0
	238611.232323 328.15 2601000.0
	257666.725571 353.15 2601000.0
	276678.018026 378.15 2601000.0
	295671.797197 403.15 2601000.0
	314671.461512 428.15 2601000.0
	333698.077861 453.15 2601000.0
	352770.791689 478.15 2601000.0
	371906.966898 503.15 2601000.0
	391122.20977 528.15 2601000.0
	410430.360452 553.15 2601000.0
	429843.493893 578.15 2601000.0
	449371.947843 603.15 2601000.0
	469024.381862 628.15 2601000.0
	488807.864199 653.15 2601000.0
	508727.980269 678.15 2601000.0
	528788.95567 703.15 2601000.0
	548993.787077 728.15 2601000.0
	569344.375375 753.15 2601000.0
	589841.656591 778.15 2601000.0
	610485.727339 803.15 2601000.0
	631275.962538 828.15 2601000.0
	652211.124046 853.15 2601000.0
	673289.45948 878.15 2601000.0
	694508.791058 903.15 2601000.0
	715866.594644 928.15 2601000.0
	737360.069422 953.15 2601000.0
	758986.198821 978.15 2601000.0
	780741.803366 1003.15 2601000.0
	802623.586202 1028.15 2601000.0
	824628.172029 1053.15 2601000.0
	846752.140165 1078.15 2601000.0
	868992.052405 1103.15 2601000.0
	891344.476331 1128.15 2601000.0
	913806.004632 1153.15 2601000.0
	936373.27096 1178.15 2601000.0
	959042.962799 1203.15 2601000.0
	180542.817193 253.15 2701000.0
	200003.054376 278.15 2701000.0
	219279.199041 303.15 2701000.0
	238432.445527 328.15 2701000.0
	257505.626516 353.15 2701000.0
	276531.715744 378.15 2701000.0
	295538.073074 403.15 2701000.0
	314548.572125 428.15 2701000.0
	333584.626053 453.15 2701000.0
	352665.639123 478.15 2701000.0
	371809.17289 503.15 2701000.0
	391030.987393 528.15 2701000.0
	410345.044309 553.15 2701000.0
	429763.515998 578.15 2701000.0
	449296.819267 603.15 2701000.0
	468953.678543 628.15 2701000.0
	488741.215827 653.15 2701000.0
	508665.061479 678.15 2701000.0
	528729.478977 703.15 2701000.0
	548937.497161 728.15 2701000.0
	569291.044416 753.15 2701000.0
	589791.080418 778.15 2701000.0
	610437.722243 803.15 2701000.0
	631230.362604 828.15 2701000.0
	652167.778911 853.15 2701000.0
	673248.232433 878.15 2701000.0
	694469.557428 903.15 2701000.0
	715829.240415 928.15 2701000.0
	737324.490046 953.15 2701000.0
	758952.298192 978.15 2701000.0
	780709.49293 1003.15 2701000.0
	802592.784184 1028.15 2701000.0
	824598.802753 1053.15 2701000.0
	846724.13346 1078.15 2701000.0
	868965.343081 1103.15 2701000.0
	891319.00372 1128.15 2701000.0
	913781.712173 1153.15 2701000.0
	936350.105838 1178.15 2701000.0
	959020.87562 1203.15 2701000.0
	180280.578488 253.15 2801000.0
	199775.780965 278.15 2801000.0
	219078.942723 303.15 2801000.0
	238253.77817 328.15 2801000.0
	257344.654959 353.15 2801000.0
	276385.541468 378.15 2801000.0
	295404.473541 403.15 2801000.0
	314425.801946 428.15 2801000.0
	333471.287187 453.15 2801000.0
	352560.592951 478.15 2801000.0
	371711.478786 503.15 2801000.0
	390939.858667 528.15 2801000.0
	410259.815894 553.15 2801000.0
	429683.62028 578.15 2801000.0
	449221.767697 603.15 2801000.0
	468883.047431 628.15 2801000.0
	488674.635222 653.15 2801000.0
	508602.206348 678.15 2801000.0
	528670.062148 703.15 2801000.0
	548881.263603 728.15 2801000.0
	569237.766569 753.15 2801000.0
	589740.554357 778.15 2801000.0
	610389.764478 803.15 2801000.0
	631184.807424 828.15 2801000.0
	652124.476138 853.15 2801000.0
	673207.045525 878.15 2801000.0
	694430.361868 903.15 2801000.0
	715791.922329 928.15 2801000.0
	737288.945016 953.15 2801000.0
	758918.430231 978.15 2801000.0
	780677.213595 1003.15 2801000.0
	802562.0118 1028.15 2801000.0
	824569.461736 1053.15 2801000.0
	846696.153724 1078.15 2801000.0
	868938.659517 1103.15 2801000.0
	891293.55573 1128.15 2801000.0
	913757.443264 1153.15 2801000.0
	936326.963257 1178.15 2801000.0
	958998.810032 1203.15 2801000.0
	180018.280473 253.15 2901000.0
	199548.556933 278.15 2901000.0
	218878.785799 303.15 2901000.0
	238075.231996 328.15 2901000.0
	257183.812111 353.15 2901000.0
	276239.496042 378.15 2901000.0
	295270.999189 403.15 2901000.0
	314303.151387 428.15 2901000.0
	333358.061549 453.15 2901000.0
	352455.65337 478.15 2901000.0
	371613.884717 503.15 2901000.0
	390848.823675 528.15 2901000.0
	410174.675253 553.15 2901000.0
	429603.806759 578.15 2901000.0
	449146.793133 603.15 2901000.0
	468812.488514 628.15 2901000.0
	488608.12236 653.15 2901000.0
	508539.414848 678.15 2901000.0
	528610.705149 703.15 2901000.0
	548825.086363 728.15 2901000.0
	569184.541796 753.15 2901000.0
	589690.078365 778.15 2901000.0
	610341.854002 803.15 2901000.0
	631139.296956 828.15 2901000.0
	652081.215683 853.15 2901000.0
	673165.898714 878.15 2901000.0
	694391.204338 903.15 2901000.0
	715754.640347 928.15 2901000.0
	737253.434294 953.15 2901000.0
	758884.594903 978.15 2901000.0
	780644.965326 1003.15 2901000.0
	802531.269015 1028.15 2901000.0
	824540.148945 1053.15 2901000.0
	846668.200927 1078.15 2901000.0
	868912.001681 1103.15 2901000.0
	891268.132331 1128.15 2901000.0
	913733.197877 1153.15 2901000.0
	936303.843191 1178.15 2901000.0
	958976.766009 1203.15 2901000.0
	179755.928721 253.15 3001000.0
	199321.386027 278.15 3001000.0
	218678.730809 303.15 3001000.0
	237896.808745 328.15 3001000.0
	257023.099175 353.15 3001000.0
	276093.580305 378.15 3001000.0
	295137.650602 403.15 3001000.0
	314180.620856 428.15 3001000.0
	333244.949421 453.15 3001000.0
	352350.820572 478.15 3001000.0
	371516.390809 503.15 3001000.0
	390757.882495 528.15 3001000.0
	410089.622433 553.15 3001000.0
	429524.075454 578.15 3001000.0
	449071.895577 603.15 3001000.0
	468742.00178 628.15 3001000.0
	488541.677219 653.15 3001000.0
	508476.686948 678.15 3001000.0
	528551.407946 703.15 3001000.0
	548768.965404 728.15 3001000.0
	569131.370056 753.15 3001000.0
	589639.652402 778.15 3001000.0
	610293.990775 803.15 3001000.0
	631093.831157 828.15 3001000.0
	652037.997507 853.15 3001000.0
	673124.791959 878.15 3001000.0
	694352.084797 903.15 3001000.0
	715717.39443 928.15 3001000.0
	737217.957844 953.15 3001000.0
	758850.792171 978.15 3001000.0
	780612.748088 1003.15 3001000.0
	802500.555796 1028.15 3001000.0
	824510.864347 1053.15 3001000.0
	846640.275035 1078.15 3001000.0
	868885.369543 1103.15 3001000.0
	891242.733495 1128.15 3001000.0
	913708.975983 1153.15 3001000.0
	936280.745613 1178.15 3001000.0
	958954.743525 1203.15 3001000.0
	179493.528847 253.15 3101000.0
	199094.272006 278.15 3101000.0
	218478.780289 303.15 3101000.0
	237718.51015 328.15 3101000.0
	256862.517346 353.15 3101000.0
	275947.795089 378.15 3101000.0
	295004.428363 403.15 3101000.0
	314058.210761 428.15 3101000.0
	333131.951084 453.15 3101000.0
	352246.094748 478.15 3101000.0
	371418.997188 503.15 3101000.0
	390667.035207 528.15 3101000.0
	410004.657477 553.15 3101000.0
	429444.426385 578.15 3101000.0
	448997.075029 603.15 3101000.0
	468671.587215 628.15 3101000.0
	488475.299776 653.15 3101000.0
	508414.022619 678.15 3101000.0
	528492.170503 703.15 3101000.0
	548712.900688 728.15 3101000.0
	569078.251309 753.15 3101000.0
	589589.276428 778.15 3101000.0
	610246.174753 803.15 3101000.0
	631048.409987 828.15 3101000.0
	651994.821569 853.15 3101000.0
	673083.72522 878.15 3101000.0
	694313.003207 903.15 3101000.0
	715680.18454 928.15 3101000.0
	737182.515626 953.15 3101000.0
	758817.021998 978.15 3101000.0
	780580.561844 1003.15 3101000.0
	802469.872108 1028.15 3101000.0
	824481.60791 1053.15 3101000.0
	846612.376018 1078.15 3101000.0
	868858.763072 1103.15 3101000.0
	891217.359191 1128.15 3101000.0
	913684.777555 1153.15 3101000.0
	936257.670495 1178.15 3101000.0
	958932.742554 1203.15 3101000.0
	179231.086512 253.15 3201000.0
	198867.218636 278.15 3201000.0
	218278.936775 303.15 3201000.0
	237540.33794 328.15 3201000.0
	256702.067818 353.15 3201000.0
	275802.141222 378.15 3201000.0
	294871.33305 403.15 3201000.0
	313935.921502 428.15 3201000.0
	333019.066816 453.15 3201000.0
	352141.476088 478.15 3201000.0
	371321.70398 503.15 3201000.0
	390576.281888 528.15 3201000.0
	409919.780429 553.15 3201000.0
	429364.85957 578.15 3201000.0
	448922.33149 603.15 3201000.0
	468601.244806 628.15 3201000.0
	488408.990009 653.15 3201000.0
	508351.42183 678.15 3201000.0
	528432.992787 703.15 3201000.0
	548656.892178 728.15 3201000.0
	569025.185515 753.15 3201000.0
	589538.950399 778.15 3201000.0
	610198.405896 803.15 3201000.0
	631003.033404 828.15 3201000.0
	651951.687825 853.15 3201000.0
	673042.698456 878.15 3201000.0
	694273.959526 903.15 3201000.0
	715643.010637 928.15 3201000.0
	737147.107605 953.15 3201000.0
	758783.284348 978.15 3201000.0
	780548.40656 1003.15 3201000.0
	802439.217917 1028.15 3201000.0
	824452.379599 1053.15 3201000.0
	846584.503843 1078.15 3201000.0
	868832.182238 1103.15 3201000.0
	891192.00939 1128.15 3201000.0
	913660.602564 1153.15 3201000.0
	936234.617809 1178.15 3201000.0
	958910.763069 1203.15 3201000.0
	178968.607418 253.15 3301000.0
	198640.229694 278.15 3301000.0
	218079.202798 303.15 3301000.0
	237362.293835 328.15 3301000.0
	256541.751775 353.15 3301000.0
	275656.619527 378.15 3301000.0
	294738.365235 403.15 3301000.0
	313813.753478 428.15 3301000.0
	332906.296892 453.15 3301000.0
	352036.964777 478.15 3301000.0
	371224.511306 503.15 3301000.0
	390485.622615 528.15 3301000.0
	409834.991332 553.15 3301000.0
	429285.375027 578.15 3301000.0
	448847.664958 603.15 3301000.0
	468530.974539 628.15 3301000.0
	488342.747895 653.15 3301000.0
	508288.884553 678.15 3301000.0
	528373.874762 703.15 3301000.0
	548600.939835 728.15 3301000.0
	568972.172634 753.15 3301000.0
	589488.674277 778.15 3301000.0
	610150.684161 803.15 3301000.0
	630957.701366 828.15 3301000.0
	651908.596237 853.15 3301000.0
	673001.711627 878.15 3301000.0
	694234.953716 903.15 3301000.0
	715605.872684 928.15 3301000.0
	737111.733741 953.15 3301000.0
	758749.579184 978.15 3301000.0
	780516.2822 1003.15 3301000.0
	802408.59319 1028.15 3301000.0
	824423.179383 1053.15 3301000.0
	846556.65848 1078.15 3301000.0
	868805.62701 1103.15 3301000.0
	891166.684064 1128.15 3301000.0
	913636.450983 1153.15 3301000.0
	936211.587531 1178.15 3301000.0
	958888.805045 1203.15 3301000.0
	178706.097309 253.15 3401000.0
	198413.308962 278.15 3401000.0
	217879.580887 303.15 3401000.0
	237184.379553 328.15 3401000.0
	256381.570397 353.15 3401000.0
	275511.230822 378.15 3401000.0
	294605.525487 403.15 3401000.0
	313691.707085 428.15 3401000.0
	332793.641585 453.15 3401000.0
	351932.561 478.15 3401000.0
	371127.419288 503.15 3401000.0
	390395.057463 528.15 3401000.0
	409750.290226 553.15 3401000.0
	429205.972772 578.15 3401000.0
	448773.075433 603.15 3401000.0
	468460.776401 628.15 3401000.0
	488276.573409 653.15 3401000.0
	508226.410757 678.15 3401000.0
	528314.816394 703.15 3401000.0
	548545.043621 728.15 3401000.0
	568919.212627 753.15 3401000.0
	589438.448018 778.15 3401000.0
	610103.009508 803.15 3401000.0
	630912.413831 828.15 3401000.0
	651865.546761 853.15 3401000.0
	672960.764692 878.15 3401000.0
	694195.985738 903.15 3401000.0
	715568.770641 928.15 3401000.0
	737076.393997 953.15 3401000.0
	758715.906471 978.15 3401000.0
	780484.18873 1003.15 3401000.0
	802377.997892 1028.15 3401000.0
	824394.007229 1053.15 3401000.0
	846528.839897 1078.15 3401000.0
	868779.097358 1103.15 3401000.0
	891141.383183 1128.15 3401000.0
	913612.322782 1153.15 3401000.0
	936188.579631 1178.15 3401000.0
	958866.868455 1203.15 3401000.0
	178443.56197 253.15 3501000.0
	198186.460233 278.15 3501000.0
	217680.073568 303.15 3501000.0
	237006.596805 328.15 3501000.0
	256221.524857 353.15 3501000.0
	275365.975918 378.15 3501000.0
	294472.81437 403.15 3501000.0
	313569.782714 428.15 3501000.0
	332681.101164 453.15 3501000.0
	351828.264939 478.15 3501000.0
	371030.428046 503.15 3501000.0
	390304.586505 528.15 3501000.0
	409665.677152 553.15 3501000.0
	429126.652822 578.15 3501000.0
	448698.562913 603.15 3501000.0
	468390.650376 628.15 3501000.0
	488210.466527 653.15 3501000.0
	508164.00041 678.15 3501000.0
	528255.817648 703.15 3501000.0
	548489.203499 728.15 3501000.0
	568866.305452 753.15 3501000.0
	589388.271583 778.15 3501000.0
	610055.381894 803.15 3501000.0
	630867.170759 828.15 3501000.0
	651822.539358 853.15 3501000.0
	672919.85761 878.15 3501000.0
	694157.05555 903.15 3501000.0
	715531.70447 928.15 3501000.0
	737041.088337 953.15 3501000.0
	758682.266171 978.15 3501000.0
	780452.126114 1003.15 3501000.0
	802347.431989 1028.15 3501000.0
	824364.863105 1053.15 3501000.0
	846501.048061 1078.15 3501000.0
	868752.593253 1103.15 3501000.0
	891116.106718 1128.15 3501000.0
	913588.217935 1153.15 3501000.0
	936165.594083 1178.15 3501000.0
	958844.953275 1203.15 3501000.0
	178181.007226 253.15 3601000.0
	197959.687305 278.15 3601000.0
	217480.683365 303.15 3601000.0
	236828.947296 328.15 3601000.0
	256061.616323 353.15 3601000.0
	275220.855623 378.15 3601000.0
	294340.232445 403.15 3601000.0
	313447.980753 428.15 3601000.0
	332568.675896 453.15 3601000.0
	351724.076776 478.15 3601000.0
	370933.537697 503.15 3601000.0
	390214.209814 528.15 3601000.0
	409581.152151 553.15 3601000.0
	429047.415193 578.15 3601000.0
	448624.127396 603.15 3601000.0
	468320.596451 628.15 3601000.0
	488144.427227 653.15 3601000.0
	508101.653484 678.15 3601000.0
	528196.878487 703.15 3601000.0
	548433.419429 728.15 3601000.0
	568813.45107 753.15 3601000.0
	589338.14493 778.15 3601000.0
	610007.801279 803.15 3601000.0
	630821.972107 828.15 3601000.0
	651779.573986 853.15 3601000.0
	672878.990342 878.15 3601000.0
	694118.163115 903.15 3601000.0
	715494.674133 928.15 3601000.0
	737005.816723 953.15 3601000.0
	758648.658249 978.15 3601000.0
	780420.094318 1003.15 3601000.0
	802316.895448 1028.15 3601000.0
	824335.746977 1053.15 3601000.0
	846473.282943 1078.15 3601000.0
	868726.114663 1103.15 3601000.0
	891090.85464 1128.15 3601000.0
	913564.136413 1153.15 3601000.0
	936142.630862 1178.15 3601000.0
	958823.059478 1203.15 3601000.0
	177918.438943 253.15 3701000.0
	197732.993984 278.15 3701000.0
	217281.412797 303.15 3701000.0
	236651.432723 328.15 3701000.0
	255901.845957 353.15 3701000.0
	275075.870738 378.15 3701000.0
	294207.780267 403.15 3701000.0
	313326.301588 428.15 3701000.0
	332456.366045 453.15 3701000.0
	351619.996688 478.15 3701000.0
	370836.748357 503.15 3701000.0
	390123.927462 528.15 3701000.0
	409496.715259 553.15 3701000.0
	428968.259898 578.15 3701000.0
	448549.76888 603.15 3701000.0
	468250.614609 628.15 3701000.0
	488078.455483 653.15 3701000.0
	508039.369946 678.15 3701000.0
	528137.998878 703.15 3701000.0
	548377.691374 728.15 3701000.0
	568760.649441 753.15 3701000.0
	589288.068018 778.15 3701000.0
	609960.26762 803.15 3701000.0
	630776.817834 828.15 3701000.0
	651736.650605 853.15 3701000.0
	672838.162847 878.15 3701000.0
	694079.308392 903.15 3701000.0
	715457.679591 928.15 3701000.0
	736970.579118 953.15 3701000.0
	758615.082669 978.15 3701000.0
	780388.093306 1003.15 3701000.0
	802286.388236 1028.15 3701000.0
	824306.658814 1053.15 3701000.0
	846445.544511 1078.15 3701000.0
	868699.661559 1103.15 3701000.0
	891065.626921 1128.15 3701000.0
	913540.078188 1153.15 3701000.0
	936119.689939 1178.15 3701000.0
	958801.187038 1203.15 3701000.0
	177655.863023 253.15 3801000.0
	197506.384079 278.15 3801000.0
	217082.26438 303.15 3801000.0
	236474.05478 328.15 3801000.0
	255742.214914 353.15 3801000.0
	274931.022059 378.15 3801000.0
	294075.458388 403.15 3801000.0
	313204.745599 428.15 3801000.0
	332344.171874 453.15 3801000.0
	351516.024851 478.15 3801000.0
	370740.060142 503.15 3801000.0
	390033.739519 528.15 3801000.0
	409412.366516 553.15 3801000.0
	428889.186953 578.15 3801000.0
	448475.487361 603.15 3801000.0
	468180.704834 628.15 3801000.0
	488012.551271 653.15 3801000.0
	507977.149766 678.15 3801000.0
	528079.178785 703.15 3801000.0
	548322.019295 728.15 3801000.0
	568707.900525 753.15 3801000.0
	589238.040806 778.15 3801000.0
	609912.780876 803.15 3801000.0
	630731.707899 828.15 3801000.0
	651693.769173 853.15 3801000.0
	672797.375086 878.15 3801000.0
	694040.491343 903.15 3801000.0
	715420.720806 928.15 3801000.0
	736935.375484 953.15 3801000.0
	758581.539395 978.15 3801000.0
	780356.123044 1003.15 3801000.0
	802255.910318 1028.15 3801000.0
	824277.598582 1053.15 3801000.0
	846417.832733 1078.15 3801000.0
	868673.23391 1103.15 3801000.0
	891040.42353 1128.15 3801000.0
	913516.043233 1153.15 3801000.0
	936096.771288 1178.15 3801000.0
	958779.335931 1203.15 3801000.0
	177393.285406 253.15 3901000.0
	197279.86141 278.15 3901000.0
	216883.240624 303.15 3901000.0
	236296.815152 328.15 3901000.0
	255582.724342 353.15 3901000.0
	274786.310378 378.15 3901000.0
	293943.267354 403.15 3901000.0
	313083.313165 428.15 3901000.0
	332232.09364 453.15 3901000.0
	351412.161439 478.15 3901000.0
	370643.473165 503.15 3901000.0
	389943.646054 528.15 3901000.0
	409328.105959 553.15 3901000.0
	428810.19637 578.15 3901000.0
	448401.282836 603.15 3901000.0
	468110.867112 628.15 3901000.0
	487946.714565 653.15 3901000.0
	507914.992913 678.15 3901000.0
	528020.418172 703.15 3901000.0
	548266.403154 728.15 3901000.0
	568655.204282 753.15 3901000.0
	589188.063253 778.15 3901000.0
	609865.341006 803.15 3901000.0
	630686.642261 828.15 3901000.0
	651650.92965 853.15 3901000.0
	672756.627017 878.15 3901000.0
	694001.711929 903.15 3901000.0
	715383.79774 928.15 3901000.0
	736900.205784 953.15 3901000.0
	758548.028391 978.15 3901000.0
	780324.183498 1003.15 3901000.0
	802225.461662 1028.15 3901000.0
	824248.566251 1053.15 3901000.0
	846390.147579 1078.15 3901000.0
	868646.831688 1103.15 3901000.0
	891015.24444 1128.15 3901000.0
	913492.031521 1153.15 3901000.0
	936073.874883 1178.15 3901000.0
	958757.50613 1203.15 3901000.0
	177130.712071 253.15 4001000.0
	197053.429797 278.15 4001000.0
	216684.344039 303.15 4001000.0
	236119.715519 328.15 4001000.0
	255423.375386 353.15 4001000.0
	274641.73648 378.15 4001000.0
	293811.20771 403.15 4001000.0
	312962.00466 428.15 4001000.0
	332120.1316 453.15 4001000.0
	351308.406626 478.15 4001000.0
	370546.987536 503.15 4001000.0
	389853.647134 528.15 4001000.0
	409243.933622 553.15 4001000.0
	428731.288163 578.15 4001000.0
	448327.1553 603.15 4001000.0
	468041.101426 628.15 4001000.0
	487880.945342 653.15 4001000.0
	507852.899355 678.15 4001000.0
	527961.717003 703.15 4001000.0
	548210.842913 728.15 4001000.0
	568602.56067 753.15 4001000.0
	589138.135317 778.15 4001000.0
	609817.947968 803.15 4001000.0
	630641.620878 828.15 4001000.0
	651608.131995 853.15 4001000.0
	672715.918601 878.15 4001000.0
	693962.970109 903.15 4001000.0
	715346.910355 928.15 4001000.0
	736865.069982 953.15 4001000.0
	758514.549621 978.15 4001000.0
	780292.274632 1003.15 4001000.0
	802195.042233 1028.15 4001000.0
	824219.561787 1053.15 4001000.0
	846362.489018 1078.15 4001000.0
	868620.454862 1103.15 4001000.0
	890990.089623 1128.15 4001000.0
	913468.043023 1153.15 4001000.0
	936051.000698 1178.15 4001000.0
	958735.69761 1203.15 4001000.0
	176868.149028 253.15 4101000.0
	196827.093068 278.15 4101000.0
	216485.577125 303.15 4101000.0
	235942.757555 328.15 4101000.0
	255264.169181 353.15 4101000.0
	274497.301146 378.15 4101000.0
	293679.279992 403.15 4101000.0
	312840.820455 428.15 4101000.0
	332008.286009 453.15 4101000.0
	351204.760579 478.15 4101000.0
	370450.603366 503.15 4101000.0
	389763.742826 528.15 4101000.0
	409159.849541 553.15 4101000.0
	428652.462343 578.15 4101000.0
	448253.104749 603.15 4101000.0
	467971.407758 628.15 4101000.0
	487815.243575 653.15 4101000.0
	507790.869061 678.15 4101000.0
	527903.075243 703.15 4101000.0
	548155.338532 728.15 4101000.0
	568549.969651 753.15 4101000.0
	589088.256958 778.15 4101000.0
	609770.601721 803.15 4101000.0
	630596.643709 828.15 4101000.0
	651565.376166 853.15 4101000.0
	672675.249798 878.15 4101000.0
	693924.265845 903.15 4101000.0
	715310.058612 928.15 4101000.0
	736829.968041 953.15 4101000.0
	758481.103049 978.15 4101000.0
	780260.396412 1003.15 4101000.0
	802164.651999 1028.15 4101000.0
	824190.585159 1053.15 4101000.0
	846334.857018 1078.15 4101000.0
	868594.103402 1103.15 4101000.0
	890964.959048 1128.15 4101000.0
	913444.077713 1153.15 4101000.0
	936028.148705 1178.15 4101000.0
	958713.910346 1203.15 4101000.0
	176605.602326 253.15 4201000.0
	196600.855053 278.15 4201000.0
	216286.942383 303.15 4201000.0
	235765.942925 328.15 4201000.0
	255105.106857 353.15 4201000.0
	274353.005151 378.15 4201000.0
	293547.484736 403.15 4201000.0
	312719.760919 428.15 4201000.0
	331896.557116 453.15 4201000.0
	351101.223469 478.15 4201000.0
	370354.320764 503.15 4201000.0
	389673.933195 528.15 4201000.0
	409075.853751 553.15 4201000.0
	428573.718922 578.15 4201000.0
	448179.131178 603.15 4201000.0
	467901.786092 628.15 4201000.0
	487749.609238 653.15 4201000.0
	507728.902 678.15 4201000.0
	527844.492857 703.15 4201000.0
	548099.889974 728.15 4201000.0
	568497.431184 753.15 4201000.0
	589038.428134 778.15 4201000.0
	609723.302223 803.15 4201000.0
	630551.710713 828.15 4201000.0
	651522.662124 853.15 4201000.0
	672634.620568 878.15 4201000.0
	693885.599099 903.15 4201000.0
	715273.242475 928.15 4201000.0
	736794.899924 953.15 4201000.0
	758447.68864 978.15 4201000.0
	780228.548803 1003.15 4201000.0
	802134.290926 1028.15 4201000.0
	824161.636334 1053.15 4201000.0
	846307.251549 1078.15 4201000.0
	868567.777278 1103.15 4201000.0
	890939.852688 1128.15 4201000.0
	913420.135562 1153.15 4201000.0
	936005.318878 1178.15 4201000.0
	958692.144312 1203.15 4201000.0
	176343.078045 253.15 4301000.0
	196374.719588 278.15 4301000.0
	216088.442304 303.15 4301000.0
	235589.27329 328.15 4301000.0
	254946.18954 353.15 4301000.0
	274208.849264 378.15 4301000.0
	293415.822472 403.15 4301000.0
	312598.826415 428.15 4301000.0
	331784.94517 453.15 4301000.0
	350997.79546 478.15 4301000.0
	370258.139837 503.15 4301000.0
	389584.218307 528.15 4301000.0
	408991.946284 553.15 4301000.0
	428495.05791 578.15 4301000.0
	448105.234581 603.15 4301000.0
	467832.236411 628.15 4301000.0
	487684.042306 653.15 4301000.0
	507666.998138 678.15 4301000.0
	527785.969807 703.15 4301000.0
	548044.4972 728.15 4301000.0
	568444.945228 753.15 4301000.0
	588988.648805 778.15 4301000.0
	609676.049434 803.15 4301000.0
	630506.821849 828.15 4301000.0
	651479.989828 853.15 4301000.0
	672594.030871 878.15 4301000.0
	693846.96983 903.15 4301000.0
	715236.461904 928.15 4301000.0
	736759.865593 953.15 4301000.0
	758414.306359 978.15 4301000.0
	780196.731772 1003.15 4301000.0
	802103.958981 1028.15 4301000.0
	824132.715281 1053.15 4301000.0
	846279.672581 1078.15 4301000.0
	868541.476462 1103.15 4301000.0
	890914.770515 1128.15 4301000.0
	913396.216543 1153.15 4301000.0
	935982.511192 1178.15 4301000.0
	958670.399483 1203.15 4301000.0
	176080.582297 253.15 4401000.0
	196148.690508 278.15 4401000.0
	215890.079376 303.15 4401000.0
	235412.750302 328.15 4401000.0
	254787.418346 353.15 4401000.0
	274064.834251 378.15 4401000.0
	293284.293724 403.15 4401000.0
	312478.017305 428.15 4401000.0
	331673.450418 453.15 4401000.0
	350894.476716 478.15 4401000.0
	370162.060689 503.15 4401000.0
	389494.598223 528.15 4401000.0
	408908.127173 553.15 4401000.0
	428416.479318 578.15 4401000.0
	448031.414952 603.15 4401000.0
	467762.758696 628.15 4401000.0
	487618.542753 653.15 4401000.0
	507605.157444 678.15 4401000.0
	527727.506058 703.15 4401000.0
	547989.160171 728.15 4401000.0
	568392.511744 753.15 4401000.0
	588938.918928 778.15 4401000.0
	609628.843312 803.15 4401000.0
	630461.977075 828.15 4401000.0
	651437.359237 853.15 4401000.0
	672553.480667 878.15 4401000.0
	693808.378001 903.15 4401000.0
	715199.716863 928.15 4401000.0
	736724.865013 953.15 4401000.0
	758380.956169 978.15 4401000.0
	780164.945284 1003.15 4401000.0
	802073.656131 1028.15 4401000.0
	824103.821967 1053.15 4401000.0
	846252.120081 1078.15 4401000.0
	868515.200923 1103.15 4401000.0
	890889.712499 1128.15 4401000.0
	913372.320629 1153.15 4401000.0
	935959.725619 1178.15 4401000.0
	958648.675834 1203.15 4401000.0
	175818.121226 253.15 4501000.0
	195922.771655 278.15 4501000.0
	215691.856082 303.15 4501000.0
	235236.375608 328.15 4501000.0
	254628.794387 353.15 4501000.0
	273920.960869 378.15 4501000.0
	293152.899015 403.15 4501000.0
	312357.333947 428.15 4501000.0
	331562.073101 453.15 4501000.0
	350791.2674 478.15 4501000.0
	370066.083425 503.15 4501000.0
	389405.073005 528.15 4501000.0
	408824.396449 553.15 4501000.0
	428337.983155 578.15 4501000.0
	447957.672284 603.15 4501000.0
	467693.352929 628.15 4501000.0
	487553.110552 653.15 4501000.0
	507543.379887 678.15 4501000.0
	527669.101574 703.15 4501000.0
	547933.878848 728.15 4501000.0
	568340.13069 753.15 4501000.0
	588889.238464 778.15 4501000.0
	609581.683815 803.15 4501000.0
	630417.176351 828.15 4501000.0
	651394.770311 853.15 4501000.0
	672512.969917 878.15 4501000.0
	693769.823573 903.15 4501000.0
	715163.007313 928.15 4501000.0
	736689.898147 953.15 4501000.0
	758347.638035 978.15 4501000.0
	780133.189305 1003.15 4501000.0
	802043.382344 1028.15 4501000.0
	824074.956362 1053.15 4501000.0
	846224.594021 1078.15 4501000.0
	868488.950633 1103.15 4501000.0
	890864.678613 1128.15 4501000.0
	913348.447794 1153.15 4501000.0
	935936.962134 1178.15 4501000.0
	958626.973339 1203.15 4501000.0
	175555.701008 253.15 4601000.0
	195696.966869 278.15 4601000.0
	215493.774898 303.15 4601000.0
	235060.150845 328.15 4601000.0
	254470.318766 353.15 4601000.0
	273777.229873 378.15 4601000.0
	293021.638862 403.15 4601000.0
	312236.776694 428.15 4601000.0
	331450.813462 453.15 4601000.0
	350688.167672 478.15 4601000.0
	369970.208146 503.15 4601000.0
	389315.642715 528.15 4601000.0
	408740.754143 553.15 4601000.0
	428259.56943 578.15 4601000.0
	447884.00657 603.15 4601000.0
	467624.019092 628.15 4601000.0
	487487.745677 653.15 4601000.0
	507481.665433 678.15 4601000.0
	527610.756318 703.15 4601000.0
	547878.653193 728.15 4601000.0
	568287.802028 753.15 4601000.0
	588839.607371 778.15 4601000.0
	609534.570902 803.15 4601000.0
	630372.419636 828.15 4601000.0
	651352.223009 853.15 4601000.0
	672472.498581 878.15 4601000.0
	693731.306506 903.15 4601000.0
	715126.333217 928.15 4601000.0
	736654.964958 953.15 4601000.0
	758314.351923 978.15 4601000.0
	780101.463801 1003.15 4601000.0
	802013.137585 1028.15 4601000.0
	824046.118433 1053.15 4601000.0
	846197.094369 1078.15 4601000.0
	868462.725561 1103.15 4601000.0
	890839.668829 1128.15 4601000.0
	913324.598009 1153.15 4601000.0
	935914.220711 1178.15 4601000.0
	958605.291975 1203.15 4601000.0
	175293.327844 253.15 4701000.0
	195471.279995 278.15 4701000.0
	215295.838295 303.15 4701000.0
	234884.077645 328.15 4701000.0
	254311.992584 353.15 4701000.0
	273633.642011 378.15 4701000.0
	292890.513776 403.15 4701000.0
	312116.345898 428.15 4701000.0
	331339.671736 453.15 4701000.0
	350585.177689 478.15 4701000.0
	369874.434954 503.15 4701000.0
	389226.307411 528.15 4701000.0
	408657.200284 553.15 4701000.0
	428181.23815 578.15 4701000.0
	447810.417803 603.15 4701000.0
	467554.757166 628.15 4701000.0
	487422.4481 653.15 4701000.0
	507420.01405 678.15 4701000.0
	527552.470255 703.15 4701000.0
	547823.483166 728.15 4701000.0
	568235.525715 753.15 4701000.0
	588790.025608 778.15 4701000.0
	609487.504532 803.15 4701000.0
	630327.706888 828.15 4701000.0
	651309.717291 853.15 4701000.0
	672432.06662 878.15 4701000.0
	693692.826762 903.15 4701000.0
	715089.694537 928.15 4701000.0
	736620.06541 953.15 4701000.0
	758281.097796 978.15 4701000.0
	780069.768737 1003.15 4701000.0
	801982.921823 1028.15 4701000.0
	824017.308148 1053.15 4701000.0
	846169.621095 1078.15 4701000.0
	868436.525679 1103.15 4701000.0
	890814.683118 1128.15 4701000.0
	913300.771247 1153.15 4701000.0
	935891.501324 1178.15 4701000.0
	958583.631715 1203.15 4701000.0
	175031.007966 253.15 4801000.0
	195245.714875 278.15 4801000.0
	215098.048736 303.15 4801000.0
	234708.157632 328.15 4801000.0
	254153.81693 353.15 4801000.0
	273490.198026 378.15 4801000.0
	292759.524268 403.15 4801000.0
	311996.041906 428.15 4801000.0
	331228.648161 453.15 4801000.0
	350482.297607 478.15 4801000.0
	369778.763948 503.15 4801000.0
	389137.067153 528.15 4801000.0
	408573.734902 553.15 4801000.0
	428102.989323 578.15 4801000.0
	447736.905975 603.15 4801000.0
	467485.567131 628.15 4801000.0
	487357.217794 653.15 4801000.0
	507358.425705 678.15 4801000.0
	527494.243347 703.15 4801000.0
	547768.368729 728.15 4801000.0
	568183.301712 753.15 4801000.0
	588740.493134 778.15 4801000.0
	609440.484665 803.15 4801000.0
	630283.038067 828.15 4801000.0
	651267.253117 853.15 4801000.0
	672391.673993 878.15 4801000.0
	693654.384303 903.15 4801000.0
	715053.091236 928.15 4801000.0
	736585.199467 953.15 4801000.0
	758247.87562 978.15 4801000.0
	780038.10408 1003.15 4801000.0
	801952.735025 1028.15 4801000.0
	823988.525476 1053.15 4801000.0
	846142.174168 1078.15 4801000.0
	868410.350956 1103.15 4801000.0
	890789.721452 1128.15 4801000.0
	913276.967483 1153.15 4801000.0
	935868.803946 1178.15 4801000.0
	958561.992534 1203.15 4801000.0
	174768.747631 253.15 4901000.0
	195020.275353 278.15 4901000.0
	214900.408679 303.15 4901000.0
	234532.392424 328.15 4901000.0
	253995.79289 353.15 4901000.0
	273346.898655 378.15 4901000.0
	292628.670839 403.15 4901000.0
	311875.865062 428.15 4901000.0
	331117.742969 453.15 4901000.0
	350379.527581 478.15 4901000.0
	369683.195225 503.15 4901000.0
	389047.921997 528.15 4901000.0
	408490.358024 553.15 4901000.0
	428024.822956 578.15 4901000.0
	447663.471076 603.15 4901000.0
	467416.448969 628.15 4901000.0
	487292.054733 653.15 4901000.0
	507296.900366 678.15 4901000.0
	527436.075558 703.15 4901000.0
	547713.309842 728.15 4901000.0
	568131.129979 753.15 4901000.0
	588691.009907 778.15 4901000.0
	609393.511257 803.15 4901000.0
	630238.413131 828.15 4901000.0
	651224.830446 853.15 4901000.0
	672351.320661 878.15 4901000.0
	693615.97909 903.15 4901000.0
	715016.523276 928.15 4901000.0
	736550.367092 953.15 4901000.0
	758214.685359 978.15 4901000.0
	780006.469796 1003.15 4901000.0
	801922.577157 1028.15 4901000.0
	823959.770386 1053.15 4901000.0
	846114.753559 1078.15 4901000.0
	868384.201365 1103.15 4901000.0
	890764.783803 1128.15 4901000.0
	913253.186688 1153.15 4901000.0
	935846.128552 1178.15 4901000.0
	958540.374409 1203.15 4901000.0
