
	262403.230521 253.15 101000.0
	288440.81218 278.15 101000.0
	314474.443215 303.15 101000.0
	340511.951709 328.15 101000.0
	366562.29283 353.15 101000.0
	392635.805226 378.15 101000.0
	418744.103951 403.15 101000.0
	444899.747833 428.15 101000.0
	471115.796438 453.15 101000.0
	497405.344786 478.15 101000.0
	523781.09561 503.15 101000.0
	550255.003507 528.15 101000.0
	576838.00544 553.15 101000.0
	603539.838083 578.15 101000.0
	630368.933995 603.15 101000.0
	657332.384247 628.15 101000.0
	684435.953661 653.15 101000.0
	711684.135278 678.15 101000.0
	739080.232106 703.15 101000.0
	766626.456094 728.15 101000.0
	794324.036326 753.15 101000.0
	822173.330246 778.15 101000.0
	850173.933401 803.15 101000.0
	878324.784546 828.15 101000.0
	906624.264048 853.15 101000.0
	935070.284366 878.15 101000.0
	963660.372036 903.15 101000.0
	992391.741046 928.15 101000.0
	1021261.35779 953.15 101000.0
	1050265.99806 978.15 101000.0
	1079402.29656 1003.15 101000.0
	1108666.78964 1028.15 101000.0
	1138055.95183 1053.15 101000.0
	1167566.22689 1078.15 101000.0
	1197194.05394 1103.15 101000.0
	1226935.88924 1128.15 101000.0
	1256788.22424 1153.15 101000.0
	1286747.60029 1178.15 101000.0
	1316810.6206 1203.15 101000.0
	262089.589912 253.15 201000.0
	288181.598867 278.15 201000.0
	314258.959623 303.15 201000.0
	340332.337379 328.15 201000.0
	366412.603754 353.15 201000.0
	392511.438755 378.15 201000.0
	418641.424382 403.15 201000.0
	444815.834081 428.15 201000.0
	471048.266932 453.15 201000.0
	497352.232865 478.15 201000.0
	523740.758883 503.15 201000.0
	550226.056661 528.15 201000.0
	576819.269563 553.15 201000.0
	603530.301865 578.15 201000.0
	630367.723626 603.15 201000.0
	657338.739759 628.15 201000.0
	684449.210143 653.15 201000.0
	711703.7078 678.15 201000.0
	739105.603506 703.15 201000.0
	766657.16701 728.15 201000.0
	794359.676983 753.15 201000.0
	822213.533651 778.15 201000.0
	850218.369658 803.15 201000.0
	878373.156087 828.15 201000.0
	906676.301597 853.15 201000.0
	935125.743516 878.15 201000.0
	963719.030323 903.15 201000.0
	992453.395438 928.15 201000.0
	1021325.82253 953.15 201000.0
	1050333.10279 978.15 201000.0
	1079471.88468 1003.15 201000.0
	1108738.71693 1028.15 201000.0
	1138130.08516 1053.15 201000.0
	1167642.44318 1078.15 201000.0
	1197272.23916 1103.15 201000.0
	1227015.93756 1128.15 201000.0
	1256870.0373 1153.15 201000.0
	1286831.08653 1178.15 201000.0
	1316895.69464 1203.15 201000.0
	261776.214504 253.15 301000.0
	287922.772071 278.15 301000.0
	314043.903506 303.15 301000.0
	340153.152662 328.15 301000.0
	366263.327879 353.15 301000.0
	392387.460769 378.15 301000.0
	418539.105553 403.15 301000.0
	444732.253012 428.15 301000.0
	470981.04311 453.15 301000.0
	497299.401325 478.15 301000.0
	523700.679185 503.15 301000.0
	550197.345479 528.15 301000.0
	576800.7499 553.15 301000.0
	603520.964206 578.15 301000.0
	630366.695805 603.15 301000.0
	657345.263306 628.15 301000.0
	684462.621498 653.15 301000.0
	711723.423247 678.15 301000.0
	739131.106975 703.15 301000.0
	766688.000114 728.15 301000.0
	794395.430825 753.15 301000.0
	822253.842022 778.15 301000.0
	850262.90337 803.15 301000.0
	878421.618205 828.15 301000.0
	906728.423417 853.15 301000.0
	935181.281144 878.15 301000.0
	963777.76176 903.15 301000.0
	992515.118072 928.15 301000.0
	1021390.35098 953.15 301000.0
	1050400.26704 978.15 301000.0
	1079541.52847 1003.15 301000.0
	1108810.69629 1028.15 301000.0
	1138204.26725 1053.15 301000.0
	1167718.70514 1078.15 301000.0
	1197350.46716 1103.15 301000.0
	1227096.02599 1128.15 301000.0
	1256951.88798 1153.15 301000.0
	1286914.60806 1178.15 301000.0
	1316980.8018 1203.15 301000.0
	261463.111602 253.15 401000.0
	287664.33667 278.15 401000.0
	313829.277948 303.15 401000.0
	339974.399401 328.15 401000.0
	366114.466219 353.15 401000.0
	392263.871733 378.15 401000.0
	418437.147568 403.15 401000.0
	444649.004499 428.15 401000.0
	470914.124698 453.15 401000.0
	497246.849807 478.15 401000.0
	523660.856106 503.15 401000.0
	550168.869525 528.15 401000.0
	576782.446009 553.15 401000.0
	603511.824666 578.15 401000.0
	630365.850105 603.15 401000.0
	657351.954476 628.15 401000.0
	684476.187332 653.15 401000.0
	711743.281246 678.15 401000.0
	739156.742157 703.15 401000.0
	766718.955074 728.15 401000.0
	794431.297538 753.15 401000.0
	822294.255066 778.15 401000.0
	850307.534261 803.15 401000.0
	878470.170641 828.15 401000.0
	906780.629264 853.15 401000.0
	935236.897022 878.15 401000.0
	963836.566132 903.15 401000.0
	992576.908746 928.15 401000.0
	1021454.94296 953.15 401000.0
	1050467.49065 978.15 401000.0
	1079611.22774 1003.15 401000.0
	1108882.72757 1028.15 401000.0
	1138278.49794 1053.15 401000.0
	1167795.01262 1078.15 401000.0
	1197428.73783 1103.15 401000.0
	1227176.15442 1128.15 401000.0
	1257033.77618 1153.15 401000.0
	1286998.16479 1178.15 401000.0
	1317065.942 1203.15 401000.0
	261150.288595 253.15 501000.0
	287406.297574 278.15 501000.0
	313615.086041 303.15 501000.0
	339796.079447 328.15 501000.0
	365966.019791 353.15 501000.0
	392140.672115 378.15 501000.0
	418335.550538 403.15 501000.0
	444566.088421 428.15 501000.0
	470847.511429 453.15 501000.0
	497194.577952 478.15 501000.0
	523621.289237 503.15 501000.0
	550140.628368 528.15 501000.0
	576764.357451 553.15 501000.0
	603502.88281 578.15 501000.0
	630365.186102 603.15 501000.0
	657358.812861 628.15 501000.0
	684489.907255 653.15 501000.0
	711763.281424 678.15 501000.0
	739182.508704 703.15 501000.0
	766750.031556 728.15 501000.0
	794467.27681 753.15 501000.0
	822334.772489 778.15 501000.0
	850352.262054 803.15 501000.0
	878518.813136 828.15 501000.0
	906832.918895 853.15 501000.0
	935292.590922 878.15 501000.0
	963895.443225 903.15 501000.0
	992638.76726 928.15 501000.0
	1021519.59827 953.15 501000.0
	1050534.77343 978.15 501000.0
	1079680.98234 1003.15 501000.0
	1108954.81062 1028.15 501000.0
	1138352.77709 1053.15 501000.0
	1167871.36548 1078.15 501000.0
	1197507.05102 1103.15 501000.0
	1227256.32272 1128.15 501000.0
	1257115.70177 1153.15 501000.0
	1287081.75661 1178.15 501000.0
	1317151.11513 1203.15 501000.0
	260837.752952 253.15 601000.0
	287148.659724 278.15 601000.0
	313401.330892 303.15 601000.0
	339618.194652 328.15 601000.0
	365817.989615 353.15 601000.0
	392017.862385 378.15 601000.0
	418234.314573 403.15 601000.0
	444483.504657 428.15 601000.0
	470781.203037 453.15 601000.0
	497142.585409 478.15 601000.0
	523581.978176 503.15 601000.0
	550112.621579 528.15 601000.0
	576746.48379 553.15 601000.0
	603494.138206 578.15 601000.0
	630364.703374 603.15 601000.0
	657365.838055 628.15 601000.0
	684503.780879 653.15 601000.0
	711783.423415 678.15 601000.0
	739208.406264 703.15 601000.0
	766781.229233 728.15 601000.0
	794503.368331 753.15 601000.0
	822375.394 778.15 601000.0
	850397.086477 803.15 601000.0
	878567.545434 828.15 601000.0
	906885.292069 853.15 601000.0
	935348.362617 878.15 601000.0
	963954.392829 903.15 601000.0
	992700.693414 928.15 601000.0
	1021584.31673 953.15 601000.0
	1050602.11521 978.15 601000.0
	1079750.79211 1003.15 601000.0
	1109026.94527 1028.15 601000.0
	1138427.10454 1053.15 601000.0
	1167947.76359 1078.15 601000.0
	1197585.40662 1103.15 601000.0
	1227336.53077 1128.15 601000.0
	1257197.66464 1153.15 601000.0
	1287165.3834 1178.15 601000.0
	1317236.32108 1203.15 601000.0
	260525.512225 253.15 701000.0
	286891.428089 278.15 701000.0
	313188.015615 303.15 701000.0
	339440.746874 328.15 701000.0
	365670.376711 353.15 701000.0
	391895.443014 378.15 701000.0
	418133.439787 403.15 701000.0
	444401.253092 428.15 701000.0
	470715.199262 453.15 701000.0
	497090.871826 478.15 701000.0
	523542.922523 503.15 701000.0
	550084.848734 528.15 701000.0
	576728.824594 553.15 701000.0
	603485.590426 578.15 701000.0
	630364.401504 603.15 701000.0
	657373.029655 628.15 701000.0
	684517.807819 653.15 701000.0
	711803.706852 678.15 701000.0
	739234.434494 703.15 701000.0
	766812.547778 728.15 701000.0
	794539.571793 753.15 701000.0
	822416.119309 778.15 701000.0
	850442.007258 803.15 701000.0
	878616.36728 828.15 701000.0
	906937.748548 853.15 701000.0
	935404.211884 878.15 701000.0
	964013.414732 903.15 701000.0
	992762.687012 928.15 701000.0
	1021649.09816 953.15 701000.0
	1050669.51582 978.15 701000.0
	1079820.65687 1003.15 701000.0
	1109099.13137 1028.15 701000.0
	1138501.48017 1053.15 701000.0
	1168024.20681 1078.15 701000.0
	1197663.80448 1103.15 701000.0
	1227416.77845 1128.15 701000.0
	1257279.66468 1153.15 701000.0
	1287249.04507 1178.15 701000.0
	1317321.55976 1203.15 701000.0
	260213.574043 253.15 801000.0
	286634.607668 278.15 801000.0
	312975.143335 303.15 801000.0
	339263.737971 328.15 801000.0
	365523.182103 353.15 801000.0
	391773.414476 378.15 801000.0
	418032.926298 403.15 801000.0
	444319.333613 428.15 801000.0
	470649.499845 453.15 801000.0
	497039.43686 478.15 801000.0
	523504.121882 503.15 801000.0
	550057.309413 528.15 801000.0
	576711.379436 553.15 801000.0
	603477.239045 578.15 801000.0
	630364.280077 603.15 801000.0
	657380.387262 628.15 801000.0
	684531.987694 653.15 801000.0
	711824.131372 678.15 801000.0
	739260.593048 703.15 801000.0
	766843.986867 728.15 801000.0
	794575.886892 753.15 801000.0
	822456.94813 778.15 801000.0
	850487.024128 803.15 801000.0
	878665.27842 828.15 801000.0
	906990.288094 853.15 801000.0
	935460.1385 878.15 801000.0
	964072.508725 903.15 801000.0
	992824.747857 928.15 801000.0
	1021713.94236 953.15 801000.0
	1050736.97508 978.15 801000.0
	1079890.57647 1003.15 801000.0
	1109171.36878 1028.15 801000.0
	1138575.90381 1053.15 801000.0
	1168100.69501 1078.15 801000.0
	1197742.2445 1103.15 801000.0
	1227497.06565 1128.15 801000.0
	1257361.70178 1153.15 801000.0
	1287332.74149 1178.15 801000.0
	1317406.83106 1203.15 801000.0
	259901.946111 253.15 901000.0
	286378.203486 278.15 901000.0
	312762.717185 303.15 901000.0
	339087.169807 328.15 901000.0
	365376.406812 353.15 901000.0
	391651.777245 378.15 901000.0
	417932.774222 403.15 901000.0
	444237.746108 428.15 901000.0
	470584.104531 453.15 901000.0
	496988.280166 478.15 901000.0
	523465.575861 503.15 901000.0
	550030.0032 528.15 901000.0
	576694.14789 553.15 901000.0
	603469.083642 578.15 901000.0
	630364.338683 603.15 901000.0
	657387.91048 628.15 901000.0
	684546.320123 653.15 901000.0
	711844.696616 678.15 901000.0
	739286.881586 703.15 901000.0
	766875.546177 728.15 901000.0
	794612.313325 753.15 901000.0
	822497.880178 778.15 901000.0
	850532.136818 803.15 901000.0
	878714.278603 828.15 901000.0
	907042.91047 853.15 901000.0
	935516.142242 878.15 901000.0
	964131.6746 903.15 901000.0
	992886.875753 928.15 901000.0
	1021778.84916 953.15 901000.0
	1050804.49282 978.15 901000.0
	1079960.55075 1003.15 901000.0
	1109243.65733 1028.15 901000.0
	1138650.37533 1053.15 901000.0
	1168177.22805 1078.15 901000.0
	1197820.72653 1103.15 901000.0
	1227577.39223 1128.15 901000.0
	1257443.77582 1153.15 901000.0
	1287416.47258 1178.15 901000.0
	1317492.13488 1203.15 901000.0
	259590.636211 253.15 1001000.0
	286122.220593 278.15 1001000.0
	312550.740306 303.15 1001000.0
	338911.044244 328.15 1001000.0
	365230.051865 353.15 1001000.0
	391530.531798 378.15 1001000.0
	417832.983681 403.15 1001000.0
	444156.49047 428.15 1001000.0
	470519.013069 453.15 1001000.0
	496937.401405 478.15 1001000.0
	523427.284071 503.15 1001000.0
	550002.92968 528.15 1001000.0
	576677.129536 553.15 1001000.0
	603461.123798 578.15 1001000.0
	630364.576914 603.15 1001000.0
	657395.598914 628.15 1001000.0
	684560.804732 653.15 1001000.0
	711865.402225 678.15 1001000.0
	739313.29977 703.15 1001000.0
	766907.22539 728.15 1001000.0
	794648.850789 753.15 1001000.0
	822538.91517 778.15 1001000.0
	850577.345062 803.15 1001000.0
	878763.36758 828.15 1001000.0
	907095.615443 853.15 1001000.0
	935572.222892 878.15 1001000.0
	964190.912151 903.15 1001000.0
	992949.070508 928.15 1001000.0
	1021843.81838 953.15 1001000.0
	1050872.06887 978.15 1001000.0
	1080030.57953 1003.15 1001000.0
	1109315.99688 1028.15 1001000.0
	1138724.89459 1053.15 1001000.0
	1168253.8058 1078.15 1001000.0
	1197899.25045 1103.15 1001000.0
	1227657.75808 1128.15 1001000.0
	1257525.88668 1153.15 1001000.0
	1287500.23821 1178.15 1001000.0
	1317577.47113 1203.15 1001000.0
	259279.652201 253.15 1101000.0
	285866.664066 278.15 1101000.0
	312339.215844 303.15 1101000.0
	338735.363149 328.15 1101000.0
	365084.118285 353.15 1101000.0
	391409.678612 378.15 1101000.0
	417733.554795 403.15 1101000.0
	444075.566593 428.15 1101000.0
	470454.225209 453.15 1101000.0
	496886.800243 478.15 1101000.0
	523389.246127 503.15 1101000.0
	549976.088444 528.15 1101000.0
	576660.323956 553.15 1101000.0
	603453.3591 578.15 1101000.0
	630364.994365 603.15 1101000.0
	657403.452176 628.15 1101000.0
	684575.441147 653.15 1101000.0
	711886.247844 678.15 1101000.0
	739339.847263 703.15 1101000.0
	766939.024188 728.15 1101000.0
	794685.498988 753.15 1101000.0
	822580.052823 778.15 1101000.0
	850622.648598 803.15 1101000.0
	878812.545102 828.15 1101000.0
	907148.402779 853.15 1101000.0
	935628.380231 878.15 1101000.0
	964250.221172 903.15 1101000.0
	993011.331928 928.15 1101000.0
	1021908.84983 953.15 1101000.0
	1050939.70307 978.15 1101000.0
	1080100.66267 1003.15 1101000.0
	1109388.38728 1028.15 1101000.0
	1138799.46144 1053.15 1101000.0
	1168330.42812 1078.15 1101000.0
	1197977.81614 1103.15 1101000.0
	1227738.16309 1128.15 1101000.0
	1257608.03427 1153.15 1101000.0
	1287584.03829 1178.15 1101000.0
	1317662.8397 1203.15 1101000.0
	258969.002009 253.15 1201000.0
	285611.539004 278.15 1201000.0
	312128.146954 303.15 1201000.0
	338560.128388 328.15 1201000.0
	364938.607098 353.15 1201000.0
	391289.218164 378.15 1201000.0
	417634.48769 403.15 1201000.0
	443994.974374 428.15 1201000.0
	470389.740706 453.15 1201000.0
	496836.476347 478.15 1201000.0
	523351.461646 503.15 1201000.0
	549949.479086 528.15 1201000.0
	576643.730735 553.15 1201000.0
	603445.789134 578.15 1201000.0
	630365.590634 603.15 1201000.0
	657411.469878 628.15 1201000.0
	684590.228997 653.15 1201000.0
	711907.233122 678.15 1201000.0
	739366.523731 703.15 1201000.0
	766970.942256 728.15 1201000.0
	794722.257623 753.15 1201000.0
	822621.292861 778.15 1201000.0
	850668.047161 803.15 1201000.0
	878861.810923 828.15 1201000.0
	907201.272248 853.15 1201000.0
	935684.61404 878.15 1201000.0
	964309.601461 903.15 1201000.0
	993073.659821 928.15 1201000.0
	1021973.94333 953.15 1201000.0
	1051007.39523 978.15 1201000.0
	1080170.80001 1003.15 1201000.0
	1109460.82838 1028.15 1201000.0
	1138874.07574 1053.15 1201000.0
	1168407.09488 1078.15 1201000.0
	1198056.42348 1103.15 1201000.0
	1227818.60713 1128.15 1201000.0
	1257690.21846 1153.15 1201000.0
	1287667.87272 1178.15 1201000.0
	1317748.2405 1203.15 1201000.0
	258658.693634 253.15 1301000.0
	285356.850527 278.15 1301000.0
	311917.536794 303.15 1301000.0
	338385.341827 328.15 1301000.0
	364793.519327 353.15 1301000.0
	391169.150931 378.15 1301000.0
	417535.782489 403.15 1301000.0
	443914.71371 428.15 1301000.0
	470325.559317 453.15 1301000.0
	496786.429386 478.15 1301000.0
	523313.93025 503.15 1301000.0
	549923.101202 528.15 1301000.0
	576627.349462 553.15 1301000.0
	603438.413494 578.15 1301000.0
	630366.365323 603.15 1301000.0
	657419.651635 628.15 1301000.0
	684605.167915 653.15 1301000.0
	711928.357708 678.15 1301000.0
	739393.328844 703.15 1301000.0
	767002.979281 728.15 1301000.0
	794759.1264 753.15 1301000.0
	822662.635004 778.15 1301000.0
	850713.540491 803.15 1301000.0
	878911.164798 828.15 1301000.0
	907254.223618 853.15 1301000.0
	935740.924106 878.15 1301000.0
	964369.052813 903.15 1301000.0
	993136.053998 928.15 1301000.0
	1022039.09871 953.15 1301000.0
	1051075.1452 978.15 1301000.0
	1080240.99138 1003.15 1301000.0
	1109533.32002 1028.15 1301000.0
	1138948.73737 1053.15 1301000.0
	1168483.80596 1078.15 1301000.0
	1198135.07233 1103.15 1301000.0
	1227899.0901 1128.15 1301000.0
	1257772.43915 1153.15 1301000.0
	1287751.74138 1178.15 1301000.0
	1317833.67342 1203.15 1301000.0
	258348.735145 253.15 1401000.0
	285102.603778 278.15 1401000.0
	311707.388528 303.15 1401000.0
	338211.005332 328.15 1401000.0
	364648.855996 353.15 1401000.0
	391049.477393 378.15 1401000.0
	417437.439317 403.15 1401000.0
	443834.784504 428.15 1401000.0
	470261.6808 453.15 1401000.0
	496736.659034 478.15 1401000.0
	523276.651564 503.15 1401000.0
	549896.954393 528.15 1401000.0
	576611.17973 553.15 1401000.0
	603431.231774 578.15 1401000.0
	630367.318036 603.15 1401000.0
	657427.997065 628.15 1401000.0
	684620.257536 653.15 1401000.0
	711949.621255 678.15 1401000.0
	739420.262273 703.15 1401000.0
	767035.134953 728.15 1401000.0
	794796.105026 753.15 1401000.0
	822704.078977 778.15 1401000.0
	850759.12833 803.15 1401000.0
	878960.606484 828.15 1401000.0
	907307.256663 853.15 1401000.0
	935797.310212 878.15 1401000.0
	964428.575028 903.15 1401000.0
	993198.51427 928.15 1401000.0
	1022104.31578 953.15 1401000.0
	1051142.9528 978.15 1401000.0
	1080311.23664 1003.15 1401000.0
	1109605.86207 1028.15 1401000.0
	1139023.44616 1053.15 1401000.0
	1168560.56122 1078.15 1401000.0
	1198213.76258 1103.15 1401000.0
	1227979.61186 1128.15 1401000.0
	1257854.69623 1153.15 1401000.0
	1287835.64417 1178.15 1401000.0
	1317919.13838 1203.15 1401000.0
	258039.134679 253.15 1501000.0
	284848.803918 278.15 1501000.0
	311497.705321 303.15 1501000.0
	338037.120768 328.15 1501000.0
	364504.618129 353.15 1501000.0
	390930.198026 378.15 1501000.0
	417339.458303 403.15 1501000.0
	443755.186656 428.15 1501000.0
	470198.104917 453.15 1501000.0
	496687.164967 478.15 1501000.0
	523239.625215 503.15 1501000.0
	549871.038261 528.15 1501000.0
	576595.221133 553.15 1501000.0
	603424.243571 578.15 1501000.0
	630368.44838 603.15 1501000.0
	657436.505791 628.15 1501000.0
	684635.497496 653.15 1501000.0
	711971.023418 678.15 1501000.0
	739447.32369 703.15 1501000.0
	767067.408962 728.15 1501000.0
	794833.19321 753.15 1501000.0
	822745.624508 778.15 1501000.0
	850804.810421 803.15 1501000.0
	879010.135739 828.15 1501000.0
	907360.371155 853.15 1501000.0
	935853.772147 878.15 1501000.0
	964488.167906 903.15 1501000.0
	993261.040449 928.15 1501000.0
	1022169.59438 953.15 1501000.0
	1051210.81787 978.15 1501000.0
	1080381.53561 1003.15 1501000.0
	1109678.45437 1028.15 1501000.0
	1139098.202 1053.15 1501000.0
	1168637.36052 1078.15 1501000.0
	1198292.4941 1103.15 1501000.0
	1228060.17232 1128.15 1501000.0
	1257936.98958 1153.15 1501000.0
	1287919.581 1178.15 1501000.0
	1318004.63527 1203.15 1501000.0
	257729.900437 253.15 1601000.0
	284595.456128 278.15 1601000.0
	311288.490343 303.15 1601000.0
	337863.690001 328.15 1601000.0
	364360.806746 353.15 1601000.0
	390811.313307 378.15 1601000.0
	417241.839573 403.15 1601000.0
	443675.920072 428.15 1601000.0
	470134.831433 453.15 1601000.0
	496637.946864 478.15 1601000.0
	523202.850833 503.15 1601000.0
	549845.352413 528.15 1601000.0
	576579.47327 553.15 1601000.0
	603417.448487 578.15 1601000.0
	630369.755967 603.15 1601000.0
	657445.177434 628.15 1601000.0
	684650.887436 653.15 1601000.0
	711992.563855 678.15 1601000.0
	739474.512771 703.15 1601000.0
	767099.801004 728.15 1601000.0
	794870.390665 753.15 1601000.0
	822787.271324 778.15 1601000.0
	850850.586507 803.15 1601000.0
	879059.752324 828.15 1601000.0
	907413.566868 853.15 1601000.0
	935910.309698 878.15 1601000.0
	964547.831247 903.15 1601000.0
	993323.632347 928.15 1601000.0
	1022234.93432 953.15 1601000.0
	1051278.74025 978.15 1601000.0
	1080451.88816 1003.15 1601000.0
	1109751.09678 1028.15 1601000.0
	1139173.00473 1053.15 1601000.0
	1168714.20375 1078.15 1601000.0
	1198371.26677 1103.15 1601000.0
	1228140.77134 1128.15 1601000.0
	1258019.31911 1153.15 1601000.0
	1288003.55176 1178.15 1601000.0
	1318090.16399 1203.15 1601000.0
	257421.040686 253.15 1701000.0
	284342.565604 278.15 1701000.0
	311079.746767 303.15 1701000.0
	337690.714892 328.15 1701000.0
	364217.422866 353.15 1701000.0
	390692.823715 378.15 1701000.0
	417144.583255 403.15 1701000.0
	443596.984657 428.15 1701000.0
	470071.860113 453.15 1701000.0
	496589.004407 478.15 1701000.0
	523166.328052 503.15 1701000.0
	549819.896459 528.15 1701000.0
	576563.935743 553.15 1701000.0
	603410.846126 578.15 1701000.0
	630371.240408 603.15 1701000.0
	657454.011624 628.15 1701000.0
	684666.427 653.15 1701000.0
	712014.242226 678.15 1701000.0
	739501.829195 703.15 1701000.0
	767132.310772 728.15 1701000.0
	794907.697102 753.15 1701000.0
	822829.019155 778.15 1701000.0
	850896.456336 803.15 1701000.0
	879109.456 828.15 1701000.0
	907466.843579 853.15 1701000.0
	935966.922655 878.15 1701000.0
	964607.564856 903.15 1701000.0
	993386.28978 928.15 1701000.0
	1022300.33543 953.15 1701000.0
	1051346.71977 978.15 1701000.0
	1080522.29412 1003.15 1701000.0
	1109823.78916 1028.15 1701000.0
	1139247.85423 1053.15 1701000.0
	1168791.09077 1078.15 1701000.0
	1198450.08047 1103.15 1701000.0
	1228221.40883 1128.15 1701000.0
	1258101.6847 1153.15 1701000.0
	1288087.55634 1178.15 1701000.0
	1318175.72446 1203.15 1701000.0
	257112.563752 253.15 1801000.0
	284090.13756 278.15 1801000.0
	310871.477764 303.15 1801000.0
	337518.197301 328.15 1801000.0
	364074.467507 353.15 1801000.0
	390574.729724 378.15 1801000.0
	417047.689479 403.15 1801000.0
	443518.380319 428.15 1801000.0
	470009.190725 453.15 1801000.0
	496540.33728 478.15 1801000.0
	523130.056508 503.15 1801000.0
	549794.67001 528.15 1801000.0
	576548.608155 553.15 1801000.0
	603404.436094 578.15 1801000.0
	630372.90132 603.15 1801000.0
	657463.007988 628.15 1801000.0
	684682.115831 653.15 1801000.0
	712036.058193 678.15 1801000.0
	739529.272642 703.15 1801000.0
	767164.937966 728.15 1801000.0
	794945.112238 753.15 1801000.0
	822870.867734 778.15 1801000.0
	850942.419655 803.15 1801000.0
	879159.24653 828.15 1801000.0
	907520.201066 853.15 1801000.0
	936023.61081 878.15 1801000.0
	964667.368534 903.15 1801000.0
	993449.012563 928.15 1801000.0
	1022365.79754 953.15 1801000.0
	1051414.75627 978.15 1801000.0
	1080592.75335 1003.15 1801000.0
	1109896.53136 1028.15 1801000.0
	1139322.75036 1053.15 1801000.0
	1168868.02146 1078.15 1801000.0
	1198528.93508 1103.15 1801000.0
	1228302.08466 1128.15 1801000.0
	1258184.08625 1153.15 1801000.0
	1288171.59465 1178.15 1801000.0
	1318261.31657 1203.15 1801000.0
	256804.478025 253.15 1901000.0
	283838.177223 278.15 1901000.0
	310663.686507 303.15 1901000.0
	337346.139085 328.15 1901000.0
	363931.941685 353.15 1901000.0
	390457.031809 378.15 1901000.0
	416951.158372 403.15 1901000.0
	443440.106964 428.15 1901000.0
	469946.823041 453.15 1901000.0
	496491.94517 478.15 1901000.0
	523094.035839 503.15 1901000.0
	549769.672682 528.15 1901000.0
	576533.490113 553.15 1901000.0
	603398.218 578.15 1901000.0
	630374.738322 603.15 1901000.0
	657472.166158 628.15 1901000.0
	684697.953578 653.15 1901000.0
	712058.011421 678.15 1901000.0
	739556.842793 703.15 1901000.0
	767197.682286 728.15 1901000.0
	794982.635789 753.15 1901000.0
	822912.816794 778.15 1901000.0
	850988.476213 803.15 1901000.0
	879209.123679 828.15 1901000.0
	907573.639107 853.15 1901000.0
	936080.373954 878.15 1901000.0
	964727.242088 903.15 1901000.0
	993511.800513 928.15 1901000.0
	1022431.32048 953.15 1901000.0
	1051482.84959 978.15 1901000.0
	1080663.26568 1003.15 1901000.0
	1109969.32323 1028.15 1901000.0
	1139397.69298 1053.15 1901000.0
	1168944.99568 1078.15 1901000.0
	1198607.83049 1103.15 1901000.0
	1228382.79873 1128.15 1901000.0
	1258266.52364 1153.15 1901000.0
	1288255.66659 1178.15 1901000.0
	1318346.94023 1203.15 1901000.0
	256496.79195 253.15 2001000.0
	283586.689835 278.15 2001000.0
	310456.37617 303.15 2001000.0
	337174.5421 328.15 2001000.0
	363789.846411 353.15 2001000.0
	390339.730445 378.15 2001000.0
	416854.990063 403.15 2001000.0
	443362.164504 428.15 2001000.0
	469884.756833 453.15 2001000.0
	496443.827765 478.15 2001000.0
	523058.265689 503.15 2001000.0
	549744.904093 528.15 2001000.0
	576518.581229 553.15 2001000.0
	603392.191458 578.15 2001000.0
	630376.751035 603.15 2001000.0
	657481.48577 628.15 2001000.0
	684713.939891 653.15 2001000.0
	712080.101578 678.15 2001000.0
	739584.539333 703.15 2001000.0
	767230.543433 728.15 2001000.0
	795020.267474 753.15 2001000.0
	822954.86607 778.15 2001000.0
	851034.625763 803.15 2001000.0
	879259.087213 828.15 2001000.0
	907627.157482 853.15 2001000.0
	936137.211882 878.15 2001000.0
	964787.185323 903.15 2001000.0
	993574.653448 928.15 2001000.0
	1022496.90407 953.15 2001000.0
	1051550.99956 978.15 2001000.0
	1080733.83098 1003.15 2001000.0
	1110042.16463 1028.15 2001000.0
	1139472.68196 1053.15 2001000.0
	1169022.01331 1078.15 2001000.0
	1198686.76656 1103.15 2001000.0
	1228463.55091 1128.15 2001000.0
	1258348.99678 1153.15 2001000.0
	1288339.77205 1178.15 2001000.0
	1318432.59535 1203.15 2001000.0
	256189.514029 253.15 2101000.0
	283335.680648 278.15 2101000.0
	310249.549923 303.15 2101000.0
	337003.408194 328.15 2101000.0
	363648.182695 353.15 2101000.0
	390222.826103 378.15 2101000.0
	416759.184681 403.15 2101000.0
	443284.552849 428.15 2101000.0
	469822.991874 453.15 2101000.0
	496395.984757 478.15 2101000.0
	523022.7457 503.15 2101000.0
	549720.363864 528.15 2101000.0
	576503.881114 553.15 2101000.0
	603386.356082 578.15 2101000.0
	630378.939084 603.15 2101000.0
	657490.966461 628.15 2101000.0
	684730.074423 653.15 2101000.0
	712102.328332 678.15 2101000.0
	739612.36195 703.15 2101000.0
	767263.52111 728.15 2101000.0
	795058.007015 753.15 2101000.0
	822997.015301 778.15 2101000.0
	851080.868057 803.15 2101000.0
	879309.1369 828.15 2101000.0
	907680.755974 853.15 2101000.0
	936194.124388 878.15 2101000.0
	964847.198047 903.15 2101000.0
	993637.571187 928.15 2101000.0
	1022562.54814 953.15 2101000.0
	1051619.20603 978.15 2101000.0
	1080804.44908 1003.15 2101000.0
	1110115.05543 1028.15 2101000.0
	1139547.71716 1053.15 2101000.0
	1169099.07423 1078.15 2101000.0
	1198765.74318 1103.15 2101000.0
	1228544.3411 1128.15 2101000.0
	1258431.50556 1153.15 2101000.0
	1288423.91094 1178.15 2101000.0
	1318518.28183 1203.15 2101000.0
	255882.652819 253.15 2201000.0
	283085.154925 278.15 2201000.0
	310043.210936 303.15 2201000.0
	336832.739214 328.15 2201000.0
	363506.951542 353.15 2201000.0
	390106.319253 378.15 2201000.0
	416663.742355 403.15 2201000.0
	443207.271909 428.15 2201000.0
	469761.52794 453.15 2201000.0
	496348.41584 478.15 2201000.0
	522987.47552 503.15 2201000.0
	549696.051618 528.15 2201000.0
	576489.389384 553.15 2201000.0
	603380.711491 578.15 2201000.0
	630381.302094 603.15 2201000.0
	657500.60787 628.15 2201000.0
	684746.356828 653.15 2201000.0
	712124.691356 678.15 2201000.0
	739640.310332 703.15 2201000.0
	767296.615025 728.15 2201000.0
	795095.854134 753.15 2201000.0
	823039.264224 778.15 2201000.0
	851127.202849 803.15 2201000.0
	879359.272509 828.15 2201000.0
	907734.434365 853.15 2201000.0
	936251.111269 878.15 2201000.0
	964907.280068 903.15 2201000.0
	993700.553549 928.15 2201000.0
	1022628.25253 953.15 2201000.0
	1051687.46883 978.15 2201000.0
	1080875.11984 1003.15 2201000.0
	1110187.99549 1028.15 2201000.0
	1139622.79846 1053.15 2201000.0
	1169176.17832 1078.15 2201000.0
	1198844.76024 1103.15 2201000.0
	1228625.1692 1128.15 2201000.0
	1258514.04987 1153.15 2201000.0
	1288508.08316 1178.15 2201000.0
	1318603.99958 1203.15 2201000.0
	255576.216929 253.15 2301000.0
	282835.11794 278.15 2301000.0
	309837.362377 303.15 2301000.0
	336662.537001 328.15 2301000.0
	363366.153955 353.15 2301000.0
	389990.210363 378.15 2301000.0
	416568.663212 403.15 2301000.0
	443130.321598 428.15 2301000.0
	469700.364808 453.15 2301000.0
	496301.12071 478.15 2301000.0
	522952.454798 503.15 2301000.0
	549671.966982 528.15 2301000.0
	576475.105659 553.15 2301000.0
	603375.257305 578.15 2301000.0
	630383.839696 603.15 2301000.0
	657510.409639 628.15 2301000.0
	684762.786765 653.15 2301000.0
	712147.190323 678.15 2301000.0
	739668.384169 703.15 2301000.0
	767329.824886 728.15 2301000.0
	795133.808555 753.15 2301000.0
	823081.61258 778.15 2301000.0
	851173.629896 803.15 2301000.0
	879409.49381 828.15 2301000.0
	907788.192441 853.15 2301000.0
	936308.172321 878.15 2301000.0
	964967.431197 903.15 2301000.0
	993763.600357 928.15 2301000.0
	1022694.01707 953.15 2301000.0
	1051755.78782 978.15 2301000.0
	1080945.84311 1003.15 2301000.0
	1110260.98465 1028.15 2301000.0
	1139697.92572 1053.15 2301000.0
	1169253.32543 1078.15 2301000.0
	1198923.81762 1103.15 2301000.0
	1228706.03507 1128.15 2301000.0
	1258596.62961 1153.15 2301000.0
	1288592.28861 1178.15 2301000.0
	1318689.7485 1203.15 2301000.0
	255270.215017 253.15 2401000.0
	282585.574975 278.15 2401000.0
	309632.007407 303.15 2401000.0
	336492.80339 328.15 2401000.0
	363225.790932 353.15 2401000.0
	389874.499901 378.15 2401000.0
	416473.94738 403.15 2401000.0
	443053.701827 428.15 2401000.0
	469639.502258 453.15 2401000.0
	496254.099064 478.15 2401000.0
	522917.683186 503.15 2401000.0
	549648.109583 528.15 2401000.0
	576461.029557 553.15 2401000.0
	603369.993147 578.15 2401000.0
	630386.551521 603.15 2401000.0
	657520.371413 628.15 2401000.0
	684779.363892 653.15 2401000.0
	712169.82491 678.15 2401000.0
	739696.583156 703.15 2401000.0
	767363.150401 728.15 2401000.0
	795171.870006 753.15 2401000.0
	823124.060112 778.15 2401000.0
	851220.148954 803.15 2401000.0
	879459.800577 828.15 2401000.0
	907842.029986 853.15 2401000.0
	936365.307345 878.15 2401000.0
	965027.651243 903.15 2401000.0
	993826.711432 928.15 2401000.0
	1022759.84159 953.15 2401000.0
	1051824.16283 978.15 2401000.0
	1081016.61874 1003.15 2401000.0
	1110334.02279 1028.15 2401000.0
	1139773.09882 1053.15 2401000.0
	1169330.51547 1078.15 2401000.0
	1199002.9152 1103.15 2401000.0
	1228786.93863 1128.15 2401000.0
	1258679.24467 1153.15 2401000.0
	1288676.52719 1178.15 2401000.0
	1318775.52851 1203.15 2401000.0
	254964.655792 253.15 2501000.0
	282336.531316 278.15 2501000.0
	309427.149187 303.15 2501000.0
	336323.540214 328.15 2501000.0
	363085.863467 353.15 2501000.0
	389759.188328 378.15 2501000.0
	416379.594985 403.15 2501000.0
	442977.41251 428.15 2501000.0
	469578.94007 453.15 2501000.0
	496207.350602 478.15 2501000.0
	522883.160337 503.15 2501000.0
	549624.479053 528.15 2501000.0
	576447.160704 553.15 2501000.0
	603364.918643 578.15 2501000.0
	630389.437203 603.15 2501000.0
	657530.492839 628.15 2501000.0
	684796.087872 653.15 2501000.0
	712192.594794 678.15 2501000.0
	739724.906986 703.15 2501000.0
	767396.591283 728.15 2501000.0
	795210.038213 753.15 2501000.0
	823166.606564 778.15 2501000.0
	851266.759785 803.15 2501000.0
	879510.192582 828.15 2501000.0
	907895.946789 853.15 2501000.0
	936422.516139 878.15 2501000.0
	965087.94002 903.15 2501000.0
	993889.886598 928.15 2501000.0
	1022825.72592 953.15 2501000.0
	1051892.5937 978.15 2501000.0
	1081087.44658 1003.15 2501000.0
	1110407.10976 1028.15 2501000.0
	1139848.31761 1053.15 2501000.0
	1169407.74829 1078.15 2501000.0
	1199082.05287 1103.15 2501000.0
	1228867.87975 1128.15 2501000.0
	1258761.89496 1153.15 2501000.0
	1288760.7988 1178.15 2501000.0
	1318861.3395 1203.15 2501000.0
	254659.548004 253.15 2601000.0
	282087.992258 278.15 2601000.0
	309222.79087 303.15 2601000.0
	336154.749294 328.15 2601000.0
	362946.372549 353.15 2601000.0
	389644.276107 378.15 2601000.0
	416285.606153 403.15 2601000.0
	442901.453562 428.15 2601000.0
	469518.678025 453.15 2601000.0
	496160.875025 478.15 2601000.0
	522848.885909 503.15 2601000.0
	549601.075026 528.15 2601000.0
	576433.498725 553.15 2601000.0
	603360.033422 578.15 2601000.0
	630392.496381 603.15 2601000.0
	657540.773567 628.15 2601000.0
	684812.95837 653.15 2601000.0
	712215.499656 678.15 2601000.0
	739753.355357 703.15 2601000.0
	767430.147245 728.15 2601000.0
	795248.312908 753.15 2601000.0
	823209.251682 778.15 2601000.0
	851313.462147 803.15 2601000.0
	879560.6696 828.15 2601000.0
	907949.942637 853.15 2601000.0
	936479.798506 878.15 2601000.0
	965148.29734 903.15 2601000.0
	993953.12568 928.15 2601000.0
	1022891.6699 953.15 2601000.0
	1051961.08028 978.15 2601000.0
	1081158.3265 1003.15 2601000.0
	1110480.24543 1028.15 2601000.0
	1139923.58197 1053.15 2601000.0
	1169485.02378 1078.15 2601000.0
	1199161.23051 1103.15 2601000.0
	1228948.85834 1128.15 2601000.0
	1258844.58037 1153.15 2601000.0
	1288845.10336 1178.15 2601000.0
	1318947.1814 1203.15 2601000.0
	254354.900452 253.15 2701000.0
	281839.963098 278.15 2701000.0
	309018.935605 303.15 2701000.0
	335986.43245 328.15 2701000.0
	362807.319163 353.15 2701000.0
	389529.763696 378.15 2701000.0
	416191.981008 403.15 2701000.0
	442825.824895 428.15 2701000.0
	469458.715906 453.15 2701000.0
	496114.672038 478.15 2701000.0
	522814.859559 503.15 2701000.0
	549577.897138 528.15 2701000.0
	576420.043249 553.15 2701000.0
	603355.337114 578.15 2701000.0
	630395.728692 603.15 2701000.0
	657551.213249 628.15 2701000.0
	684829.975052 653.15 2701000.0
	712238.53918 678.15 2701000.0
	739781.927969 703.15 2701000.0
	767463.818003 728.15 2701000.0
	795286.693821 753.15 2701000.0
	823251.995213 778.15 2701000.0
	851360.255803 803.15 2701000.0
	879611.231408 828.15 2701000.0
	908004.017321 853.15 2701000.0
	936537.154248 878.15 2701000.0
	965208.723017 903.15 2701000.0
	994016.428502 928.15 2701000.0
	1022957.67337 953.15 2701000.0
	1052029.62242 978.15 2701000.0
	1081229.25834 1003.15 2701000.0
	1110553.42966 1028.15 2701000.0
	1139998.89178 1053.15 2701000.0
	1169562.34182 1078.15 2701000.0
	1199240.448 1103.15 2701000.0
	1229029.87427 1128.15 2701000.0
	1258927.30079 1153.15 2701000.0
	1288929.44075 1178.15 2701000.0
	1319033.0541 1203.15 2701000.0
	254050.721973 253.15 2801000.0
	281592.449138 278.15 2801000.0
	308815.586533 303.15 2801000.0
	335818.591491 328.15 2801000.0
	362668.704289 353.15 2801000.0
	389415.65155 378.15 2801000.0
	416098.719675 403.15 2801000.0
	442750.526424 428.15 2801000.0
	469399.053496 453.15 2801000.0
	496068.741345 478.15 2801000.0
	522781.080947 503.15 2801000.0
	549554.945028 528.15 2801000.0
	576406.793907 553.15 2801000.0
	603350.829352 578.15 2801000.0
	630399.133779 603.15 2801000.0
	657561.811537 628.15 2801000.0
	684847.137586 653.15 2801000.0
	712261.713048 678.15 2801000.0
	739810.624521 703.15 2801000.0
	767497.603275 728.15 2801000.0
	795325.180687 753.15 2801000.0
	823294.836905 778.15 2801000.0
	851407.140518 803.15 2801000.0
	879661.877785 828.15 2801000.0
	908058.170632 853.15 2801000.0
	936594.583168 878.15 2801000.0
	965269.216868 903.15 2801000.0
	994079.794891 928.15 2801000.0
	1023023.73616 953.15 2801000.0
	1052098.21996 978.15 2801000.0
	1081300.24196 1003.15 2801000.0
	1110626.66231 1028.15 2801000.0
	1140074.2469 1053.15 2801000.0
	1169639.70229 1078.15 2801000.0
	1199319.70523 1103.15 2801000.0
	1229110.92745 1128.15 2801000.0
	1259010.05614 1153.15 2801000.0
	1289013.81089 1178.15 2801000.0
	1319118.95753 1203.15 2801000.0
	253747.021446 253.15 2901000.0
	281345.45568 278.15 2901000.0
	308612.746788 303.15 2901000.0
	335651.22822 328.15 2901000.0
	362530.528899 353.15 2901000.0
	389301.940121 378.15 2901000.0
	416005.822276 403.15 2901000.0
	442675.558063 428.15 2901000.0
	469339.690582 453.15 2901000.0
	496023.082653 478.15 2901000.0
	522747.549738 503.15 2901000.0
	549532.218335 528.15 2901000.0
	576393.750331 553.15 2901000.0
	603346.509772 578.15 2901000.0
	630402.711286 603.15 2901000.0
	657572.56809 628.15 2901000.0
	684864.445644 653.15 2901000.0
	712285.020949 678.15 2901000.0
	739839.444718 703.15 2901000.0
	767531.502779 728.15 2901000.0
	795363.773241 753.15 2901000.0
	823337.77651 778.15 2901000.0
	851454.116056 803.15 2901000.0
	879712.608508 828.15 2901000.0
	908112.402362 853.15 2901000.0
	936652.085071 878.15 2901000.0
	965329.778709 903.15 2901000.0
	994143.224676 928.15 2901000.0
	1023089.8581 953.15 2901000.0
	1052166.87275 978.15 2901000.0
	1081371.27721 1003.15 2901000.0
	1110699.94326 1028.15 2901000.0
	1140149.64721 1053.15 2901000.0
	1169717.10506 1078.15 2901000.0
	1199399.0021 1103.15 2901000.0
	1229192.01777 1128.15 2901000.0
	1259092.8463 1153.15 2901000.0
	1289098.21368 1178.15 2901000.0
	1319204.89158 1203.15 2901000.0
	253443.807783 253.15 3001000.0
	281098.988026 278.15 3001000.0
	308410.419498 303.15 3001000.0
	335484.344434 328.15 3001000.0
	362392.793963 353.15 3001000.0
	389188.629857 378.15 3001000.0
	415913.28893 403.15 3001000.0
	442600.919726 428.15 3001000.0
	469280.626947 453.15 3001000.0
	495977.695671 478.15 3001000.0
	522714.265595 503.15 3001000.0
	549509.716703 528.15 3001000.0
	576380.912159 553.15 3001000.0
	603342.378012 578.15 3001000.0
	630406.460859 603.15 3001000.0
	657583.482565 628.15 3001000.0
	684881.898898 653.15 3001000.0
	712308.462571 678.15 3001000.0
	739868.388264 703.15 3001000.0
	767565.516238 728.15 3001000.0
	795402.471218 753.15 3001000.0
	823380.813779 778.15 3001000.0
	851501.182184 803.15 3001000.0
	879763.423359 828.15 3001000.0
	908166.712305 853.15 3001000.0
	936709.659764 878.15 3001000.0
	965390.408358 903.15 3001000.0
	994206.717684 928.15 3001000.0
	1023156.03905 953.15 3001000.0
	1052235.58065 978.15 3001000.0
	1081442.36396 1003.15 3001000.0
	1110773.27236 1028.15 3001000.0
	1140225.09258 1053.15 3001000.0
	1169794.55002 1078.15 3001000.0
	1199478.33848 1103.15 3001000.0
	1229273.14512 1128.15 3001000.0
	1259175.67117 1153.15 3001000.0
	1289182.64902 1178.15 3001000.0
	1319290.85617 1203.15 3001000.0
	253141.089937 253.15 3101000.0
	280853.051478 278.15 3101000.0
	308208.607779 303.15 3101000.0
	335317.941918 328.15 3101000.0
	362255.500442 353.15 3101000.0
	389075.721205 378.15 3101000.0
	415821.119758 403.15 3101000.0
	442526.611327 428.15 3101000.0
	469221.86238 453.15 3101000.0
	495932.580108 478.15 3101000.0
	522681.228184 503.15 3101000.0
	549487.439776 528.15 3101000.0
	576368.279027 553.15 3101000.0
	603338.433712 578.15 3101000.0
	630410.382147 603.15 3101000.0
	657594.554624 628.15 3101000.0
	684899.497025 653.15 3101000.0
	712332.037605 678.15 3101000.0
	739897.454866 703.15 3101000.0
	767599.643373 728.15 3101000.0
	795441.274359 753.15 3101000.0
	823423.948466 778.15 3101000.0
	851548.33867 803.15 3101000.0
	879814.32212 828.15 3101000.0
	908221.100256 853.15 3101000.0
	936767.307054 878.15 3101000.0
	965451.105633 903.15 3101000.0
	994270.273745 928.15 3101000.0
	1023222.27884 953.15 3101000.0
	1052304.34348 978.15 3101000.0
	1081513.50206 1003.15 3101000.0
	1110846.64948 1028.15 3101000.0
	1140300.58288 1053.15 3101000.0
	1169872.03705 1078.15 3101000.0
	1199557.71427 1103.15 3101000.0
	1229354.3094 1128.15 3101000.0
	1259258.53066 1153.15 3101000.0
	1289267.11683 1178.15 3101000.0
	1319376.85121 1203.15 3101000.0
	252838.876887 253.15 3201000.0
	280607.651337 278.15 3201000.0
	308007.314739 303.15 3201000.0
	335152.02245 328.15 3201000.0
	362118.649292 353.15 3201000.0
	388963.214605 378.15 3201000.0
	415729.314876 403.15 3201000.0
	442452.63278 428.15 3201000.0
	469163.396667 453.15 3201000.0
	495887.735677 478.15 3201000.0
	522648.437175 503.15 3201000.0
	549465.387203 528.15 3201000.0
	576355.850575 553.15 3201000.0
	603334.676515 578.15 3201000.0
	630414.4748 603.15 3201000.0
	657605.783929 628.15 3201000.0
	684917.239701 653.15 3201000.0
	712355.745743 678.15 3201000.0
	739926.644232 703.15 3201000.0
	767633.883909 728.15 3201000.0
	795480.182402 753.15 3201000.0
	823467.180327 778.15 3201000.0
	851595.585284 803.15 3201000.0
	879865.304573 828.15 3201000.0
	908275.566011 853.15 3201000.0
	936825.026749 878.15 3201000.0
	965511.870355 903.15 3201000.0
	994333.892691 928.15 3201000.0
	1023288.5773 953.15 3201000.0
	1052373.16112 978.15 3201000.0
	1081584.69137 1003.15 3201000.0
	1110920.07449 1028.15 3201000.0
	1140376.11799 1053.15 3201000.0
	1169949.56602 1078.15 3201000.0
	1199637.12935 1103.15 3201000.0
	1229435.51049 1128.15 3201000.0
	1259341.42467 1153.15 3201000.0
	1289351.61701 1178.15 3201000.0
	1319462.87661 1203.15 3201000.0
	252537.177648 253.15 3301000.0
	280362.792898 278.15 3301000.0
	307806.543478 303.15 3301000.0
	334986.587799 328.15 3301000.0
	361982.241464 353.15 3301000.0
	388851.110494 378.15 3301000.0
	415637.8744 403.15 3301000.0
	442378.983998 428.15 3301000.0
	469105.229596 453.15 3301000.0
	495843.162089 478.15 3301000.0
	522615.892237 503.15 3301000.0
	549443.558632 528.15 3301000.0
	576343.626447 553.15 3301000.0
	603331.106066 578.15 3301000.0
	630418.738473 603.15 3301000.0
	657617.170145 628.15 3301000.0
	684935.126606 653.15 3301000.0
	712379.586681 678.15 3301000.0
	739955.956073 703.15 3301000.0
	767668.237572 728.15 3301000.0
	795519.195091 753.15 3301000.0
	823510.509118 778.15 3301000.0
	851642.921797 803.15 3301000.0
	879916.370505 828.15 3301000.0
	908330.109368 853.15 3301000.0
	936882.818659 878.15 3301000.0
	965572.702344 903.15 3301000.0
	994397.574352 928.15 3301000.0
	1023354.93429 953.15 3301000.0
	1052442.03341 978.15 3301000.0
	1081655.93175 1003.15 3301000.0
	1110993.54725 1028.15 3301000.0
	1140451.69779 1053.15 3301000.0
	1170027.13684 1078.15 3301000.0
	1199716.58361 1103.15 3301000.0
	1229516.74831 1128.15 3301000.0
	1259424.3531 1153.15 3301000.0
	1289436.14946 1178.15 3301000.0
	1319548.93229 1203.15 3301000.0
	252236.001259 253.15 3401000.0
	280118.481453 278.15 3401000.0
	307606.297081 303.15 3401000.0
	334821.639725 328.15 3401000.0
	361846.277898 353.15 3401000.0
	388739.409307 378.15 3401000.0
	415546.798443 403.15 3401000.0
	442305.664894 428.15 3401000.0
	469047.360957 453.15 3401000.0
	495798.859059 478.15 3401000.0
	522583.593043 503.15 3401000.0
	549421.953714 528.15 3401000.0
	576331.606287 553.15 3401000.0
	603327.722011 578.15 3401000.0
	630423.172819 603.15 3401000.0
	657628.71294 628.15 3401000.0
	684953.157421 653.15 3401000.0
	712403.560115 678.15 3401000.0
	739985.390103 703.15 3401000.0
	767702.704091 728.15 3401000.0
	795558.312168 753.15 3401000.0
	823553.934598 778.15 3401000.0
	851690.347982 803.15 3401000.0
	879967.5197 828.15 3401000.0
	908384.730126 853.15 3401000.0
	936940.682595 878.15 3401000.0
	965633.601422 903.15 3401000.0
	994461.318561 928.15 3401000.0
	1023421.34964 953.15 3401000.0
	1052510.9602 978.15 3401000.0
	1081727.22306 1003.15 3401000.0
	1111067.06764 1028.15 3401000.0
	1140527.32215 1053.15 3401000.0
	1170104.74937 1078.15 3401000.0
	1199796.07695 1103.15 3401000.0
	1229598.02273 1128.15 3401000.0
	1259507.31584 1153.15 3401000.0
	1289520.71409 1178.15 3401000.0
	1319635.01814 1203.15 3401000.0
	251935.356786 253.15 3501000.0
	279874.722287 278.15 3501000.0
	307406.578624 303.15 3501000.0
	334657.179976 328.15 3501000.0
	361710.759531 353.15 3501000.0
	388628.111472 378.15 3501000.0
	415456.087117 403.15 3501000.0
	442232.675381 428.15 3501000.0
	468989.790537 453.15 3501000.0
	495754.826303 478.15 3501000.0
	522551.539266 503.15 3501000.0
	549400.572102 528.15 3501000.0
	576319.789741 553.15 3501000.0
	603324.524 578.15 3501000.0
	630427.777498 603.15 3501000.0
	657640.411984 628.15 3501000.0
	684971.331829 653.15 3501000.0
	712427.665744 678.15 3501000.0
	740014.946033 703.15 3501000.0
	767737.283196 728.15 3501000.0
	795597.533378 753.15 3501000.0
	823597.456525 778.15 3501000.0
	851737.863612 803.15 3501000.0
	880018.751946 828.15 3501000.0
	908439.428084 853.15 3501000.0
	936998.618368 878.15 3501000.0
	965694.567413 903.15 3501000.0
	994525.125152 928.15 3501000.0
	1023487.82319 953.15 3501000.0
	1052579.94134 978.15 3501000.0
	1081798.56516 1003.15 3501000.0
	1111140.63553 1028.15 3501000.0
	1140602.99094 1053.15 3501000.0
	1170182.4035 1078.15 3501000.0
	1199875.60925 1103.15 3501000.0
	1229679.33367 1128.15 3501000.0
	1259590.31281 1153.15 3501000.0
	1289605.31081 1178.15 3501000.0
	1319721.1341 1203.15 3501000.0
	251635.253319 253.15 3601000.0
	279631.520677 278.15 3601000.0
	307207.391171 303.15 3601000.0
	334493.210291 328.15 3601000.0
	361575.687292 353.15 3601000.0
	388517.217413 378.15 3601000.0
	415365.74053 403.15 3601000.0
	442160.015369 428.15 3601000.0
	468932.518128 453.15 3601000.0
	495711.063536 478.15 3601000.0
	522519.730581 503.15 3601000.0
	549379.413452 528.15 3601000.0
	576308.176458 553.15 3601000.0
	603321.511683 578.15 3601000.0
	630432.552167 603.15 3601000.0
	657652.266947 628.15 3601000.0
	684989.649516 653.15 3601000.0
	712451.903267 678.15 3601000.0
	740044.623582 703.15 3601000.0
	767771.974618 728.15 3601000.0
	795636.858468 753.15 3601000.0
	823641.074662 778.15 3601000.0
	851785.468463 803.15 3601000.0
	880070.067031 828.15 3601000.0
	908494.203044 853.15 3601000.0
	937056.625792 878.15 3601000.0
	965755.600141 903.15 3601000.0
	994588.99396 928.15 3601000.0
	1023554.3548 953.15 3601000.0
	1052648.97669 978.15 3601000.0
	1081869.95792 1003.15 3601000.0
	1111214.25078 1028.15 3601000.0
	1140678.70405 1053.15 3601000.0
	1170260.09911 1078.15 3601000.0
	1199955.1804 1103.15 3601000.0
	1229760.68101 1128.15 3601000.0
	1259673.34391 1153.15 3601000.0
	1289689.93953 1178.15 3601000.0
	1319807.28007 1203.15 3601000.0
	251335.699967 253.15 3701000.0
	279388.881894 278.15 3701000.0
	307008.737772 303.15 3701000.0
	334329.732398 328.15 3701000.0
	361441.0621 353.15 3701000.0
	388406.727552 378.15 3701000.0
	415275.75879 403.15 3701000.0
	442087.68477 428.15 3701000.0
	468875.543519 453.15 3701000.0
	495667.570476 478.15 3701000.0
	522488.166665 503.15 3701000.0
	549358.477421 528.15 3701000.0
	576296.766089 553.15 3701000.0
	603318.684715 578.15 3701000.0
	630437.496489 603.15 3701000.0
	657664.277503 628.15 3701000.0
	685008.11017 653.15 3701000.0
	712476.272388 678.15 3701000.0
	740074.422466 703.15 3701000.0
	767806.778089 728.15 3701000.0
	795676.287187 753.15 3701000.0
	823684.788772 778.15 3701000.0
	851833.162311 803.15 3701000.0
	880121.464746 828.15 3701000.0
	908549.054808 853.15 3701000.0
	937114.704681 878.15 3701000.0
	965816.699431 903.15 3701000.0
	994652.924819 928.15 3701000.0
	1023620.9443 953.15 3701000.0
	1052718.06609 978.15 3701000.0
	1081941.40119 1003.15 3701000.0
	1111287.91326 1028.15 3701000.0
	1140754.46136 1053.15 3701000.0
	1170337.8361 1078.15 3701000.0
	1200034.7903 1103.15 3701000.0
	1229842.06465 1128.15 3701000.0
	1259756.40903 1153.15 3701000.0
	1289774.60016 1178.15 3701000.0
	1319893.45597 1203.15 3701000.0
	251036.705859 253.15 3801000.0
	279146.811197 278.15 3801000.0
	306810.621463 303.15 3801000.0
	334166.748013 328.15 3801000.0
	361306.88487 353.15 3801000.0
	388296.642302 378.15 3801000.0
	415186.142001 403.15 3801000.0
	442015.683493 428.15 3801000.0
	468818.866499 453.15 3801000.0
	495624.346842 478.15 3801000.0
	522456.847196 503.15 3801000.0
	549337.763667 528.15 3801000.0
	576285.558285 553.15 3801000.0
	603316.04275 578.15 3801000.0
	630442.610127 603.15 3801000.0
	657676.443327 628.15 3801000.0
	685026.713479 653.15 3801000.0
	712500.772811 678.15 3801000.0
	740104.342405 703.15 3801000.0
	767841.693345 728.15 3801000.0
	795715.819283 753.15 3801000.0
	823728.598617 778.15 3801000.0
	851880.944934 803.15 3801000.0
	880172.944881 828.15 3801000.0
	908603.983179 853.15 3801000.0
	937172.85485 878.15 3801000.0
	965877.865109 903.15 3801000.0
	994716.917568 928.15 3801000.0
	1023687.59155 953.15 3801000.0
	1052787.20942 978.15 3801000.0
	1082012.89484 1003.15 3801000.0
	1111361.62286 1028.15 3801000.0
	1140830.26274 1053.15 3801000.0
	1170415.61434 1078.15 3801000.0
	1200114.43884 1103.15 3801000.0
	1229923.4845 1128.15 3801000.0
	1259839.50809 1153.15 3801000.0
	1289859.2926 1178.15 3801000.0
	1319979.6617 1203.15 3801000.0
	250738.280139 253.15 3901000.0
	278905.313835 278.15 3901000.0
	306613.045267 303.15 3901000.0
	334004.258843 328.15 3901000.0
	361173.156505 353.15 3901000.0
	388186.962074 378.15 3901000.0
	415096.890263 403.15 3901000.0
	441944.011448 428.15 3901000.0
	468762.48686 453.15 3901000.0
	495581.392353 478.15 3901000.0
	522425.771855 503.15 3901000.0
	549317.271851 528.15 3901000.0
	576274.552703 553.15 3901000.0
	603313.585446 578.15 3901000.0
	630447.892748 603.15 3901000.0
	657688.764097 628.15 3901000.0
	685045.459134 653.15 3901000.0
	712525.404241 678.15 3901000.0
	740134.383121 703.15 3901000.0
	767876.720123 728.15 3901000.0
	795755.454508 753.15 3901000.0
	823772.503965 778.15 3901000.0
	851928.816112 803.15 3901000.0
	880224.50723 828.15 3901000.0
	908658.987963 853.15 3901000.0
	937231.076115 878.15 3901000.0
	965939.097003 903.15 3901000.0
	994780.972042 928.15 3901000.0
	1023754.29639 953.15 3901000.0
	1052856.40652 978.15 3901000.0
	1082084.43874 1003.15 3901000.0
	1111435.37943 1028.15 3901000.0
	1140906.10807 1053.15 3901000.0
	1170493.43372 1078.15 3901000.0
	1200194.12591 1103.15 3901000.0
	1230004.94045 1128.15 3901000.0
	1259922.64099 1153.15 3901000.0
	1289944.01677 1178.15 3901000.0
	1320065.89719 1203.15 3901000.0
	250440.431966 253.15 4001000.0
	278664.395042 278.15 4001000.0
	306416.01219 303.15 4001000.0
	333842.266579 328.15 4001000.0
	361039.877903 353.15 4001000.0
	388077.687274 378.15 4001000.0
	415008.003677 403.15 4001000.0
	441872.668543 428.15 4001000.0
	468706.404392 453.15 4001000.0
	495538.70673 478.15 4001000.0
	522394.940322 503.15 4001000.0
	549297.001634 528.15 4001000.0
	576263.748998 553.15 4001000.0
	603311.312462 578.15 4001000.0
	630453.344017 603.15 4001000.0
	657701.239492 628.15 4001000.0
	685064.346829 653.15 4001000.0
	712550.166386 678.15 4001000.0
	740164.544335 703.15 4001000.0
	767911.85816 728.15 4001000.0
	795795.192616 753.15 4001000.0
	823816.504582 778.15 4001000.0
	851976.775625 803.15 4001000.0
	880276.151585 828.15 4001000.0
	908714.068965 853.15 4001000.0
	937289.368294 878.15 4001000.0
	966000.39494 903.15 4001000.0
	994845.088082 928.15 4001000.0
	1023821.05866 953.15 4001000.0
	1052925.65725 978.15 4001000.0
	1082156.03275 1003.15 4001000.0
	1111509.18285 1028.15 4001000.0
	1140981.99723 1053.15 4001000.0
	1170571.29414 1078.15 4001000.0
	1200273.85141 1103.15 4001000.0
	1230086.4324 1128.15 4001000.0
	1260005.80762 1153.15 4001000.0
	1290028.77257 1178.15 4001000.0
	1320152.16235 1203.15 4001000.0
	250143.170508 253.15 4101000.0
	278424.060042 278.15 4101000.0
	306219.525226 303.15 4101000.0
	333680.772903 328.15 4101000.0
	360907.049951 353.15 4101000.0
	387968.818301 378.15 4101000.0
	414919.482338 403.15 4101000.0
	441801.654685 428.15 4101000.0
	468650.618886 453.15 4101000.0
	495496.289694 478.15 4101000.0
	522364.352281 503.15 4101000.0
	549276.952681 528.15 4101000.0
	576253.146828 553.15 4101000.0
	603309.223459 578.15 4101000.0
	630458.963606 603.15 4101000.0
	657713.869194 628.15 4101000.0
	685083.376259 653.15 4101000.0
	712575.058957 678.15 4101000.0
	740194.825773 703.15 4101000.0
	767947.107195 728.15 4101000.0
	795835.033359 753.15 4101000.0
	823860.600236 778.15 4101000.0
	852024.823255 803.15 4101000.0
	880327.877741 828.15 4101000.0
	908769.225992 853.15 4101000.0
	937347.731205 878.15 4101000.0
	966061.758751 903.15 4101000.0
	994909.265525 928.15 4101000.0
	1023887.87822 953.15 4101000.0
	1052994.96147 978.15 4101000.0
	1082227.67673 1003.15 4101000.0
	1111583.03301 1028.15 4101000.0
	1141057.93011 1053.15 4101000.0
	1170649.19547 1078.15 4101000.0
	1200353.61522 1103.15 4101000.0
	1230167.96025 1128.15 4101000.0
	1260089.00791 1153.15 4101000.0
	1290113.55992 1178.15 4101000.0
	1320238.45709 1203.15 4101000.0
	249846.504942 253.15 4201000.0
	278184.314043 278.15 4201000.0
	306023.587348 303.15 4201000.0
	333519.779482 328.15 4201000.0
	360774.67353 353.15 4201000.0
	387860.355549 378.15 4201000.0
	414831.326339 403.15 4201000.0
	441730.969779 428.15 4201000.0
	468595.130132 453.15 4201000.0
	495454.140967 478.15 4201000.0
	522334.007414 503.15 4201000.0
	549257.124658 528.15 4201000.0
	576242.745854 553.15 4201000.0
	603307.3181 578.15 4201000.0
	630464.751185 603.15 4201000.0
	657726.652885 628.15 4201000.0
	685102.54712 653.15 4201000.0
	712600.081663 678.15 4201000.0
	740225.227161 703.15 4201000.0
	767982.466971 728.15 4201000.0
	795874.976495 753.15 4201000.0
	823904.790698 778.15 4201000.0
	852072.958786 803.15 4201000.0
	880379.685494 828.15 4201000.0
	908824.458853 853.15 4201000.0
	937406.164668 878.15 4201000.0
	966123.188265 903.15 4201000.0
	994973.504212 928.15 4201000.0
	1023954.75492 953.15 4201000.0
	1053064.31903 978.15 4201000.0
	1082299.37056 1003.15 4201000.0
	1111656.92976 1028.15 4201000.0
	1141133.90658 1053.15 4201000.0
	1170727.13761 1078.15 4201000.0
	1200433.41725 1103.15 4201000.0
	1230249.52391 1128.15 4201000.0
	1260172.24175 1153.15 4201000.0
	1290198.37873 1178.15 4201000.0
	1320324.78133 1203.15 4201000.0
	249550.444454 253.15 4301000.0
	277945.162234 278.15 4301000.0
	305828.201516 303.15 4301000.0
	333359.287972 328.15 4301000.0
	360642.749511 353.15 4301000.0
	387752.299409 378.15 4301000.0
	414743.53577 403.15 4301000.0
	441660.613729 428.15 4301000.0
	468539.93792 453.15 4301000.0
	495412.260272 478.15 4301000.0
	522303.905408 503.15 4301000.0
	549237.517231 528.15 4301000.0
	576232.545737 553.15 4301000.0
	603305.596051 578.15 4301000.0
	630470.706427 603.15 4301000.0
	657739.590249 628.15 4301000.0
	685121.859111 653.15 4301000.0
	712625.234219 678.15 4301000.0
	740255.748227 703.15 4301000.0
	768017.937229 728.15 4301000.0
	795915.021779 753.15 4301000.0
	823949.075738 778.15 4301000.0
	852121.182002 803.15 4301000.0
	880431.574643 828.15 4301000.0
	908879.767356 853.15 4301000.0
	937464.668504 878.15 4301000.0
	966184.683313 903.15 4301000.0
	995037.803985 928.15 4301000.0
	1024021.68861 953.15 4301000.0
	1053133.7298 978.15 4301000.0
	1082371.1141 1003.15 4301000.0
	1111730.87298 1028.15 4301000.0
	1141209.92653 1053.15 4301000.0
	1170805.12044 1078.15 4301000.0
	1200513.25739 1103.15 4301000.0
	1230331.12326 1128.15 4301000.0
	1260255.50905 1153.15 4301000.0
	1290283.22891 1178.15 4301000.0
	1320411.13499 1203.15 4301000.0
	249254.998229 253.15 4401000.0
	277706.609792 278.15 4401000.0
	305633.37067 303.15 4401000.0
	333199.300016 328.15 4401000.0
	360511.278754 353.15 4401000.0
	387644.650262 378.15 4401000.0
	414656.110719 403.15 4401000.0
	441590.586439 428.15 4401000.0
	468485.042042 453.15 4401000.0
	495370.647333 478.15 4401000.0
	522274.045948 503.15 4401000.0
	549218.130069 528.15 4401000.0
	576222.546141 553.15 4401000.0
	603304.056976 578.15 4401000.0
	630476.829008 603.15 4401000.0
	657752.680975 628.15 4401000.0
	685141.311931 653.15 4401000.0
	712650.516339 678.15 4401000.0
	740286.3887 703.15 4401000.0
	768053.517714 728.15 4401000.0
	795955.168972 753.15 4401000.0
	823993.455129 778.15 4401000.0
	852169.492688 803.15 4401000.0
	880483.544984 828.15 4401000.0
	908935.151312 853.15 4401000.0
	937523.242533 878.15 4401000.0
	966246.243728 903.15 4401000.0
	995102.164686 928.15 4401000.0
	1024088.67913 953.15 4401000.0
	1053203.19363 978.15 4401000.0
	1082442.90721 1003.15 4401000.0
	1111804.86256 1028.15 4401000.0
	1141285.98984 1053.15 4401000.0
	1170883.14386 1078.15 4401000.0
	1200593.13553 1103.15 4401000.0
	1230412.75822 1128.15 4401000.0
	1260338.80972 1153.15 4401000.0
	1290368.11037 1178.15 4401000.0
	1320497.51798 1203.15 4401000.0
	248960.175458 253.15 4501000.0
	277468.661871 278.15 4501000.0
	305439.097734 303.15 4501000.0
	333039.817239 328.15 4501000.0
	360380.262112 353.15 4501000.0
	387537.408488 378.15 4501000.0
	414569.051268 403.15 4501000.0
	441520.887811 428.15 4501000.0
	468430.442287 453.15 4501000.0
	495329.301873 478.15 4501000.0
	522244.428722 503.15 4501000.0
	549198.962842 528.15 4501000.0
	576212.746731 553.15 4501000.0
	603302.700546 578.15 4501000.0
	630483.118605 603.15 4501000.0
	657765.92475 628.15 4501000.0
	685160.905283 653.15 4501000.0
	712675.927738 678.15 4501000.0
	740317.148312 703.15 4501000.0
	768089.208171 728.15 4501000.0
	795995.417832 753.15 4501000.0
	824037.928645 778.15 4501000.0
	852217.890633 803.15 4501000.0
	880535.596318 828.15 4501000.0
	908990.610533 853.15 4501000.0
	937581.886579 878.15 4501000.0
	966307.869343 903.15 4501000.0
	995166.586157 928.15 4501000.0
	1024155.72634 953.15 4501000.0
	1053272.71039 978.15 4501000.0
	1082514.74978 1003.15 4501000.0
	1111878.89837 1028.15 4501000.0
	1141362.09639 1053.15 4501000.0
	1170961.20775 1078.15 4501000.0
	1200673.05157 1103.15 4501000.0
	1230494.42869 1128.15 4501000.0
	1260422.14366 1153.15 4501000.0
	1290453.02303 1178.15 4501000.0
	1320583.93023 1203.15 4501000.0
	248665.985326 253.15 4601000.0
	277231.323608 278.15 4601000.0
	305245.385611 303.15 4601000.0
	332880.841258 328.15 4601000.0
	360249.700428 353.15 4601000.0
	387430.574456 378.15 4601000.0
	414482.357498 403.15 4601000.0
	441451.517744 428.15 4601000.0
	468376.138446 453.15 4601000.0
	495288.223618 478.15 4601000.0
	522215.053419 503.15 4601000.0
	549180.015222 528.15 4601000.0
	576203.147174 553.15 4601000.0
	603301.526431 578.15 4601000.0
	630489.574896 603.15 4601000.0
	657779.321265 628.15 4601000.0
	685180.638871 653.15 4601000.0
	712701.468136 678.15 4601000.0
	740348.026795 703.15 4601000.0
	768125.008349 728.15 4601000.0
	796035.768122 753.15 4601000.0
	824082.496061 778.15 4601000.0
	852266.375624 803.15 4601000.0
	880587.728446 828.15 4601000.0
	909046.144831 853.15 4601000.0
	937640.600466 878.15 4601000.0
	966369.559991 903.15 4601000.0
	995231.068243 928.15 4601000.0
	1024222.8301 953.15 4601000.0
	1053342.27994 978.15 4601000.0
	1082586.64166 1003.15 4601000.0
	1111952.98028 1028.15 4601000.0
	1141438.24607 1053.15 4601000.0
	1171039.31201 1078.15 4601000.0
	1200753.00541 1103.15 4601000.0
	1230576.13456 1128.15 4601000.0
	1260505.51079 1153.15 4601000.0
	1290537.96679 1178.15 4601000.0
	1320670.37164 1203.15 4601000.0
	248372.437019 253.15 4701000.0
	276994.600117 278.15 4701000.0
	305052.237187 303.15 4701000.0
	332722.373671 328.15 4701000.0
	360119.594535 353.15 4701000.0
	387324.148534 378.15 4701000.0
	414396.029486 403.15 4701000.0
	441382.476137 428.15 4701000.0
	468322.130307 453.15 4701000.0
	495247.412292 478.15 4701000.0
	522185.919727 503.15 4701000.0
	549161.286881 528.15 4701000.0
	576193.747138 553.15 4701000.0
	603300.534301 578.15 4701000.0
	630496.197561 603.15 4701000.0
	657792.870211 628.15 4701000.0
	685200.512399 653.15 4701000.0
	712727.137252 678.15 4701000.0
	740379.023882 703.15 4701000.0
	768160.917995 728.15 4701000.0
	796076.219604 753.15 4701000.0
	824127.157153 778.15 4701000.0
	852314.947451 803.15 4701000.0
	880639.94117 828.15 4701000.0
	909101.754019 853.15 4701000.0
	937699.384018 878.15 4701000.0
	966431.315509 903.15 4701000.0
	995295.610788 928.15 4701000.0
	1024289.99026 953.15 4701000.0
	1053411.90214 978.15 4701000.0
	1082658.58273 1003.15 4701000.0
	1112027.10818 1028.15 4701000.0
	1141514.43877 1053.15 4701000.0
	1171117.45652 1078.15 4701000.0
	1200832.99695 1103.15 4701000.0
	1230657.87575 1128.15 4701000.0
	1260588.911 1153.15 4701000.0
	1290622.94157 1178.15 4701000.0
	1320756.84214 1203.15 4701000.0
	248079.539712 253.15 4801000.0
	276758.496492 278.15 4801000.0
	304859.655325 303.15 4801000.0
	332564.416063 328.15 4801000.0
	359989.945257 353.15 4801000.0
	387218.13108 378.15 4801000.0
	414310.067305 403.15 4801000.0
	441313.762886 428.15 4801000.0
	468268.41766 453.15 4801000.0
	495206.867622 478.15 4801000.0
	522157.027339 503.15 4801000.0
	549142.777494 528.15 4801000.0
	576184.546294 553.15 4801000.0
	603299.723832 578.15 4801000.0
	630502.986283 603.15 4801000.0
	657806.571283 628.15 4801000.0
	685220.525576 653.15 4801000.0
	712752.934806 678.15 4801000.0
	740410.139311 703.15 4801000.0
	768196.936859 728.15 4801000.0
	796116.772042 753.15 4801000.0
	824171.9117 778.15 4801000.0
	852363.605905 803.15 4801000.0
	880692.234292 828.15 4801000.0
	909157.437914 853.15 4801000.0
	937758.23706 878.15 4801000.0
	966493.135732 903.15 4801000.0
	995360.213638 928.15 4801000.0
	1024357.20667 953.15 4801000.0
	1053481.57685 978.15 4801000.0
	1082730.57286 1003.15 4801000.0
	1112101.28193 1028.15 4801000.0
	1141590.67436 1053.15 4801000.0
	1171195.64118 1078.15 4801000.0
	1200913.02608 1103.15 4801000.0
	1230739.65215 1128.15 4801000.0
	1260672.34422 1153.15 4801000.0
	1290707.94729 1178.15 4801000.0
	1320843.34165 1203.15 4801000.0
	247787.302574 253.15 4901000.0
	276523.017802 278.15 4901000.0
	304667.642872 303.15 4901000.0
	332406.970004 328.15 4901000.0
	359860.753406 353.15 4901000.0
	387112.522447 378.15 4901000.0
	414224.471026 403.15 4901000.0
	441245.377887 428.15 4901000.0
	468215.000294 453.15 4901000.0
	495166.589332 478.15 4901000.0
	522128.375946 503.15 4901000.0
	549124.486736 528.15 4901000.0
	576175.544312 553.15 4901000.0
	603299.094697 578.15 4901000.0
	630509.940746 603.15 4901000.0
	657820.424175 628.15 4901000.0
	685240.678108 653.15 4901000.0
	712778.860523 678.15 4901000.0
	740441.372818 703.15 4901000.0
	768233.064695 728.15 4901000.0
	796157.425202 753.15 4901000.0
	824216.759481 778.15 4901000.0
	852412.350778 803.15 4901000.0
	880744.607617 828.15 4901000.0
	909213.196329 853.15 4901000.0
	937817.15942 878.15 4901000.0
	966555.020497 903.15 4901000.0
	995424.876639 928.15 4901000.0
	1024424.47918 953.15 4901000.0
	1053551.30394 978.15 4901000.0
	1082802.61191 1003.15 4901000.0
	1112175.50143 1028.15 4901000.0
	1141666.95274 1053.15 4901000.0
	1171273.86589 1078.15 4901000.0
	1200993.0927 1103.15 4901000.0
	1230821.46367 1128.15 4901000.0
	1260755.81035 1153.15 4901000.0
	1290792.98385 1178.15 4901000.0
	1320929.87008 1203.15 4901000.0
