
	0.0224921802064 253.15 101000.0
	0.0243722046685 278.15 101000.0
	0.0261953300794 303.15 101000.0
	0.0279665508817 328.15 101000.0
	0.0296903256971 353.15 101000.0
	0.0313706303925 378.15 101000.0
	0.033011012873 403.15 101000.0
	0.0346146446091 428.15 101000.0
	0.0361843670502 453.15 101000.0
	0.0377227325228 478.15 101000.0
	0.0392320398571 503.15 101000.0
	0.0407143652451 528.15 101000.0
	0.0421715889034 553.15 101000.0
	0.0436054181037 578.15 101000.0
	0.0450174070819 603.15 101000.0
	0.0464089742799 628.15 101000.0
	0.0477814173078 653.15 101000.0
	0.0491359259617 678.15 101000.0
	0.0504735935781 703.15 101000.0
	0.0517954269668 728.15 101000.0
	0.053102355122 753.15 101000.0
	0.0543952368839 778.15 101000.0
	0.0556748676968 803.15 101000.0
	0.0569419855838 828.15 101000.0
	0.0581972764443 853.15 101000.0
	0.0594413787631 878.15 101000.0
	0.0606748878056 903.15 101000.0
	0.0618983593651 928.15 101000.0
	0.0631123131169 953.15 101000.0
	0.0643172356285 978.15 101000.0
	0.0655135830651 1003.15 101000.0
	0.0667017836279 1028.15 101000.0
	0.0678822397551 1053.15 101000.0
	0.0690553301133 1078.15 101000.0
	0.0702214114011 1103.15 101000.0
	0.0713808199882 1128.15 101000.0
	0.0725338734042 1153.15 101000.0
	0.0736808716968 1178.15 101000.0
	0.0748220986694 1203.15 101000.0
	0.0225315416179 253.15 201000.0
	0.0244078562904 278.15 201000.0
	0.0262279149125 303.15 201000.0
	0.0279965572467 328.15 201000.0
	0.0297181333874 353.15 201000.0
	0.0313965407392 378.15 201000.0
	0.0330352690368 403.15 201000.0
	0.0346374456914 428.15 201000.0
	0.0362058781585 453.15 201000.0
	0.0377430921099 478.15 201000.0
	0.0392513651774 503.15 201000.0
	0.0407327564799 528.15 201000.0
	0.0421891323274 553.15 201000.0
	0.0436221885491 578.15 201000.0
	0.0450334698788 603.15 201000.0
	0.046424386802 628.15 201000.0
	0.0477962302152 653.15 201000.0
	0.0491501842101 678.15 201000.0
	0.0504873372455 703.15 201000.0
	0.0518086919347 728.15 201000.0
	0.0531151736422 753.15 201000.0
	0.0544076380527 778.15 201000.0
	0.0556868778536 803.15 201000.0
	0.056953628649 828.15 201000.0
	0.0582085742072 853.15 201000.0
	0.0594523511277 878.15 201000.0
	0.0606855530021 903.15 201000.0
	0.0619087341326 928.15 201000.0
	0.0631224128619 953.15 201000.0
	0.0643270745625 978.15 201000.0
	0.0655231743254 1003.15 201000.0
	0.066711139383 1028.15 201000.0
	0.0678913712981 1053.15 201000.0
	0.0690642479435 1078.15 201000.0
	0.070230125297 1103.15 201000.0
	0.0713893390718 1128.15 201000.0
	0.0725422061988 1153.15 201000.0
	0.073689026178 1178.15 201000.0
	0.0748300823113 1203.15 201000.0
	0.0225720086038 253.15 301000.0
	0.0244444035188 278.15 301000.0
	0.0262612402939 303.15 301000.0
	0.0280271863201 328.15 301000.0
	0.0297464720923 353.15 301000.0
	0.031422909326 378.15 301000.0
	0.0330599247014 403.15 301000.0
	0.0346605981708 428.15 301000.0
	0.0362277007687 453.15 301000.0
	0.0377637297419 478.15 301000.0
	0.039270940207 503.15 301000.0
	0.0407513732136 528.15 301000.0
	0.0422068804007 553.15 301000.0
	0.0436391455595 578.15 301000.0
	0.0450497034533 603.15 301000.0
	0.0464399562373 628.15 301000.0
	0.0478111877943 653.15 301000.0
	0.0491645762678 678.15 301000.0
	0.0505012050387 703.15 301000.0
	0.0518220723596 728.15 301000.0
	0.0531280998279 753.15 301000.0
	0.0544201398583 778.15 301000.0
	0.0556989822848 803.15 301000.0
	0.0569653602111 828.15 301000.0
	0.0582199552046 853.15 301000.0
	0.0594634019201 878.15 301000.0
	0.0606962922242 903.15 301000.0
	0.0619191788838 928.15 301000.0
	0.0631325788708 953.15 301000.0
	0.0643369763295 978.15 301000.0
	0.0655328252473 1003.15 301000.0
	0.0667205518626 1028.15 301000.0
	0.0679005568399 1053.15 301000.0
	0.0690732172385 1078.15 301000.0
	0.0702388882979 1103.15 301000.0
	0.0713979050592 1128.15 301000.0
	0.0725505838407 1153.15 301000.0
	0.0736972235823 1178.15 301000.0
	0.0748381070731 1203.15 301000.0
	0.0226135568895 253.15 401000.0
	0.0244818269481 278.15 401000.0
	0.0262952905993 303.15 401000.0
	0.0280584254032 328.15 401000.0
	0.0297753313879 353.15 401000.0
	0.0314497275127 378.15 401000.0
	0.033084972639 403.15 401000.0
	0.0346840959486 428.15 401000.0
	0.0362498296938 453.15 401000.0
	0.0377846409746 478.15 401000.0
	0.039290761112 503.15 401000.0
	0.0407702121182 528.15 401000.0
	0.0422248302175 553.15 401000.0
	0.0436562865845 578.15 401000.0
	0.0450661055553 603.15 401000.0
	0.0464556805918 628.15 401000.0
	0.0478262882703 653.15 401000.0
	0.0491791005485 678.15 401000.0
	0.050515195535 703.15 401000.0
	0.0518355669605 728.15 401000.0
	0.0531411325222 753.15 401000.0
	0.0544327412525 778.15 401000.0
	0.0557111800382 803.15 401000.0
	0.0569771794024 828.15 401000.0
	0.0582314186438 853.15 401000.0
	0.0594745304142 878.15 401000.0
	0.0607071048053 903.15 401000.0
	0.0619296930057 928.15 401000.0
	0.0631428105786 953.15 401000.0
	0.0643469404075 978.15 401000.0
	0.0655425353478 1003.15 401000.0
	0.0667300206186 1028.15 401000.0
	0.0679097959642 1053.15 401000.0
	0.0690822376111 1078.15 401000.0
	0.070247700043 1103.15 401000.0
	0.0714065176138 1128.15 401000.0
	0.0725590060152 1153.15 401000.0
	0.0737054636151 1178.15 401000.0
	0.0748461726789 1203.15 401000.0
	0.0226561624767 253.15 501000.0
	0.0245201074126 278.15 501000.0
	0.0263300504056 303.15 501000.0
	0.0280902619634 328.15 501000.0
	0.0298047009866 353.15 501000.0
	0.0314769867712 378.15 501000.0
	0.0331104057137 403.15 501000.0
	0.034707933002 428.15 501000.0
	0.0362722598098 453.15 501000.0
	0.0378058214163 478.15 501000.0
	0.0393108241029 503.15 501000.0
	0.0407892699032 528.15 501000.0
	0.042242978904 553.15 501000.0
	0.0436736091004 578.15 501000.0
	0.045082673958 603.15 501000.0
	0.0464715578913 628.15 501000.0
	0.0478415298855 653.15 501000.0
	0.049193755481 678.15 501000.0
	0.0505293073245 703.15 501000.0
	0.051849174468 728.15 501000.0
	0.0531542705782 753.15 501000.0
	0.0544454411961 778.15 501000.0
	0.0557234701691 803.15 501000.0
	0.056989085362 828.15 501000.0
	0.0582429637382 853.15 501000.0
	0.0594857358896 878.15 501000.0
	0.0607179900843 903.15 501000.0
	0.0619402758897 928.15 501000.0
	0.063153107424 953.15 501000.0
	0.0643569662779 978.15 501000.0
	0.0655523041468 1003.15 501000.0
	0.0667395452059 1028.15 501000.0
	0.0679190882577 1053.15 501000.0
	0.0690913086766 1078.15 501000.0
	0.0702565601738 1103.15 501000.0
	0.0714151764008 1128.15 501000.0
	0.0725674724095 1153.15 501000.0
	0.0737137459836 1178.15 501000.0
	0.0748542788541 1203.15 501000.0
	0.0226998016473 253.15 601000.0
	0.0245592259886 278.15 601000.0
	0.0263655044916 303.15 601000.0
	0.028122683634 328.15 601000.0
	0.0298345707367 353.15 601000.0
	0.0315046786842 378.15 601000.0
	0.0331362168808 403.15 601000.0
	0.0347321033837 428.15 601000.0
	0.0362949860554 453.15 601000.0
	0.0378272667277 478.15 601000.0
	0.0393311254339 503.15 601000.0
	0.040808543315 528.15 601000.0
	0.0422613236176 553.15 601000.0
	0.0436911106106 578.15 601000.0
	0.0450994064574 603.15 601000.0
	0.0464875861814 628.15 601000.0
	0.0478569108993 653.15 601000.0
	0.0492085395091 678.15 601000.0
	0.0505435390104 703.15 601000.0
	0.0518628936241 728.15 601000.0
	0.0531675128592 753.15 601000.0
	0.0544582386587 778.15 601000.0
	0.0557358517409 803.15 601000.0
	0.0570010772361 828.15 601000.0
	0.0582545897075 853.15 601000.0
	0.0594970176315 878.15 601000.0
	0.0607289474045 903.15 601000.0
	0.0619509269317 928.15 601000.0
	0.06316346885 953.15 601000.0
	0.064367053426 978.15 601000.0
	0.0655621311677 1003.15 601000.0
	0.0667491251824 1028.15 601000.0
	0.0679284333096 1053.15 601000.0
	0.0691004300528 1078.15 601000.0
	0.0702654683341 1103.15 601000.0
	0.0714238810878 1128.15 601000.0
	0.0725759827127 1153.15 601000.0
	0.0737220703968 1178.15 601000.0
	0.0748624253261 1203.15 601000.0
	0.0227444509685 253.15 701000.0
	0.0245991639963 278.15 701000.0
	0.0264016378384 303.15 701000.0
	0.0281556782141 328.15 701000.0
	0.0298649306218 353.15 701000.0
	0.0315327949455 378.15 701000.0
	0.0331623991868 403.15 701000.0
	0.0347566012215 428.15 701000.0
	0.0363180034312 453.15 701000.0
	0.0378489726214 478.15 701000.0
	0.039351661403 503.15 701000.0
	0.0408280291367 528.15 701000.0
	0.0422798615471 553.15 701000.0
	0.043708788645 578.15 701000.0
	0.0451163008725 603.15 701000.0
	0.0465037635274 628.15 701000.0
	0.0478724295883 653.15 701000.0
	0.0492234510911 678.15 701000.0
	0.0505578892088 703.15 701000.0
	0.0518767231821 728.15 701000.0
	0.0531808582383 753.15 701000.0
	0.0544711326188 778.15 701000.0
	0.0557483238248 803.15 701000.0
	0.0570131541779 828.15 701000.0
	0.0582662957776 853.15 701000.0
	0.0595083749306 878.15 701000.0
	0.0607399761145 903.15 701000.0
	0.0619616455319 928.15 701000.0
	0.0631738943034 953.15 701000.0
	0.0643772013406 978.15 701000.0
	0.0655720159372 1003.15 701000.0
	0.0667587601091 1028.15 701000.0
	0.0679378307118 1053.15 701000.0
	0.06910960136 1078.15 701000.0
	0.0702744241698 1103.15 701000.0
	0.0714326313441 1128.15 701000.0
	0.0725845366158 1153.15 701000.0
	0.0737304365653 1178.15 701000.0
	0.0748706118235 1203.15 701000.0
	0.0227900872966 253.15 801000.0
	0.0246399030008 278.15 801000.0
	0.0264384356293 303.15 801000.0
	0.0281892336685 328.15 801000.0
	0.0298957707606 353.15 801000.0
	0.031561327359 378.15 801000.0
	0.0331889457684 403.15 801000.0
	0.0347814207176 428.15 801000.0
	0.0363413070001 453.15 801000.0
	0.0378709348613 478.15 801000.0
	0.0393724283512 503.15 801000.0
	0.0408477241879 528.15 801000.0
	0.0422985899119 553.15 801000.0
	0.0437266407598 578.15 801000.0
	0.045133355045 603.15 801000.0
	0.0465200880142 628.15 801000.0
	0.0478880842458 653.15 801000.0
	0.0492384887004 678.15 801000.0
	0.0505723565486 703.15 801000.0
	0.0518906619065 728.15 801000.0
	0.0531943055986 753.15 801000.0
	0.0544841220634 778.15 801000.0
	0.0557608854996 803.15 801000.0
	0.0570253153473 828.15 801000.0
	0.0582780811805 853.15 801000.0
	0.0595198070829 878.15 801000.0
	0.0607510755677 903.15 801000.0
	0.0619724310951 928.15 801000.0
	0.063184383235 953.15 801000.0
	0.0643874095139 978.15 801000.0
	0.0655819579851 1003.15 801000.0
	0.0667684495498 1028.15 801000.0
	0.0679472800592 1053.15 801000.0
	0.0691188222207 1078.15 801000.0
	0.0702834273291 1103.15 801000.0
	0.0714414268413 1128.15 801000.0
	0.0725931338116 1153.15 801000.0
	0.0737388442016 1178.15 801000.0
	0.0748788380767 1203.15 801000.0
	0.0228366877814 253.15 901000.0
	0.0246814248143 278.15 901000.0
	0.0264758832509 303.15 901000.0
	0.028223338127 328.15 901000.0
	0.0299270814061 353.15 901000.0
	0.0315902678383 378.15 901000.0
	0.0332158498523 403.15 901000.0
	0.0348065561482 428.15 901000.0
	0.0363648918858 453.15 901000.0
	0.0378931492629 478.15 901000.0
	0.0393934226624 503.15 901000.0
	0.0408676253246 528.15 901000.0
	0.0423175059625 553.15 901000.0
	0.0437446645376 578.15 901000.0
	0.0451505668388 603.15 901000.0
	0.0465365577459 628.15 901000.0
	0.047903873182 653.15 901000.0
	0.0492536508245 678.15 901000.0
	0.0505869396716 703.15 901000.0
	0.0519047085729 728.15 901000.0
	0.0532078538331 753.15 901000.0
	0.0544972059883 778.15 901000.0
	0.0557735358518 803.15 901000.0
	0.0570375599111 828.15 901000.0
	0.0582899451542 853.15 901000.0
	0.05953131339 878.15 901000.0
	0.0607622451223 903.15 901000.0
	0.0619832830305 928.15 901000.0
	0.0631949350996 953.15 901000.0
	0.0643976774421 978.15 901000.0
	0.0655919568446 1003.15 901000.0
	0.0667781930712 1028.15 901000.0
	0.0679567809489 1053.15 901000.0
	0.0691280922602 1078.15 901000.0
	0.0702924774625 1103.15 901000.0
	0.071450267253 1128.15 901000.0
	0.0726017739949 1153.15 901000.0
	0.0737472930198 1178.15 901000.0
	0.0748871038176 1203.15 901000.0
	0.0228842298705 253.15 1001000.0
	0.0247237114974 278.15 1001000.0
	0.0265139662927 303.15 1001000.0
	0.0282579798846 328.15 1001000.0
	0.0299588529455 353.15 1001000.0
	0.0316196084059 378.15 1001000.0
	0.0332431047544 403.15 1001000.0
	0.0348320018631 428.15 1001000.0
	0.0363887532734 453.15 1001000.0
	0.0379156116919 478.15 1001000.0
	0.0394146407634 503.15 1001000.0
	0.0408877294384 528.15 1001000.0
	0.0423366069797 553.15 1001000.0
	0.043762857587 578.15 1001000.0
	0.0451679341404 603.15 1001000.0
	0.0465531708459 628.15 1001000.0
	0.0479197947236 653.15 1001000.0
	0.0492689359658 678.15 1001000.0
	0.0506016372319 703.15 1001000.0
	0.0519188619683 728.15 1001000.0
	0.0532215018443 753.15 1001000.0
	0.0545103833981 778.15 1001000.0
	0.0557862739756 803.15 1001000.0
	0.057049887043 828.15 1001000.0
	0.058301886943 853.15 1001000.0
	0.0595428931588 878.15 1001000.0
	0.0607734841416 903.15 1001000.0
	0.0619942007514 928.15 1001000.0
	0.063205549356 953.15 1001000.0
	0.0644080046245 978.15 1001000.0
	0.065602012052 1003.15 1001000.0
	0.0667879902431 1028.15 1001000.0
	0.0679663329809 1053.15 1001000.0
	0.0691374111058 1078.15 1001000.0
	0.0703015742225 1103.15 1001000.0
	0.0714591522546 1128.15 1001000.0
	0.0726104568621 1153.15 1001000.0
	0.0737557827356 1178.15 1001000.0
	0.0748954087797 1203.15 1001000.0
	0.0229326913127 253.15 1101000.0
	0.0247667453603 278.15 1101000.0
	0.0265526705474 303.15 1101000.0
	0.0282931474008 328.15 1101000.0
	0.0299910758991 353.15 1101000.0
	0.0316493411932 378.15 1101000.0
	0.0332707038794 403.15 1101000.0
	0.0348577522851 428.15 1101000.0
	0.0364128864081 453.15 1101000.0
	0.0379383180649 478.15 1101000.0
	0.0394360791228 503.15 1101000.0
	0.0409080334569 528.15 1101000.0
	0.0423558902746 553.15 1101000.0
	0.0437812175421 578.15 1101000.0
	0.0451854548583 603.15 1101000.0
	0.0465699254568 628.15 1101000.0
	0.047935847214 653.15 1101000.0
	0.0492843426408 678.15 1101000.0
	0.0506164478966 703.15 1101000.0
	0.0519331208902 728.15 1101000.0
	0.0532352485445 753.15 1101000.0
	0.0545236533056 778.15 1101000.0
	0.0557990989727 803.15 1101000.0
	0.0570622959232 828.15 1101000.0
	0.0583139057969 853.15 1101000.0
	0.0595545457018 878.15 1101000.0
	0.0607847919934 903.15 1101000.0
	0.0620051836758 928.15 1101000.0
	0.0632162254667 953.15 1101000.0
	0.0644183905641 978.15 1101000.0
	0.0656121231468 1003.15 1101000.0
	0.066797840638 1028.15 1101000.0
	0.0679759357579 1053.15 1101000.0
	0.0691467783876 1078.15 1101000.0
	0.070310717264 1103.15 1101000.0
	0.0714680815239 1128.15 1101000.0
	0.0726191821117 1153.15 1101000.0
	0.0737643130665 1178.15 1101000.0
	0.0749037526979 1203.15 1101000.0
	0.0229820501623 253.15 1201000.0
	0.024810508964 278.15 1201000.0
	0.0265919820115 303.15 1201000.0
	0.0283288292993 328.15 1201000.0
	0.0300237409204 353.15 1201000.0
	0.0316794584392 378.15 1201000.0
	0.0332986407201 403.15 1201000.0
	0.0348838019095 428.15 1201000.0
	0.0364372865954 453.15 1201000.0
	0.0379612643484 478.15 1201000.0
	0.0394577342516 503.15 1201000.0
	0.0409285343429 528.15 1201000.0
	0.0423753531882 553.15 1201000.0
	0.0437997420631 578.15 1201000.0
	0.0452031269229 603.15 1201000.0
	0.0465868197399 628.15 1201000.0
	0.0479520290128 653.15 1201000.0
	0.0492998693803 678.15 1201000.0
	0.0506313703448 703.15 1201000.0
	0.0519474841474 728.15 1201000.0
	0.0532490928557 753.15 1201000.0
	0.0545370147322 778.15 1201000.0
	0.0558120099524 803.15 1201000.0
	0.0570747857387 828.15 1201000.0
	0.0583260009719 853.15 1201000.0
	0.0595662703366 878.15 1201000.0
	0.0607961680505 903.15 1201000.0
	0.0620162312256 928.15 1201000.0
	0.0632269628982 953.15 1201000.0
	0.0644288347675 978.15 1201000.0
	0.0656222896717 1003.15 1201000.0
	0.0668077438314 1028.15 1201000.0
	0.0679855888851 1053.15 1201000.0
	0.0691561937378 1078.15 1201000.0
	0.070319906244 1103.15 1201000.0
	0.0714770547402 1128.15 1201000.0
	0.0726279494439 1153.15 1201000.0
	0.0737728837317 1178.15 1201000.0
	0.0749121353089 1203.15 1201000.0
	0.0230322847825 253.15 1301000.0
	0.024854985122 278.15 1301000.0
	0.0266318868845 303.15 1301000.0
	0.028365014368 328.15 1301000.0
	0.0300568387949 353.15 1301000.0
	0.0317099524904 378.15 1301000.0
	0.0333269088572 403.15 1301000.0
	0.0349101453038 428.15 1301000.0
	0.0364619492003 453.15 1301000.0
	0.0379844465583 478.15 1301000.0
	0.039479602702 503.15 1301000.0
	0.0409492290942 528.15 1301000.0
	0.0423949930916 553.15 1301000.0
	0.0438184288353 578.15 1301000.0
	0.0452209482865 603.15 1301000.0
	0.0466038518755 628.15 1301000.0
	0.047968338496 653.15 1301000.0
	0.0493155147294 678.15 1301000.0
	0.0506464032682 703.15 1301000.0
	0.0519619505594 728.15 1301000.0
	0.0532630337094 753.15 1301000.0
	0.0545504667079 778.15 1301000.0
	0.0558250060314 803.15 1301000.0
	0.0570873556832 828.15 1301000.0
	0.0583381717302 853.15 1301000.0
	0.059578066386 878.15 1301000.0
	0.0608076116904 903.15 1301000.0
	0.0620273428272 928.15 1301000.0
	0.063237761121 953.15 1301000.0
	0.0644393367448 978.15 1301000.0
	0.0656325111726 1003.15 1301000.0
	0.0668176994017 1028.15 1301000.0
	0.0679952919702 1053.15 1301000.0
	0.0691656567911 1078.15 1301000.0
	0.0703291408217 1103.15 1301000.0
	0.0714860715853 1128.15 1301000.0
	0.0726367585607 1153.15 1301000.0
	0.073781494452 1178.15 1301000.0
	0.0749205563507 1203.15 1301000.0
	0.0230833738489 253.15 1401000.0
	0.0249001569008 278.15 1401000.0
	0.0266723715698 303.15 1401000.0
	0.0284016915578 328.15 1401000.0
	0.03009036044 353.15 1401000.0
	0.0317408158002 378.15 1401000.0
	0.0333555019582 403.15 1401000.0
	0.0349367771069 428.15 1401000.0
	0.0364868696469 453.15 1401000.0
	0.03800786076 478.15 1401000.0
	0.0395016810679 503.15 1401000.0
	0.0409701147437 528.15 1401000.0
	0.0424148073851 553.15 1401000.0
	0.0438372755693 578.15 1401000.0
	0.0452389169231 603.15 1401000.0
	0.0466210200624 628.15 1401000.0
	0.0479847740558 653.15 1401000.0
	0.049331277247 678.15 1401000.0
	0.0506615453708 703.15 1401000.0
	0.0519765189565 728.15 1401000.0
	0.0532770700464 753.15 1401000.0
	0.054564008271 778.15 1401000.0
	0.0558380863339 803.15 1401000.0
	0.057100004957 828.15 1401000.0
	0.0583504173397 853.15 1401000.0
	0.0595899331785 878.15 1401000.0
	0.0608191222952 903.15 1401000.0
	0.0620385179114 928.15 1401000.0
	0.0632486196091 953.15 1401000.0
	0.0644498960092 978.15 1401000.0
	0.0656427871984 1003.15 1401000.0
	0.06682770693 1028.15 1401000.0
	0.0680050446238 1053.15 1401000.0
	0.0691751671846 1078.15 1401000.0
	0.0703384206583 1103.15 1401000.0
	0.0714951317425 1128.15 1401000.0
	0.0726456091659 1153.15 1401000.0
	0.0737901449498 1178.15 1401000.0
	0.074929015563 1203.15 1401000.0
	0.0231352963531 253.15 1501000.0
	0.0249460076212 278.15 1501000.0
	0.0267134226741 303.15 1501000.0
	0.0284388499829 328.15 1501000.0
	0.030124296904 353.15 1501000.0
	0.0317720409279 378.15 1501000.0
	0.0333844137773 403.15 1501000.0
	0.0349636920287 428.15 1501000.0
	0.0365120434181 453.15 1501000.0
	0.0380315030679 478.15 1501000.0
	0.0395239659839 503.15 1501000.0
	0.0409911883588 528.15 1501000.0
	0.0424347934986 553.15 1501000.0
	0.0438562800006 578.15 1501000.0
	0.045257030828 603.15 1501000.0
	0.046638322518 628.15 1501000.0
	0.0480013341003 653.15 1501000.0
	0.0493471555063 678.15 1501000.0
	0.0506767953687 703.15 1501000.0
	0.0519911881797 728.15 1501000.0
	0.0532912008171 753.15 1501000.0
	0.0545776384679 778.15 1501000.0
	0.0558512499913 803.15 1501000.0
	0.0571127327669 828.15 1501000.0
	0.0583627370739 853.15 1501000.0
	0.0596018700474 878.15 1501000.0
	0.0608306992519 903.15 1501000.0
	0.0620497559128 928.15 1501000.0
	0.0632595378406 953.15 1501000.0
	0.0644605120779 978.15 1501000.0
	0.0656531173012 1003.15 1501000.0
	0.0668377660003 1028.15 1501000.0
	0.0680148464588 1053.15 1501000.0
	0.0691847245576 1078.15 1501000.0
	0.0703477454174 1103.15 1501000.0
	0.0715042348975 1128.15 1501000.0
	0.0726545009653 1153.15 1501000.0
	0.0737988349495 1178.15 1501000.0
	0.0749375126868 1203.15 1501000.0
	0.0231880316058 253.15 1601000.0
	0.0249925208592 278.15 1601000.0
	0.0267550270074 303.15 1601000.0
	0.0284764789198 328.15 1601000.0
	0.030158639366 353.15 1601000.0
	0.0318036205382 378.15 1601000.0
	0.0334136381545 403.15 1601000.0
	0.0349908848496 428.15 1601000.0
	0.0365374660552 453.15 1601000.0
	0.0380553696446 478.15 1601000.0
	0.0395464541254 503.15 1601000.0
	0.0410124470409 528.15 1601000.0
	0.0424549488909 553.15 1601000.0
	0.0438754398897 578.15 1601000.0
	0.0452752880178 603.15 1601000.0
	0.046655757478 628.15 1601000.0
	0.0480180170535 653.15 1601000.0
	0.049363148094 678.15 1601000.0
	0.05069215199 703.15 1601000.0
	0.0520059570804 728.15 1601000.0
	0.0533054249812 753.15 1601000.0
	0.0545913563534 778.15 1601000.0
	0.0558644961425 803.15 1601000.0
	0.0571255383261 828.15 1601000.0
	0.0583751302127 853.15 1601000.0
	0.0596138763314 878.15 1601000.0
	0.0608423419519 903.15 1601000.0
	0.0620610562707 928.15 1601000.0
	0.0632705152972 953.15 1601000.0
	0.064471184471 978.15 1601000.0
	0.0656635010363 1003.15 1601000.0
	0.0668478761994 1028.15 1601000.0
	0.0680246970908 1053.15 1601000.0
	0.0691943285519 1078.15 1601000.0
	0.0703571147645 1103.15 1601000.0
	0.0715133807375 1128.15 1601000.0
	0.0726634336662 1153.15 1601000.0
	0.0738075641766 1178.15 1601000.0
	0.0749460474649 1203.15 1601000.0
	0.0232415592397 253.15 1701000.0
	0.0250396804467 278.15 1701000.0
	0.026797171583 303.15 1701000.0
	0.0285145678068 328.15 1701000.0
	0.0301933791347 353.15 1701000.0
	0.031835547401 378.15 1701000.0
	0.0334431690152 403.15 1701000.0
	0.03501835042 428.15 1701000.0
	0.0365631331571 453.15 1701000.0
	0.0380794567012 478.15 1701000.0
	0.039569142208 503.15 1701000.0
	0.0410338879258 528.15 1701000.0
	0.0424752710498 553.15 1701000.0
	0.0438947530218 578.15 1701000.0
	0.0452936865304 603.15 1701000.0
	0.0466733231963 628.15 1701000.0
	0.0480348213553 653.15 1701000.0
	0.0493792536106 678.15 1701000.0
	0.0507076139751 703.15 1701000.0
	0.052020824521 728.15 1701000.0
	0.0533197415077 753.15 1701000.0
	0.0546051609907 778.15 1701000.0
	0.0558778239337 803.15 1701000.0
	0.0571384208545 828.15 1701000.0
	0.0583875960411 853.15 1701000.0
	0.0596259513744 878.15 1701000.0
	0.0608540497917 903.15 1701000.0
	0.0620724184281 928.15 1701000.0
	0.0632815514644 953.15 1701000.0
	0.0644819127123 978.15 1701000.0
	0.0656739379619 1003.15 1701000.0
	0.066858037117 1028.15 1701000.0
	0.0680345961378 1053.15 1701000.0
	0.0692039788115 1078.15 1701000.0
	0.0703665283675 1103.15 1701000.0
	0.071522568952 1128.15 1701000.0
	0.0726724069778 1153.15 1701000.0
	0.0738163323586 1178.15 1701000.0
	0.0749546196414 1203.15 1701000.0
	0.0232958592128 253.15 1801000.0
	0.0250874704722 278.15 1801000.0
	0.0268398436171 303.15 1801000.0
	0.0285531062437 328.15 1801000.0
	0.0302285076478 353.15 1801000.0
	0.0318678143901 378.15 1801000.0
	0.0334730003696 403.15 1801000.0
	0.03504608366 428.15 1801000.0
	0.0365890403803 453.15 1801000.0
	0.0381037604961 478.15 1801000.0
	0.0395920269876 503.15 1801000.0
	0.0410555081829 528.15 1801000.0
	0.0424957574916 553.15 1801000.0
	0.0439142172062 578.15 1801000.0
	0.0453122244246 603.15 1801000.0
	0.0466910179449 628.15 1801000.0
	0.0480517454611 653.15 1801000.0
	0.0493954706704 678.15 1801000.0
	0.0507231800759 703.15 1801000.0
	0.0520357893738 728.15 1801000.0
	0.0533341493747 753.15 1801000.0
	0.0546190514509 778.15 1801000.0
	0.0558912325181 803.15 1801000.0
	0.0571513795782 828.15 1801000.0
	0.0584001338504 853.15 1801000.0
	0.0596380945252 878.15 1801000.0
	0.0608658221718 903.15 1801000.0
	0.0620838418324 928.15 1801000.0
	0.0632926458316 953.15 1801000.0
	0.0644926963289 978.15 1801000.0
	0.0656844276394 1003.15 1801000.0
	0.0668682483455 1028.15 1801000.0
	0.0680445432206 1053.15 1801000.0
	0.0692136749828 1078.15 1801000.0
	0.070375985896 1103.15 1801000.0
	0.0715317992323 1128.15 1801000.0
	0.0726814206112 1153.15 1801000.0
	0.0738251392247 1178.15 1801000.0
	0.074963228962 1203.15 1801000.0
	0.0233509118109 253.15 1901000.0
	0.0251358752817 278.15 1901000.0
	0.0268830305285 303.15 1901000.0
	0.028592083991 328.15 1901000.0
	0.0302640164717 353.15 1901000.0
	0.0319004144829 378.15 1901000.0
	0.0335031263118 403.15 1901000.0
	0.0350740795583 428.15 1901000.0
	0.036615183438 453.15 1901000.0
	0.0381282773356 478.15 1901000.0
	0.0396151052594 503.15 1901000.0
	0.041077305015 528.15 1901000.0
	0.0425164057612 553.15 1901000.0
	0.0439338302768 578.15 1901000.0
	0.0453308997799 603.15 1901000.0
	0.0467088400139 628.15 1901000.0
	0.0480687878421 653.15 1901000.0
	0.0494117979011 678.15 1901000.0
	0.0507388490566 703.15 1901000.0
	0.0520508505219 728.15 1901000.0
	0.0533486475696 753.15 1901000.0
	0.0546330268131 778.15 1901000.0
	0.0559047210563 803.15 1901000.0
	0.0571644137299 828.15 1901000.0
	0.0584127429373 853.15 1901000.0
	0.059650305138 878.15 1901000.0
	0.0608776584977 903.15 1901000.0
	0.0620953259351 928.15 1901000.0
	0.0633037978917 953.15 1901000.0
	0.0645035348514 978.15 1901000.0
	0.0656949696331 1003.15 1901000.0
	0.06687850948 1028.15 1901000.0
	0.0680545379622 1053.15 1901000.0
	0.0692234167144 1078.15 1901000.0
	0.070385487022 1103.15 1901000.0
	0.0715410712717 1128.15 1901000.0
	0.072690474279 1153.15 1901000.0
	0.0738339845054 1178.15 1901000.0
	0.0749718751738 1203.15 1901000.0
	0.0234066976502 253.15 2001000.0
	0.0251848794787 278.15 2001000.0
	0.0269267199385 303.15 2001000.0
	0.0286314909693 328.15 2001000.0
	0.0302998973006 353.15 2001000.0
	0.0319333407599 378.15 2001000.0
	0.0335335410198 403.15 2001000.0
	0.0351023331722 428.15 2001000.0
	0.0366415581003 453.15 2001000.0
	0.0381530035727 478.15 2001000.0
	0.0396383738583 503.15 2001000.0
	0.0410992756583 528.15 2001000.0
	0.0425372134314 553.15 2001000.0
	0.0439535900914 578.15 2001000.0
	0.0453497106965 603.15 2001000.0
	0.046726787711 628.15 2001000.0
	0.0480859469847 653.15 2001000.0
	0.0494282339439 678.15 2001000.0
	0.0507546196928 703.15 2001000.0
	0.0520660068584 728.15 2001000.0
	0.0533632350888 753.15 2001000.0
	0.0546470861647 778.15 2001000.0
	0.0559182887158 803.15 2001000.0
	0.0571775225484 828.15 2001000.0
	0.0584254226042 853.15 2001000.0
	0.0596625825719 878.15 2001000.0
	0.0608895581794 903.15 2001000.0
	0.0621068701918 928.15 2001000.0
	0.0633150071414 953.15 2001000.0
	0.0645144278134 978.15 2001000.0
	0.0657055635106 1003.15 2001000.0
	0.0668888201185 1028.15 2001000.0
	0.0680645799884 1053.15 2001000.0
	0.0692332036573 1078.15 2001000.0
	0.0703950314196 1103.15 2001000.0
	0.0715503847652 1128.15 2001000.0
	0.0726995676958 1153.15 2001000.0
	0.073842867933 1178.15 2001000.0
	0.0749805580254 1203.15 2001000.0
	0.0234631976801 253.15 2101000.0
	0.025234467925 278.15 2101000.0
	0.0269708996703 303.15 2101000.0
	0.0286713172585 328.15 2101000.0
	0.0303361419555 353.15 2101000.0
	0.0319665864034 378.15 2101000.0
	0.0335642387543 403.15 2101000.0
	0.0351308396271 428.15 2101000.0
	0.036668160193 453.15 2101000.0
	0.038177935607 478.15 2101000.0
	0.0396618296582 503.15 2101000.0
	0.0411214173817 528.15 2101000.0
	0.0425581781034 553.15 2101000.0
	0.0439734945316 578.15 2101000.0
	0.0453686552951 603.15 2101000.0
	0.0467448593615 628.15 2101000.0
	0.0481032213906 653.15 2101000.0
	0.0494447774532 678.15 2101000.0
	0.0507704907718 703.15 2101000.0
	0.052081257287 728.15 2101000.0
	0.0533779109377 753.15 2101000.0
	0.0546612286009 778.15 2101000.0
	0.0559319346713 803.15 2101000.0
	0.0571907052791 828.15 2101000.0
	0.0584381721591 853.15 2101000.0
	0.059674926191 878.15 2101000.0
	0.0609015206312 903.15 2101000.0
	0.0621184740621 928.15 2101000.0
	0.0633262730811 953.15 2101000.0
	0.0645253747521 978.15 2101000.0
	0.0657162088421 1003.15 2101000.0
	0.0668991798615 1028.15 2101000.0
	0.0680746689272 1053.15 2101000.0
	0.0692430354646 1078.15 2101000.0
	0.0704046187649 1103.15 2101000.0
	0.0715597394099 1128.15 2101000.0
	0.0727087005778 1153.15 2101000.0
	0.0738517892414 1178.15 2101000.0
	0.0749892772669 1203.15 2101000.0
	0.0235203931849 253.15 2201000.0
	0.025284625741 278.15 2201000.0
	0.0270155577486 303.15 2201000.0
	0.0287115530974 328.15 2201000.0
	0.030372742384 353.15 2201000.0
	0.0320001446974 378.15 2201000.0
	0.0335952138585 403.15 2201000.0
	0.0351595941154 428.15 2201000.0
	0.0366949855976 453.15 2201000.0
	0.0382030698844 478.15 2201000.0
	0.0396854695716 503.15 2201000.0
	0.041143727487 528.15 2201000.0
	0.0425792974056 553.15 2201000.0
	0.0439935415027 578.15 2201000.0
	0.0453877317168 603.15 2201000.0
	0.0467630533085 628.15 2201000.0
	0.0481206095769 653.15 2201000.0
	0.0494614270967 678.15 2201000.0
	0.0507864610925 703.15 2201000.0
	0.0520966007211 728.15 2201000.0
	0.0533926741305 753.15 2201000.0
	0.0546754532248 778.15 2201000.0
	0.0559456581047 803.15 2201000.0
	0.0572039611733 828.15 2201000.0
	0.0584509909156 853.15 2201000.0
	0.0596873353644 878.15 2201000.0
	0.0609135452721 903.15 2201000.0
	0.0621301370097 928.15 2201000.0
	0.0633375952147 953.15 2201000.0
	0.0645363752079 978.15 2201000.0
	0.0657269052012 1003.15 2201000.0
	0.0669095883126 1028.15 2201000.0
	0.0680848044093 1053.15 2201000.0
	0.0692529117918 1078.15 2201000.0
	0.0704142487359 1103.15 2201000.0
	0.0715691349047 1128.15 2201000.0
	0.072717872643 1153.15 2201000.0
	0.073860748166 1178.15 2201000.0
	0.0749980326499 1203.15 2201000.0
	0.0235782657866 253.15 2301000.0
	0.0253353383058 278.15 2301000.0
	0.0270606823992 303.15 2301000.0
	0.0287521888827 328.15 2301000.0
	0.0304096906589 353.15 2301000.0
	0.0320340090268 378.15 2301000.0
	0.0336264607572 403.15 2301000.0
	0.0351885918967 428.15 2301000.0
	0.0367220302509 453.15 2301000.0
	0.0382284028969 478.15 2301000.0
	0.0397092905495 503.15 2301000.0
	0.0411662033083 528.15 2301000.0
	0.0426005689942 553.15 2301000.0
	0.0440137289336 578.15 2301000.0
	0.0454069381226 603.15 2301000.0
	0.0467813679123 628.15 2301000.0
	0.0481381100756 653.15 2301000.0
	0.0494781815553 678.15 2301000.0
	0.0508025294654 703.15 2301000.0
	0.0521120360846 728.15 2301000.0
	0.0534075236907 753.15 2301000.0
	0.0546897591475 778.15 2301000.0
	0.0559594582045 803.15 2301000.0
	0.0572172894887 828.15 2301000.0
	0.058463878193 853.15 2301000.0
	0.0596998094664 878.15 2301000.0
	0.0609256315255 903.15 2301000.0
	0.0621418585022 928.15 2301000.0
	0.0633489730498 953.15 2301000.0
	0.0645474287246 978.15 2301000.0
	0.0657376521642 1003.15 2301000.0
	0.0669200450777 1028.15 2301000.0
	0.0680949860678 1053.15 2301000.0
	0.0692628322967 1078.15 2301000.0
	0.070423921013 1103.15 2301000.0
	0.0715785709504 1128.15 2301000.0
	0.0727270836111 1153.15 2301000.0
	0.073869744444 1178.15 2301000.0
	0.0750068239275 1203.15 2301000.0
	0.0236367974463 253.15 2401000.0
	0.0253865912574 278.15 2401000.0
	0.0271062620484 303.15 2401000.0
	0.0287932151685 328.15 2401000.0
	0.030446978978 353.15 2401000.0
	0.0320681728764 378.15 2401000.0
	0.0336579739563 403.15 2401000.0
	0.0352178282968 428.15 2401000.0
	0.0367492901442 453.15 2401000.0
	0.0382539311817 478.15 2401000.0
	0.039733289581 503.15 2401000.0
	0.0411888422117 528.15 2401000.0
	0.0426219905527 553.15 2401000.0
	0.0440340547763 578.15 2401000.0
	0.0454262726936 603.15 2401000.0
	0.0467998015505 628.15 2401000.0
	0.0481557214337 653.15 2401000.0
	0.0494950395229 678.15 2401000.0
	0.0508186947122 703.15 2401000.0
	0.0521275623111 728.15 2401000.0
	0.0534224586501 753.15 2401000.0
	0.0547041454878 778.15 2401000.0
	0.0559733341663 803.15 2401000.0
	0.0572306894893 828.15 2401000.0
	0.0584768333158 853.15 2401000.0
	0.0597123478759 878.15 2401000.0
	0.0609377788191 903.15 2401000.0
	0.0621536380113 928.15 2401000.0
	0.0633604060976 953.15 2401000.0
	0.0645585348491 978.15 2401000.0
	0.0657484493104 1003.15 2401000.0
	0.0669305497656 1028.15 2401000.0
	0.0681052135382 1053.15 2401000.0
	0.0692727966391 1078.15 2401000.0
	0.0704336352783 1103.15 2401000.0
	0.0715880472497 1128.15 2401000.0
	0.0727363332034 1153.15 2401000.0
	0.0738787778138 1178.15 2401000.0
	0.075015650854 1203.15 2401000.0
	0.0236959704661 253.15 2501000.0
	0.0254383704927 278.15 2501000.0
	0.0271522853223 303.15 2501000.0
	0.028834622665 328.15 2501000.0
	0.0304845996631 353.15 2501000.0
	0.0321026298306 378.15 2501000.0
	0.0336897480424 403.15 2501000.0
	0.0352472987072 428.15 2501000.0
	0.0367767613233 453.15 2501000.0
	0.0382796513212 478.15 2501000.0
	0.0397574636932 503.15 2501000.0
	0.0412116415954 528.15 2501000.0
	0.0426435597915 553.15 2501000.0
	0.044054517006 578.15 2501000.0
	0.0454457336309 603.15 2501000.0
	0.0468183526177 628.15 2501000.0
	0.048173442213 653.15 2501000.0
	0.0495119997063 678.15 2501000.0
	0.050834955666 703.15 2501000.0
	0.0521431783443 728.15 2501000.0
	0.0534374780497 753.15 2501000.0
	0.0547186113721 778.15 2501000.0
	0.0559872851927 803.15 2501000.0
	0.0572441604449 828.15 2501000.0
	0.0584898556142 853.15 2501000.0
	0.0597249499769 878.15 2501000.0
	0.0609499865853 903.15 2501000.0
	0.0621654750127 928.15 2501000.0
	0.0633718938731 953.15 2501000.0
	0.0645696931316 978.15 2501000.0
	0.0657592962222 1003.15 2501000.0
	0.0669411019878 1028.15 2501000.0
	0.0681154864584 1053.15 2501000.0
	0.0692828044813 1078.15 2501000.0
	0.0704433912162 1103.15 2501000.0
	0.0715975635072 1128.15 2501000.0
	0.0727456211432 1153.15 2501000.0
	0.0738878480158 1178.15 2501000.0
	0.0750245131854 1203.15 2501000.0
	0.0237557674909 253.15 2601000.0
	0.0254906621675 278.15 2601000.0
	0.0271987410461 303.15 2601000.0
	0.0288764022384 328.15 2601000.0
	0.0305225451592 353.15 2601000.0
	0.0321373735722 378.15 2601000.0
	0.0337217776815 403.15 2601000.0
	0.0352769985847 428.15 2601000.0
	0.0368044398876 453.15 2601000.0
	0.0383055599425 478.15 2601000.0
	0.0397818099502 503.15 2601000.0
	0.0412345988891 528.15 2601000.0
	0.0426652744479 553.15 2601000.0
	0.0440751136208 578.15 2601000.0
	0.0454653191551 603.15 2601000.0
	0.0468370195256 628.15 2601000.0
	0.0481912709901 653.15 2601000.0
	0.0495290608249 678.15 2601000.0
	0.0508513111712 703.15 2601000.0
	0.0521588831377 728.15 2601000.0
	0.0534525809389 753.15 2601000.0
	0.0547331559348 778.15 2601000.0
	0.0560013104929 803.15 2601000.0
	0.0572577016315 828.15 2601000.0
	0.0585029444238 853.15 2601000.0
	0.0597376151583 878.15 2601000.0
	0.0609622542606 903.15 2601000.0
	0.0621773689859 928.15 2601000.0
	0.0633834358944 953.15 2601000.0
	0.0645809031255 978.15 2601000.0
	0.0657701924847 1003.15 2601000.0
	0.0669517013582 1028.15 2601000.0
	0.0681258044688 1053.15 2601000.0
	0.0692928554875 1078.15 2601000.0
	0.0704531885129 1103.15 2601000.0
	0.0716071194292 1128.15 2601000.0
	0.0727549471551 1153.15 2601000.0
	0.0738969547917 1178.15 2601000.0
	0.075033410679 1203.15 2601000.0
	0.0238161715097 253.15 2701000.0
	0.0255434526961 278.15 2701000.0
	0.0272456182438 303.15 2701000.0
	0.0289185449095 328.15 2701000.0
	0.0305608080335 353.15 2701000.0
	0.0321723978821 378.15 2701000.0
	0.0337540576194 403.15 2701000.0
	0.0353069234511 428.15 2701000.0
	0.03683232199 453.15 2701000.0
	0.0383316537171 478.15 2701000.0
	0.0398063254537 503.15 2701000.0
	0.0412577115538 528.15 2701000.0
	0.0426871322858 553.15 2701000.0
	0.0440958426415 578.15 2701000.0
	0.0454850275063 603.15 2701000.0
	0.0468558007027 628.15 2701000.0
	0.0482092063561 653.15 2701000.0
	0.0495462216113 678.15 2701000.0
	0.0508677600832 703.15 2701000.0
	0.0521746756545 728.15 2701000.0
	0.053467766376 753.15 2701000.0
	0.0547477783178 778.15 2701000.0
	0.0560154092831 803.15 2701000.0
	0.0572713123314 828.15 2701000.0
	0.0585160990855 853.15 2701000.0
	0.0597503428135 878.15 2701000.0
	0.060974581286 903.15 2701000.0
	0.0621893194145 928.15 2701000.0
	0.0633950316835 953.15 2701000.0
	0.0645921643874 978.15 2701000.0
	0.0657811376861 1003.15 2701000.0
	0.0669623474937 1028.15 2701000.0
	0.0681361672123 1053.15 2701000.0
	0.0693029493244 1078.15 2701000.0
	0.0704630268567 1103.15 2701000.0
	0.0716167147239 1128.15 2701000.0
	0.0727643109658 1153.15 2701000.0
	0.0739060978848 1178.15 2701000.0
	0.0750423430937 1203.15 2701000.0
	0.0238771658567 253.15 2801000.0
	0.0255967287515 278.15 2801000.0
	0.027292906137 303.15 2801000.0
	0.0289610418532 328.15 2801000.0
	0.030599380975 353.15 2801000.0
	0.0322076966384 378.15 2801000.0
	0.0337865826801 403.15 2801000.0
	0.0353370688921 428.15 2801000.0
	0.0368604038362 453.15 2801000.0
	0.0383579293607 478.15 2801000.0
	0.0398310073421 503.15 2801000.0
	0.0412809770816 528.15 2801000.0
	0.0427091310956 553.15 2801000.0
	0.0441167021115 578.15 2801000.0
	0.0455048569441 603.15 2801000.0
	0.0468746945942 628.15 2801000.0
	0.0482272469167 653.15 2801000.0
	0.0495634808103 678.15 2801000.0
	0.0508843012684 703.15 2801000.0
	0.0521905548679 728.15 2801000.0
	0.0534830334275 753.15 2801000.0
	0.0547624776704 778.15 2801000.0
	0.0560295807861 803.15 2801000.0
	0.0572849918326 828.15 2801000.0
	0.0585293189457 853.15 2801000.0
	0.0597631323412 878.15 2801000.0
	0.0609869671066 903.15 2801000.0
	0.0622013257857 928.15 2801000.0
	0.0634066807658 953.15 2801000.0
	0.0646034764771 978.15 2801000.0
	0.0657921314174 1003.15 2801000.0
	0.0669730400136 1028.15 2801000.0
	0.0681465743339 1053.15 2801000.0
	0.0693130856607 1078.15 2801000.0
	0.0704729059379 1103.15 2801000.0
	0.0716263491014 1128.15 2801000.0
	0.0727737123034 1153.15 2801000.0
	0.0739152770399 1178.15 2801000.0
	0.0750513101896 1203.15 2801000.0
	0.0239387342127 253.15 2901000.0
	0.0256504772647 278.15 2901000.0
	0.0273405941442 303.15 2901000.0
	0.0290038843972 328.15 2901000.0
	0.0306382567933 353.15 2901000.0
	0.0322432638156 378.15 2901000.0
	0.0338193477656 403.15 2901000.0
	0.0353674305571 428.15 2901000.0
	0.0368886816846 453.15 2901000.0
	0.0383843836321 478.15 2901000.0
	0.0398558527902 503.15 2901000.0
	0.0413043929956 528.15 2901000.0
	0.0427312686935 553.15 2901000.0
	0.0441376900964 578.15 2901000.0
	0.045524805747 603.15 2901000.0
	0.046893699662 628.15 2901000.0
	0.048245391292 653.15 2901000.0
	0.0495808371795 678.15 2901000.0
	0.0509009336045 703.15 2901000.0
	0.0522065197603 728.15 2901000.0
	0.0534983811686 753.15 2901000.0
	0.0547772531497 778.15 2901000.0
	0.0560438242314 803.15 2901000.0
	0.0572987394291 828.15 2901000.0
	0.058542603356 853.15 2901000.0
	0.0597759831446 878.15 2901000.0
	0.0609994111721 903.15 2901000.0
	0.0622133875909 928.15 2901000.0
	0.0634183826702 953.15 2901000.0
	0.0646148389576 978.15 2901000.0
	0.0658031732723 1003.15 2901000.0
	0.0669837785398 1028.15 2901000.0
	0.0681570254812 1053.15 2901000.0
	0.0693232641672 1078.15 2901000.0
	0.0704828254489 1103.15 2901000.0
	0.0716360222736 1128.15 2901000.0
	0.0727831508977 1153.15 2901000.0
	0.0739244920034 1178.15 2901000.0
	0.0750603117283 1203.15 2901000.0
	0.0240008606054 253.15 3001000.0
	0.0257046854242 278.15 3001000.0
	0.0273886718801 303.15 3001000.0
	0.0290470640216 328.15 3001000.0
	0.0306774284177 353.15 3001000.0
	0.0322790934839 378.15 3001000.0
	0.0338523478554 403.15 3001000.0
	0.0353980041587 428.15 3001000.0
	0.0369171518454 453.15 3001000.0
	0.0384110133339 478.15 3001000.0
	0.0398808590091 503.15 3001000.0
	0.0413279568491 528.15 3001000.0
	0.042753542922 553.15 3001000.0
	0.044158804684 578.15 3001000.0
	0.0455448722128 603.15 3001000.0
	0.0469128143842 628.15 3001000.0
	0.0482636381161 653.15 3001000.0
	0.0495982894887 678.15 3001000.0
	0.0509176559797 703.15 3001000.0
	0.052222569324 728.15 3001000.0
	0.0535138086831 753.15 3001000.0
	0.0547921039202 778.15 3001000.0
	0.0560581388551 803.15 3001000.0
	0.0573125544209 828.15 3001000.0
	0.0585559516734 853.15 3001000.0
	0.0597888946316 878.15 3001000.0
	0.0610119129362 903.15 3001000.0
	0.0622255043251 928.15 3001000.0
	0.063430136929 953.15 3001000.0
	0.064626251395 978.15 3001000.0
	0.0658142628476 1003.15 3001000.0
	0.0669945626969 1028.15 3001000.0
	0.0681675203041 1053.15 3001000.0
	0.0693334845172 1078.15 3001000.0
	0.0704927850838 1103.15 3001000.0
	0.071645733954 1128.15 3001000.0
	0.0727926264802 1153.15 3001000.0
	0.0739337425232 1178.15 3001000.0
	0.0750693474729 1203.15 3001000.0
	0.0240635294106 253.15 3101000.0
	0.0257593406757 278.15 3101000.0
	0.0274371291544 303.15 3101000.0
	0.0290905723573 328.15 3101000.0
	0.0307168888968 353.15 3101000.0
	0.0323151798085 378.15 3101000.0
	0.0338855780055 403.15 3101000.0
	0.035428785472 428.15 3101000.0
	0.0369458106804 453.15 3101000.0
	0.0384378153112 478.15 3101000.0
	0.0399060232459 503.15 3101000.0
	0.0413516662259 528.15 3101000.0
	0.0427759516493 553.15 3101000.0
	0.0441800439843 578.15 3101000.0
	0.0455650546581 603.15 3101000.0
	0.0469320372553 628.15 3101000.0
	0.0482819860377 653.15 3101000.0
	0.0496158365203 678.15 3101000.0
	0.0509344672931 703.15 3101000.0
	0.0522387025608 728.15 3101000.0
	0.053529315063 753.15 3101000.0
	0.0548070291536 778.15 3101000.0
	0.0560725239001 803.15 3101000.0
	0.0573264361138 828.15 3101000.0
	0.05856936326 853.15 3101000.0
	0.0598018662149 878.15 3101000.0
	0.0610244718571 903.15 3101000.0
	0.0622376754873 928.15 3101000.0
	0.063441943078 953.15 3101000.0
	0.0646377133584 978.15 3101000.0
	0.0658253997429 1003.15 3101000.0
	0.0670053921119 1028.15 3101000.0
	0.0681780584549 1053.15 3101000.0
	0.0693437463857 1078.15 3101000.0
	0.0705027845389 1103.15 3101000.0
	0.0716554838583 1128.15 3101000.0
	0.0728021387842 1153.15 3101000.0
	0.0739430283488 1178.15 3101000.0
	0.0750784171878 1203.15 3101000.0
	0.0241267253527 253.15 3201000.0
	0.0258144307214 278.15 3201000.0
	0.0274859559712 303.15 3201000.0
	0.0291344011857 328.15 3201000.0
	0.030756631397 353.15 3201000.0
	0.0323515170486 378.15 3201000.0
	0.033919033348 403.15 3201000.0
	0.0354597703343 428.15 3201000.0
	0.0369746546025 453.15 3201000.0
	0.0384647864516 478.15 3201000.0
	0.0399313427831 503.15 3201000.0
	0.0413755187397 528.15 3201000.0
	0.0427984927688 553.15 3201000.0
	0.0442014061286 578.15 3201000.0
	0.0455853514182 603.15 3201000.0
	0.0469513667861 628.15 3201000.0
	0.0483004337191 653.15 3201000.0
	0.0496334770688 678.15 3201000.0
	0.0509513664547 703.15 3201000.0
	0.0522549184817 728.15 3201000.0
	0.0535448994085 753.15 3201000.0
	0.0548220280294 778.15 3201000.0
	0.0560869786155 803.15 3201000.0
	0.0573403838196 828.15 3201000.0
	0.0585828374833 853.15 3201000.0
	0.0598148973118 878.15 3201000.0
	0.0610370873968 903.15 3201000.0
	0.0622499005801 928.15 3201000.0
	0.0634538006566 953.15 3201000.0
	0.0646492244203 978.15 3201000.0
	0.0658365835605 1003.15 3201000.0
	0.0670162664146 1028.15 3201000.0
	0.0681886395882 1053.15 3201000.0
	0.0693540494501 1078.15 3201000.0
	0.0705128235123 1103.15 3201000.0
	0.0716652717036 1128.15 3201000.0
	0.0728116875443 1153.15 3201000.0
	0.0739523492311 1178.15 3201000.0
	0.0750875206387 1203.15 3201000.0
	0.0241904335046 253.15 3301000.0
	0.0258699435189 278.15 3301000.0
	0.0275351425276 303.15 3301000.0
	0.0291785424372 328.15 3301000.0
	0.030796649202 353.15 3301000.0
	0.0323880995571 378.15 3301000.0
	0.0339527090904 403.15 3301000.0
	0.0354909546443 428.15 3301000.0
	0.0370036800754 453.15 3301000.0
	0.038491923685 478.15 3301000.0
	0.0399568149387 503.15 3301000.0
	0.0413995120342 528.15 3301000.0
	0.0428211641994 553.15 3301000.0
	0.0442228892704 578.15 3301000.0
	0.045605760847 603.15 3301000.0
	0.0469708015033 628.15 3301000.0
	0.0483189798368 653.15 3301000.0
	0.0496512099409 678.15 3301000.0
	0.050968352385 703.15 3301000.0
	0.0522712161072 728.15 3301000.0
	0.0535605608284 753.15 3301000.0
	0.054837099734 778.15 3301000.0
	0.0561015022572 803.15 3301000.0
	0.0573543968556 828.15 3301000.0
	0.0585963737159 853.15 3301000.0
	0.0598279873444 878.15 3301000.0
	0.0610497590219 903.15 3301000.0
	0.06226217911 928.15 3301000.0
	0.0634657092072 953.15 3301000.0
	0.064660784156 978.15 3301000.0
	0.0658478139056 1003.15 3301000.0
	0.0670271852373 1028.15 3301000.0
	0.0681992633609 1053.15 3301000.0
	0.0693643933899 1078.15 3301000.0
	0.0705229017042 1103.15 3301000.0
	0.0716750972091 1128.15 3301000.0
	0.0728212724971 1153.15 3301000.0
	0.0739617049225 1178.15 3301000.0
	0.075096657593 1203.15 3301000.0
	0.0242546392879 253.15 3401000.0
	0.0259258672811 278.15 3401000.0
	0.0275846792131 303.15 3401000.0
	0.0292229881904 328.15 3401000.0
	0.0308369357118 353.15 3401000.0
	0.0324249217794 378.15 3401000.0
	0.0339866005148 403.15 3401000.0
	0.0355223343615 428.15 3401000.0
	0.037032883613 453.15 3401000.0
	0.0385192239828 478.15 3401000.0
	0.0399824370654 503.15 3401000.0
	0.0414236437824 528.15 3401000.0
	0.0428439638851 553.15 3401000.0
	0.0442444915841 578.15 3401000.0
	0.0456262813168 603.15 3401000.0
	0.0469903399494 628.15 3401000.0
	0.0483376230809 653.15 3401000.0
	0.0496690339551 678.15 3401000.0
	0.0509854240151 703.15 3401000.0
	0.0522875944672 728.15 3401000.0
	0.0535762984393 753.15 3401000.0
	0.0548522434613 778.15 3401000.0
	0.0561160940875 803.15 3401000.0
	0.0573684745451 828.15 3401000.0
	0.0586099713354 853.15 3401000.0
	0.0598411357393 878.15 3401000.0
	0.061062486203 903.15 3401000.0
	0.0622745105872 928.15 3401000.0
	0.063477668276 953.15 3401000.0
	0.064672392144 978.15 3401000.0
	0.065859090386 1003.15 3401000.0
	0.0670381482145 1028.15 3401000.0
	0.0682099294321 1053.15 3401000.0
	0.0693747778866 1078.15 3401000.0
	0.0705330188166 1103.15 3401000.0
	0.0716849600954 1128.15 3401000.0
	0.0728308933806 1153.15 3401000.0
	0.0739710951769 1178.15 3401000.0
	0.0751058278191 1203.15 3401000.0
	0.0243193284731 253.15 3501000.0
	0.0259821904745 278.15 3501000.0
	0.0276345566079 303.15 3501000.0
	0.0292677306711 328.15 3501000.0
	0.0308774844418 353.15 3501000.0
	0.0324619782526 378.15 3501000.0
	0.0340207029777 403.15 3501000.0
	0.0355539055061 428.15 3501000.0
	0.0370622617788 453.15 3501000.0
	0.0385466843581 478.15 3501000.0
	0.0400082065507 503.15 3501000.0
	0.0414479116866 528.15 3501000.0
	0.0428668897947 553.15 3501000.0
	0.0442662112657 578.15 3501000.0
	0.0456469112181 603.15 3501000.0
	0.0470099806831 628.15 3501000.0
	0.0483563621556 653.15 3501000.0
	0.0496869479423 678.15 3501000.0
	0.0510025802865 703.15 3501000.0
	0.0523040526005 728.15 3501000.0
	0.0535921113662 753.15 3501000.0
	0.0548674584123 778.15 3501000.0
	0.0561307533749 803.15 3501000.0
	0.0573826162171 828.15 3501000.0
	0.0586236297248 853.15 3501000.0
	0.0598543419277 878.15 3501000.0
	0.0610752684146 903.15 3501000.0
	0.0622868945255 928.15 3501000.0
	0.0634896774122 953.15 3501000.0
	0.0646840479658 978.15 3501000.0
	0.0658704126126 1003.15 3501000.0
	0.0670491549838 1028.15 3501000.0
	0.0682206374635 1053.15 3501000.0
	0.069385202624 1078.15 3501000.0
	0.0705431745535 1103.15 3501000.0
	0.0716948600852 1128.15 3501000.0
	0.0728405499345 1153.15 3501000.0
	0.0739805197499 1178.15 3501000.0
	0.0751150310869 1203.15 3501000.0
	0.0243844871792 253.15 3601000.0
	0.0260389018186 278.15 3601000.0
	0.0276847654825 303.15 3601000.0
	0.029312762251 328.15 3601000.0
	0.0309182890218 353.15 3601000.0
	0.0324992636052 378.15 3601000.0
	0.0340550119087 403.15 3601000.0
	0.0355856641581 428.15 3601000.0
	0.0370918111858 453.15 3601000.0
	0.0385743018646 478.15 3601000.0
	0.0400341208165 503.15 3601000.0
	0.0414723134781 528.15 3601000.0
	0.0428899399216 553.15 3601000.0
	0.044288046532 578.15 3601000.0
	0.0456676489597 603.15 3601000.0
	0.0470297222783 628.15 3601000.0
	0.0483751957781 653.15 3601000.0
	0.0497049507449 678.15 3601000.0
	0.0510198201511 703.15 3601000.0
	0.0523205895552 728.15 3601000.0
	0.0536079987421 753.15 3601000.0
	0.0548827437951 778.15 3601000.0
	0.0561454793945 803.15 3601000.0
	0.0573968212061 828.15 3601000.0
	0.058637348272 853.15 3601000.0
	0.0598676053454 878.15 3601000.0
	0.0610881051357 903.15 3601000.0
	0.0622993304427 928.15 3601000.0
	0.0635017361687 953.15 3601000.0
	0.0646957512059 978.15 3601000.0
	0.0658817801987 1003.15 3601000.0
	0.0670602051847 1028.15 3601000.0
	0.0682313871188 1053.15 3601000.0
	0.0693956672877 1078.15 3601000.0
	0.0705533686206 1103.15 3601000.0
	0.0717047969029 1128.15 3601000.0
	0.0728502419 1153.15 3601000.0
	0.0739899783982 1178.15 3601000.0
	0.0751242671679 1203.15 3601000.0
	0.0244501018731 253.15 3701000.0
	0.0260959902848 278.15 3701000.0
	0.0277352967957 303.15 3701000.0
	0.0293580754468 328.15 3701000.0
	0.0309593431952 353.15 3701000.0
	0.0325367725556 378.15 3701000.0
	0.0340895228102 403.15 3701000.0
	0.0356176064568 428.15 3701000.0
	0.0371215284957 453.15 3701000.0
	0.0386020735969 478.15 3701000.0
	0.0400601773187 503.15 3701000.0
	0.0414968469169 528.15 3701000.0
	0.0429131122836 553.15 3701000.0
	0.044309995621 578.15 3701000.0
	0.0456884929681 603.15 3701000.0
	0.0470495633246 628.15 3701000.0
	0.0483941226797 653.15 3701000.0
	0.0497230412172 678.15 3701000.0
	0.0510371425712 703.15 3701000.0
	0.0523372043887 728.15 3701000.0
	0.0536239597081 753.15 3701000.0
	0.0548980988252 778.15 3701000.0
	0.0561602714277 803.15 3701000.0
	0.0574110888525 828.15 3701000.0
	0.0586511263699 853.15 3701000.0
	0.0598809254326 878.15 3701000.0
	0.0611009958491 903.15 3701000.0
	0.06231181786 928.15 3701000.0
	0.0635138441015 953.15 3701000.0
	0.0647075014519 978.15 3701000.0
	0.0658931927606 1003.15 3701000.0
	0.0670712984596 1028.15 3701000.0
	0.068242178064 1053.15 3701000.0
	0.0694061715657 1078.15 3701000.0
	0.0705636007259 1103.15 3701000.0
	0.0717147702744 1128.15 3701000.0
	0.07285996902 1153.15 3701000.0
	0.0739994708803 1178.15 3701000.0
	0.0751335358346 1203.15 3701000.0
	0.0245161593688 253.15 3801000.0
	0.0261534450951 278.15 3801000.0
	0.0277861416939 303.15 3801000.0
	0.0294036629191 328.15 3801000.0
	0.0310006408177 353.15 3801000.0
	0.032574499912 378.15 3801000.0
	0.034124231257 403.15 3801000.0
	0.0356497286002 428.15 3801000.0
	0.0371514104189 453.15 3801000.0
	0.0386299966897 478.15 3801000.0
	0.0400863735469 503.15 3801000.0
	0.0415215097915 528.15 3801000.0
	0.0429364049228 553.15 3801000.0
	0.044332056791 578.15 3801000.0
	0.0457094416878 603.15 3801000.0
	0.0470695024271 628.15 3801000.0
	0.0484131416045 653.15 3801000.0
	0.0497412182252 678.15 3801000.0
	0.0510545465193 703.15 3801000.0
	0.0523538961671 728.15 3801000.0
	0.053639993413 753.15 3801000.0
	0.0549135227247 778.15 3801000.0
	0.0561751287619 803.15 3801000.0
	0.057425418502 828.15 3801000.0
	0.0586649634166 853.15 3801000.0
	0.0598943016341 878.15 3801000.0
	0.0611139400417 903.15 3801000.0
	0.0623243563024 928.15 3801000.0
	0.0635260007699 953.15 3801000.0
	0.0647192982944 978.15 3801000.0
	0.0659046499171 1003.15 3801000.0
	0.0670824344532 1028.15 3801000.0
	0.0682530099676 1053.15 3801000.0
	0.0694167151477 1078.15 3801000.0
	0.0705738705789 1103.15 3801000.0
	0.0717247799275 1128.15 3801000.0
	0.0728697310391 1153.15 3801000.0
	0.0740089969559 1178.15 3801000.0
	0.0751428368611 1203.15 3801000.0
	0.024582646827 253.15 3901000.0
	0.0262112557205 278.15 3901000.0
	0.0278372915098 303.15 3901000.0
	0.029449517471 328.15 3901000.0
	0.0310421758569 353.15 3901000.0
	0.0326124405711 378.15 3901000.0
	0.0341591328951 403.15 3901000.0
	0.0356820268448 428.15 3901000.0
	0.0371814537135 453.15 3901000.0
	0.0386580683177 478.15 3901000.0
	0.040112707024 503.15 3901000.0
	0.0415462999186 528.15 3901000.0
	0.0429598159052 553.15 3901000.0
	0.0443542283212 578.15 3901000.0
	0.0457304935808 603.15 3901000.0
	0.0470895382059 628.15 3901000.0
	0.0484322513104 653.15 3901000.0
	0.0497594806464 678.15 3901000.0
	0.0510720309781 703.15 3901000.0
	0.0523706639654 728.15 3901000.0
	0.0536560990138 753.15 3901000.0
	0.0549290147231 778.15 3901000.0
	0.0561900506912 803.15 3901000.0
	0.057439809506 828.15 3901000.0
	0.0586788588149 853.15 3901000.0
	0.0599077333991 878.15 3901000.0
	0.0611269372044 903.15 3901000.0
	0.0623369452983 928.15 3901000.0
	0.0635382057364 953.15 3901000.0
	0.0647311413268 978.15 3901000.0
	0.0659161512899 1003.15 3901000.0
	0.0670936128127 1028.15 3901000.0
	0.0682638825 1053.15 3901000.0
	0.0694272977258 1078.15 3901000.0
	0.0705841778911 1103.15 3901000.0
	0.0717348255918 1128.15 3901000.0
	0.0728795277032 1153.15 3901000.0
	0.0740185563865 1178.15 3901000.0
	0.0751521700227 1203.15 3901000.0
	0.0246495517535 253.15 4001000.0
	0.0262694118804 278.15 4001000.0
	0.0278887377608 303.15 4001000.0
	0.0294956320473 328.15 4001000.0
	0.0310839423907 353.15 4001000.0
	0.0326505895176 378.15 4001000.0
	0.0341942234413 403.15 4001000.0
	0.0357144975045 428.15 4001000.0
	0.0372116551854 453.15 4001000.0
	0.0386862856951 478.15 4001000.0
	0.0401391753064 503.15 4001000.0
	0.041571215143 528.15 4001000.0
	0.0429833433206 553.15 4001000.0
	0.0443765085108 578.15 4001000.0
	0.0457516471267 603.15 4001000.0
	0.0471096692966 628.15 4001000.0
	0.0484514505681 653.15 4001000.0
	0.0497778273699 678.15 4001000.0
	0.0510895949401 703.15 4001000.0
	0.0523875068678 728.15 4001000.0
	0.0536722756752 753.15 4001000.0
	0.0549445740566 778.15 4001000.0
	0.0562050365155 803.15 4001000.0
	0.0574542612215 828.15 4001000.0
	0.0586928119728 853.15 4001000.0
	0.0599212201815 878.15 4001000.0
	0.0611399868322 903.15 4001000.0
	0.0623495843801 928.15 4001000.0
	0.0635504585671 953.15 4001000.0
	0.0647430301457 978.15 4001000.0
	0.0659276965032 1003.15 4001000.0
	0.0671048331878 1028.15 4001000.0
	0.068274795334 1053.15 4001000.0
	0.0694379189938 1078.15 4001000.0
	0.070594522376 1103.15 4001000.0
	0.0717449069985 1128.15 4001000.0
	0.07288935876 1153.15 4001000.0
	0.0740281489346 1178.15 4001000.0
	0.0751615350961 1203.15 4001000.0
	0.0247168619984 253.15 4101000.0
	0.0263279035402 278.15 4101000.0
	0.0279404721476 303.15 4101000.0
	0.0295419997331 328.15 4101000.0
	0.0311259346068 353.15 4101000.0
	0.0326889418232 378.15 4101000.0
	0.0342294986827 403.15 4101000.0
	0.0357471369507 428.15 4101000.0
	0.0372420116873 453.15 4101000.0
	0.0387146460752 478.15 4101000.0
	0.0401657759829 503.15 4101000.0
	0.041596253337 528.15 4101000.0
	0.0430069852823 553.15 4101000.0
	0.0443988956795 578.15 4101000.0
	0.0457729008225 603.15 4101000.0
	0.0471298943494 628.15 4101000.0
	0.0484707381614 653.15 4101000.0
	0.0497962572961 678.15 4101000.0
	0.0511072374083 703.15 4101000.0
	0.0524044239671 728.15 4101000.0
	0.0536885225695 753.15 4101000.0
	0.0549601999685 778.15 4101000.0
	0.0562200855408 803.15 4101000.0
	0.0574687730109 828.15 4101000.0
	0.0587068223031 853.15 4101000.0
	0.0599347614391 878.15 4101000.0
	0.0611530884238 903.15 4101000.0
	0.0623622730833 928.15 4101000.0
	0.063562758831 953.15 4101000.0
	0.0647549643503 978.15 4101000.0
	0.065939285184 1003.15 4101000.0
	0.0671160952305 1028.15 4101000.0
	0.0682857481447 1053.15 4101000.0
	0.0694485786479 1078.15 4101000.0
	0.0706049037488 1103.15 4101000.0
	0.0717550238805 1128.15 4101000.0
	0.0728992239586 1153.15 4101000.0
	0.0740377743646 1178.15 4101000.0
	0.0751709318593 1203.15 4101000.0
	0.0247845657543 253.15 4201000.0
	0.0263867209103 278.15 4201000.0
	0.0279924865533 303.15 4201000.0
	0.0295886137526 328.15 4201000.0
	0.0311681468015 353.15 4201000.0
	0.0327274926459 378.15 4201000.0
	0.0342649544756 403.15 4201000.0
	0.0357799416111 428.15 4201000.0
	0.0372725201189 453.15 4201000.0
	0.0387431467501 478.15 4201000.0
	0.0401925066751 503.15 4201000.0
	0.0416214124006 528.15 4201000.0
	0.0430307399273 553.15 4201000.0
	0.0444213881667 578.15 4201000.0
	0.0457942531823 603.15 4201000.0
	0.0471502120298 628.15 4201000.0
	0.0484901128873 653.15 4201000.0
	0.0498147693367 678.15 4201000.0
	0.0511249573951 703.15 4201000.0
	0.0524214143647 728.15 4201000.0
	0.0537048388772 753.15 4201000.0
	0.0549758917087 778.15 4201000.0
	0.0562351970796 803.15 4201000.0
	0.057483344242 828.15 4201000.0
	0.0587208892234 853.15 4201000.0
	0.0599483566345 878.15 4201000.0
	0.0611662414822 903.15 4201000.0
	0.0623750109473 928.15 4201000.0
	0.0635751061004 953.15 4201000.0
	0.0647669435431 978.15 4201000.0
	0.0659509169619 1003.15 4201000.0
	0.0671273985953 1028.15 4201000.0
	0.0682967406093 1053.15 4201000.0
	0.069459276386 1078.15 4201000.0
	0.0706153217265 1103.15 4201000.0
	0.0717651759724 1128.15 4201000.0
	0.0729091230499 1153.15 4201000.0
	0.0740474324419 1178.15 4201000.0
	0.0751803600916 1203.15 4201000.0
	0.0248526515547 253.15 4301000.0
	0.0264458544443 278.15 4301000.0
	0.0280447730413 303.15 4301000.0
	0.0296354674681 328.15 4301000.0
	0.0312105733788 353.15 4301000.0
	0.0327662372291 378.15 4301000.0
	0.0343005867455 403.15 4301000.0
	0.0358129079698 428.15 4301000.0
	0.0373031774257 453.15 4301000.0
	0.0387717850503 478.15 4301000.0
	0.0402193650367 503.15 4301000.0
	0.0416466902608 528.15 4301000.0
	0.0430546054152 553.15 4301000.0
	0.0444439843318 578.15 4301000.0
	0.0458157027373 603.15 4301000.0
	0.0471706210177 628.15 4301000.0
	0.0485095735552 653.15 4301000.0
	0.0498333624147 678.15 4301000.0
	0.051142753923 703.15 4301000.0
	0.0524384771709 728.15 4301000.0
	0.0537212237859 753.15 4301000.0
	0.0549916485342 778.15 4301000.0
	0.0562503704501 803.15 4301000.0
	0.0574979742881 828.15 4301000.0
	0.0587350121563 853.15 4301000.0
	0.0599620052345 878.15 4301000.0
	0.0611794455141 903.15 4301000.0
	0.0623877975149 928.15 4301000.0
	0.0635874999509 953.15 4301000.0
	0.0647789673292 978.15 4301000.0
	0.0659625914692 1003.15 4301000.0
	0.0671387429391 1028.15 4301000.0
	0.0683077724071 1053.15 4301000.0
	0.0694700119081 1078.15 4301000.0
	0.0706257760282 1103.15 4301000.0
	0.0717753630105 1128.15 4301000.0
	0.0729190557861 1153.15 4301000.0
	0.0740571229337 1178.15 4301000.0
	0.0751898195737 1203.15 4301000.0
	0.0249211082722 253.15 4401000.0
	0.0265052948374 278.15 4401000.0
	0.0280973238542 303.15 4401000.0
	0.0296825543783 328.15 4401000.0
	0.0312532088492 353.15 4401000.0
	0.0328051709009 378.15 4401000.0
	0.0343363914856 403.15 4401000.0
	0.0358460325663 428.15 4401000.0
	0.0373339805993 453.15 4401000.0
	0.0388005583444 478.15 4401000.0
	0.0402463487533 503.15 4401000.0
	0.0416720848717 528.15 4401000.0
	0.043078579929 553.15 4401000.0
	0.0444666825538 578.15 4401000.0
	0.0458372480355 603.15 4401000.0
	0.0471911200078 628.15 4401000.0
	0.0485291189876 653.15 4401000.0
	0.0498520354642 678.15 4401000.0
	0.0511606260243 703.15 4401000.0
	0.0524556115045 728.15 4401000.0
	0.0537376764913 753.15 4401000.0
	0.0550074697084 778.15 4401000.0
	0.0562656049765 803.15 4401000.0
	0.0575126625278 828.15 4401000.0
	0.058749190529 853.15 4401000.0
	0.0599757067102 878.15 4401000.0
	0.0611927000301 903.15 4401000.0
	0.0624006323324 928.15 4401000.0
	0.0635999399611 953.15 4401000.0
	0.0647910353168 978.15 4401000.0
	0.0659743083406 1003.15 4401000.0
	0.0671501279211 1028.15 4401000.0
	0.0683188432198 1053.15 4401000.0
	0.0694807849162 1078.15 4401000.0
	0.0706362663745 1103.15 4401000.0
	0.0717855847329 1128.15 4401000.0
	0.072929021921 1153.15 4401000.0
	0.0740668456084 1178.15 4401000.0
	0.0751993100876 1203.15 4401000.0
	0.0249899251165 253.15 4501000.0
	0.0265650330242 278.15 4501000.0
	0.0281501314121 303.15 4501000.0
	0.0297298681177 328.15 4501000.0
	0.0312960478289 353.15 4501000.0
	0.032844289073 378.15 4501000.0
	0.0343723647569 403.15 4501000.0
	0.035879311995 428.15 4501000.0
	0.0373649266765 453.15 4501000.0
	0.0388294640388 478.15 4501000.0
	0.0402734555422 503.15 4501000.0
	0.0416975942142 528.15 4501000.0
	0.0431026616743 553.15 4501000.0
	0.0444894812312 578.15 4501000.0
	0.045858887642 603.15 4501000.0
	0.0472117077095 628.15 4501000.0
	0.0485487480195 653.15 4501000.0
	0.0498707874302 678.15 4501000.0
	0.0511785727409 703.15 4501000.0
	0.0524728164928 728.15 4501000.0
	0.0537541961962 753.15 4501000.0
	0.0550233545017 778.15 4501000.0
	0.0562808999892 803.15 4501000.0
	0.0575274083449 828.15 4501000.0
	0.0587634237736 853.15 4501000.0
	0.059989460537 878.15 4501000.0
	0.0612060045447 903.15 4501000.0
	0.0624135149498 928.15 4501000.0
	0.063612425713 953.15 4501000.0
	0.0648031471167 978.15 4501000.0
	0.0659860672136 1003.15 4501000.0
	0.067161553203 1028.15 4501000.0
	0.068329952731 1053.15 4501000.0
	0.0694915951144 1078.15 4501000.0
	0.0706467924881 1103.15 4501000.0
	0.0717958408791 1128.15 4501000.0
	0.07293902121 1153.15 4501000.0
	0.0740766002358 1178.15 4501000.0
	0.0752088314164 1203.15 4501000.0
	0.025059091632 253.15 4601000.0
	0.0266250601771 278.15 4601000.0
	0.0282031883113 303.15 4601000.0
	0.0297774024546 328.15 4601000.0
	0.0313390850386 353.15 4601000.0
	0.0328835872403 378.15 4601000.0
	0.0344085026871 403.15 4601000.0
	0.0359127429049 428.15 4601000.0
	0.0373960127389 453.15 4601000.0
	0.0388584995769 478.15 4601000.0
	0.040300683152 503.15 4601000.0
	0.0417232162954 528.15 4601000.0
	0.0431268488792 553.15 4601000.0
	0.0445123787817 578.15 4601000.0
	0.0458806201382 603.15 4601000.0
	0.0472323828462 628.15 4601000.0
	0.0485684594984 653.15 4601000.0
	0.0498896172689 678.15 4601000.0
	0.0511965931242 703.15 4601000.0
	0.0524900912717 728.15 4601000.0
	0.0537707821112 753.15 4601000.0
	0.055039302191 778.15 4601000.0
	0.0562962548243 803.15 4601000.0
	0.0575422111288 828.15 4601000.0
	0.058777711327 853.15 4601000.0
	0.0600032661945 878.15 4601000.0
	0.0612193585762 903.15 4601000.0
	0.0624264449201 928.15 4601000.0
	0.0636249567914 953.15 4601000.0
	0.0648153023429 978.15 4601000.0
	0.0659978677284 1003.15 4601000.0
	0.0671730184487 1028.15 4601000.0
	0.0683411006267 1053.15 4601000.0
	0.0695024422085 1078.15 4601000.0
	0.0706573540932 1103.15 4601000.0
	0.0718061311904 1128.15 4601000.0
	0.0729490534101 1153.15 4601000.0
	0.0740863865873 1178.15 4601000.0
	0.0752183833448 1203.15 4601000.0
	0.0251285976955 253.15 4701000.0
	0.0266853677043 278.15 4701000.0
	0.0282564873223 303.15 4701000.0
	0.0298251512904 328.15 4701000.0
	0.0313823153025 353.15 4701000.0
	0.0329230609799 378.15 4701000.0
	0.03444480147 403.15 4701000.0
	0.0359463219989 428.15 4701000.0
	0.0374272359127 453.15 4701000.0
	0.0388876624396 478.15 4701000.0
	0.0403280293623 503.15 4701000.0
	0.041748949149 528.15 4701000.0
	0.0431511397941 553.15 4701000.0
	0.0445353736421 578.15 4701000.0
	0.045902444122 603.15 4701000.0
	0.0472531441559 628.15 4701000.0
	0.0485882522842 653.15 4701000.0
	0.0499085239471 678.15 4701000.0
	0.0512146862354 703.15 4701000.0
	0.0525074349853 728.15 4701000.0
	0.0537874334542 753.15 4701000.0
	0.0550553120599 778.15 4701000.0
	0.056311668824 803.15 4701000.0
	0.0575570702738 828.15 4701000.0
	0.0587920526307 853.15 4701000.0
	0.0600171231667 878.15 4701000.0
	0.0612327616467 903.15 4701000.0
	0.0624394218003 928.15 4701000.0
	0.0636375327845 953.15 4701000.0
	0.0648275006119 978.15 4701000.0
	0.0660097095274 1003.15 4701000.0
	0.0671845233247 1028.15 4701000.0
	0.0683522865949 1053.15 4701000.0
	0.0695133259065 1078.15 4701000.0
	0.0706679509161 1103.15 4701000.0
	0.0718164554098 1128.15 4701000.0
	0.0729591182794 1153.15 4701000.0
	0.0740962044354 1178.15 4701000.0
	0.0752279656585 1203.15 4701000.0
	0.0251984335135 253.15 4801000.0
	0.0267459472475 278.15 4801000.0
	0.0283100213882 303.15 4801000.0
	0.0298731086581 328.15 4801000.0
	0.0314257335476 353.15 4801000.0
	0.0329627059499 378.15 4801000.0
	0.0344812573649 403.15 4801000.0
	0.0359800460333 428.15 4801000.0
	0.037458593368 453.15 4801000.0
	0.0389169501438 478.15 4801000.0
	0.0403554919834 503.15 4801000.0
	0.0417747908343 528.15 4801000.0
	0.0431755326916 553.15 4801000.0
	0.0445584642683 578.15 4801000.0
	0.0459243582078 603.15 4801000.0
	0.0472739903906 628.15 4801000.0
	0.0486081252493 653.15 4801000.0
	0.0499275064426 678.15 4801000.0
	0.051232851145 703.15 4801000.0
	0.0525248467862 728.15 4801000.0
	0.0538041494506 753.15 4801000.0
	0.0550713833983 778.15 4801000.0
	0.0563271413361 803.15 4801000.0
	0.0575719851798 828.15 4801000.0
	0.0588064471309 853.15 4801000.0
	0.0600310309416 878.15 4801000.0
	0.0612462132821 903.15 4801000.0
	0.0624524451504 928.15 4801000.0
	0.0636501532836 953.15 4801000.0
	0.0648397415431 978.15 4801000.0
	0.0660215922559 1003.15 4801000.0
	0.0671960674995 1028.15 4801000.0
	0.0683635103257 1053.15 4801000.0
	0.0695242459183 1078.15 4801000.0
	0.0706785826847 1103.15 4801000.0
	0.0718268132818 1128.15 4801000.0
	0.0729692155781 1153.15 4801000.0
	0.0741060535542 1178.15 4801000.0
	0.0752375781447 1203.15 4801000.0
	0.0252685896195 253.15 4901000.0
	0.02680679068 278.15 4901000.0
	0.0283637836233 303.15 4901000.0
	0.0299212687207 328.15 4901000.0
	0.031469334802 353.15 4901000.0
	0.0330025178892 378.15 4901000.0
	0.0345178666959 403.15 4901000.0
	0.0360139118171 428.15 4901000.0
	0.0374900823185 453.15 4901000.0
	0.0389463602432 478.15 4901000.0
	0.040383068856 503.15 4901000.0
	0.0418007394367 528.15 4901000.0
	0.0432000258661 553.15 4901000.0
	0.044581649135 578.15 4901000.0
	0.045946361026 603.15 4901000.0
	0.0472949203163 628.15 4901000.0
	0.048628077278 653.15 4901000.0
	0.0499465637437 678.15 4901000.0
	0.0512510869328 703.15 4901000.0
	0.0525423258352 728.15 4901000.0
	0.0538209293329 753.15 4901000.0
	0.0550875155029 778.15 4901000.0
	0.0563426717143 803.15 4901000.0
	0.0575869552515 828.15 4901000.0
	0.0588208942784 853.15 4901000.0
	0.0600449890116 878.15 4901000.0
	0.0612597130121 903.15 4901000.0
	0.0624655145339 928.15 4901000.0
	0.0636628178827 953.15 4901000.0
	0.0648520247589 978.15 4901000.0
	0.0660335155616 1003.15 4901000.0
	0.0672076506442 1028.15 4901000.0
	0.0683747715115 1053.15 4901000.0
	0.0695352019556 1078.15 4901000.0
	0.0706892491287 1103.15 4901000.0
	0.0718372045527 1128.15 4901000.0
	0.0729793450675 1153.15 4901000.0
	0.0741159337191 1178.15 4901000.0
	0.0752472205917 1203.15 4901000.0
