
	1.56555652282e-05 253.15 101000.0
	1.68673244453e-05 278.15 101000.0
	1.80348693493e-05 303.15 101000.0
	1.9162200538e-05 328.15 101000.0
	2.02528440161e-05 353.15 101000.0
	2.13099138216e-05 378.15 101000.0
	2.23361681445e-05 403.15 101000.0
	2.33340580879e-05 428.15 101000.0
	2.43057694219e-05 453.15 101000.0
	2.52532581062e-05 478.15 101000.0
	2.61782804459e-05 503.15 101000.0
	2.70824187013e-05 528.15 101000.0
	2.79671028754e-05 553.15 101000.0
	2.88336292989e-05 578.15 101000.0
	2.96831765336e-05 603.15 101000.0
	3.05168190268e-05 628.15 101000.0
	3.13355388757e-05 653.15 101000.0
	3.21402360007e-05 678.15 101000.0
	3.29317369714e-05 703.15 101000.0
	3.37108026925e-05 728.15 101000.0
	3.44781351179e-05 753.15 101000.0
	3.52343831352e-05 778.15 101000.0
	3.59801477397e-05 803.15 101000.0
	3.67159865969e-05 828.15 101000.0
	3.74424180783e-05 853.15 101000.0
	3.81599248403e-05 878.15 101000.0
	3.88689570076e-05 903.15 101000.0
	3.9569935011e-05 928.15 101000.0
	4.02632521243e-05 953.15 101000.0
	4.09492767375e-05 978.15 101000.0
	4.16283543976e-05 1003.15 101000.0
	4.23008096459e-05 1028.15 101000.0
	4.29669476749e-05 1053.15 101000.0
	4.36270558259e-05 1078.15 101000.0
	4.42814049448e-05 1103.15 101000.0
	4.49302506125e-05 1128.15 101000.0
	4.55738342635e-05 1153.15 101000.0
	4.62123842033e-05 1178.15 101000.0
	4.68461165378e-05 1203.15 101000.0
	1.56718577822e-05 253.15 201000.0
	1.68817161552e-05 278.15 201000.0
	1.80477205905e-05 303.15 201000.0
	1.91737809498e-05 328.15 201000.0
	2.02633602247e-05 353.15 201000.0
	2.13195273912e-05 378.15 201000.0
	2.23450076052e-05 403.15 201000.0
	2.33422272317e-05 428.15 201000.0
	2.43133531697e-05 453.15 201000.0
	2.52603267475e-05 478.15 201000.0
	2.61848927623e-05 503.15 201000.0
	2.70886243059e-05 528.15 201000.0
	2.79729439927e-05 553.15 201000.0
	2.88391421367e-05 578.15 201000.0
	2.96883923543e-05 603.15 201000.0
	3.05217649921e-05 628.15 201000.0
	3.13402387212e-05 653.15 201000.0
	3.21447105777e-05 678.15 201000.0
	3.29360046877e-05 703.15 201000.0
	3.37148798726e-05 728.15 201000.0
	3.44820363e-05 753.15 201000.0
	3.52381213177e-05 778.15 201000.0
	3.59837345869e-05 803.15 201000.0
	3.67194326121e-05 828.15 201000.0
	3.74457327501e-05 853.15 201000.0
	3.81631167664e-05 878.15 201000.0
	3.8872034001e-05 903.15 201000.0
	3.95729041905e-05 928.15 201000.0
	4.02661199932e-05 953.15 201000.0
	4.09520492506e-05 978.15 201000.0
	4.16310370204e-05 1003.15 201000.0
	4.23034074054e-05 1028.15 201000.0
	4.29694652047e-05 1053.15 201000.0
	4.36294974049e-05 1078.15 201000.0
	4.42837745323e-05 1103.15 201000.0
	4.49325518782e-05 1128.15 201000.0
	4.55760706146e-05 1153.15 201000.0
	4.62145588085e-05 1178.15 201000.0
	4.68482323487e-05 1203.15 201000.0
	1.56883933916e-05 253.15 301000.0
	1.68963069174e-05 278.15 301000.0
	1.80607382609e-05 303.15 301000.0
	1.91855028369e-05 328.15 301000.0
	2.02739983364e-05 353.15 301000.0
	2.1329247194e-05 378.15 301000.0
	2.23539405363e-05 403.15 301000.0
	2.33504792986e-05 428.15 301000.0
	2.43210110146e-05 453.15 301000.0
	2.52674620198e-05 478.15 301000.0
	2.61915653331e-05 503.15 301000.0
	2.70948846728e-05 528.15 301000.0
	2.79788351062e-05 553.15 301000.0
	2.88447008066e-05 578.15 301000.0
	2.96936503464e-05 603.15 301000.0
	3.05267498929e-05 628.15 301000.0
	3.1344974627e-05 653.15 301000.0
	3.21492186485e-05 678.15 301000.0
	3.29403035971e-05 703.15 301000.0
	3.37189861751e-05 728.15 301000.0
	3.44859647338e-05 753.15 301000.0
	3.52418850561e-05 778.15 301000.0
	3.5987345448e-05 803.15 301000.0
	3.67229012349e-05 828.15 301000.0
	3.74490687431e-05 853.15 301000.0
	3.81663288342e-05 878.15 301000.0
	3.88751300516e-05 903.15 301000.0
	3.95758914281e-05 928.15 301000.0
	4.02690049973e-05 953.15 301000.0
	4.09548380451e-05 978.15 301000.0
	4.16337351328e-05 1003.15 301000.0
	4.23060199191e-05 1028.15 301000.0
	4.29719968042e-05 1053.15 301000.0
	4.36319524157e-05 1078.15 301000.0
	4.42861569557e-05 1103.15 301000.0
	4.49348654227e-05 1128.15 301000.0
	4.55783187227e-05 1153.15 301000.0
	4.62167446815e-05 1178.15 301000.0
	4.68503589678e-05 1203.15 301000.0
	1.57051727543e-05 253.15 401000.0
	1.69110969387e-05 278.15 401000.0
	1.80739223263e-05 303.15 401000.0
	1.91973660482e-05 328.15 401000.0
	2.02847581472e-05 353.15 401000.0
	2.13390730069e-05 378.15 401000.0
	2.23629667135e-05 403.15 401000.0
	2.33588140725e-05 428.15 401000.0
	2.43287427531e-05 453.15 401000.0
	2.52746637337e-05 478.15 401000.0
	2.61982979836e-05 503.15 401000.0
	2.71011996417e-05 528.15 401000.0
	2.79847760691e-05 553.15 401000.0
	2.88503051743e-05 578.15 401000.0
	2.9698950387e-05 603.15 401000.0
	3.05317736167e-05 628.15 401000.0
	3.13497464901e-05 653.15 401000.0
	3.21537601189e-05 678.15 401000.0
	3.2944633613e-05 703.15 401000.0
	3.37231215202e-05 728.15 401000.0
	3.44899203459e-05 753.15 401000.0
	3.52456742828e-05 778.15 401000.0
	3.59909802606e-05 803.15 401000.0
	3.67263924075e-05 828.15 401000.0
	3.74524260039e-05 853.15 401000.0
	3.8169560994e-05 878.15 401000.0
	3.88782451134e-05 903.15 401000.0
	3.9578896681e-05 928.15 401000.0
	4.0271907097e-05 953.15 401000.0
	4.09576430839e-05 978.15 401000.0
	4.16364487002e-05 1003.15 401000.0
	4.23086471546e-05 1028.15 401000.0
	4.2974542443e-05 1053.15 401000.0
	4.36344208296e-05 1078.15 401000.0
	4.42885521883e-05 1103.15 401000.0
	4.49371912208e-05 1128.15 401000.0
	4.55805785643e-05 1153.15 401000.0
	4.62189418e-05 1178.15 401000.0
	4.68524963742e-05 1203.15 401000.0
	1.57221965533e-05 253.15 501000.0
	1.69260864135e-05 278.15 501000.0
	1.80872727426e-05 303.15 501000.0
	1.9209370425e-05 328.15 501000.0
	2.02956394477e-05 353.15 501000.0
	2.1349004603e-05 378.15 501000.0
	2.23720859099e-05 403.15 501000.0
	2.33672313351e-05 428.15 501000.0
	2.43365481799e-05 453.15 501000.0
	2.52819316987e-05 478.15 501000.0
	2.62050905385e-05 503.15 501000.0
	2.71075690517e-05 528.15 501000.0
	2.79907667341e-05 553.15 501000.0
	2.8855955105e-05 578.15 501000.0
	2.97042923531e-05 603.15 501000.0
	3.0536836051e-05 628.15 501000.0
	3.13545542076e-05 653.15 501000.0
	3.21583348943e-05 678.15 501000.0
	3.29489946487e-05 703.15 501000.0
	3.37272858284e-05 728.15 501000.0
	3.4493903063e-05 753.15 501000.0
	3.52494889304e-05 778.15 501000.0
	3.59946389625e-05 803.15 501000.0
	3.67299060724e-05 828.15 501000.0
	3.74558044792e-05 853.15 501000.0
	3.81728131965e-05 878.15 501000.0
	3.88813791406e-05 903.15 501000.0
	3.95819199064e-05 928.15 501000.0
	4.02748262523e-05 953.15 501000.0
	4.09604643298e-05 978.15 501000.0
	4.1639177688e-05 1003.15 501000.0
	4.23112890794e-05 1028.15 501000.0
	4.29771020908e-05 1053.15 501000.0
	4.36369026182e-05 1078.15 501000.0
	4.42909602034e-05 1103.15 501000.0
	4.49395292476e-05 1128.15 501000.0
	4.55828501158e-05 1153.15 501000.0
	4.62211501418e-05 1178.15 501000.0
	4.68546445469e-05 1203.15 501000.0
	1.57394654567e-05 253.15 601000.0
	1.6941275523e-05 278.15 601000.0
	1.81007894557e-05 303.15 601000.0
	1.92215158018e-05 328.15 601000.0
	2.03066420235e-05 353.15 601000.0
	2.13590417518e-05 378.15 601000.0
	2.23812978959e-05 403.15 601000.0
	2.33757308665e-05 428.15 601000.0
	2.43444270886e-05 453.15 601000.0
	2.52892657235e-05 478.15 601000.0
	2.62119428216e-05 503.15 601000.0
	2.71139927413e-05 528.15 601000.0
	2.79968069537e-05 553.15 601000.0
	2.88616504639e-05 578.15 601000.0
	2.97096761214e-05 603.15 601000.0
	3.0541937083e-05 628.15 601000.0
	3.13593976763e-05 653.15 601000.0
	3.21629428804e-05 678.15 601000.0
	3.29533866176e-05 703.15 601000.0
	3.373147902e-05 728.15 601000.0
	3.4497912812e-05 753.15 601000.0
	3.52533289314e-05 778.15 601000.0
	3.59983214914e-05 803.15 601000.0
	3.67334421719e-05 828.15 601000.0
	3.74592041156e-05 853.15 601000.0
	3.81760853922e-05 878.15 601000.0
	3.88845320872e-05 903.15 601000.0
	3.95849610616e-05 928.15 601000.0
	4.02777624235e-05 953.15 601000.0
	4.09633017458e-05 978.15 601000.0
	4.16419220614e-05 1003.15 601000.0
	4.23139456612e-05 1028.15 601000.0
	4.29796757174e-05 1053.15 601000.0
	4.36393977533e-05 1078.15 601000.0
	4.42933809744e-05 1103.15 601000.0
	4.4941879478e-05 1128.15 601000.0
	4.55851333535e-05 1153.15 601000.0
	4.62233696848e-05 1178.15 601000.0
	4.68568034651e-05 1203.15 601000.0
	1.57569801169e-05 253.15 701000.0
	1.69566644354e-05 278.15 701000.0
	1.81144724022e-05 303.15 701000.0
	1.92338020058e-05 328.15 701000.0
	2.0317765655e-05 353.15 701000.0
	2.13691842192e-05 378.15 701000.0
	2.23906024393e-05 403.15 701000.0
	2.33843124446e-05 428.15 701000.0
	2.43523792713e-05 453.15 701000.0
	2.52966656157e-05 478.15 701000.0
	2.6218854656e-05 503.15 701000.0
	2.71204705487e-05 528.15 701000.0
	2.80028965797e-05 553.15 701000.0
	2.88673911157e-05 578.15 701000.0
	2.97151015683e-05 603.15 701000.0
	3.05470766e-05 628.15 701000.0
	3.1364276793e-05 653.15 701000.0
	3.21675839824e-05 678.15 701000.0
	3.2957809433e-05 703.15 701000.0
	3.37357010155e-05 728.15 701000.0
	3.45019495195e-05 753.15 701000.0
	3.52571942181e-05 778.15 701000.0
	3.60020277848e-05 803.15 701000.0
	3.67370006485e-05 828.15 701000.0
	3.74626248599e-05 853.15 701000.0
	3.81793775316e-05 878.15 701000.0
	3.88877039072e-05 903.15 701000.0
	3.9588020104e-05 928.15 701000.0
	4.02807155709e-05 953.15 701000.0
	4.09661552949e-05 978.15 701000.0
	4.1644681786e-05 1003.15 701000.0
	4.23166168675e-05 1028.15 701000.0
	4.29822632924e-05 1053.15 701000.0
	4.36419062063e-05 1078.15 701000.0
	4.42958144746e-05 1103.15 701000.0
	4.4944241887e-05 1128.15 701000.0
	4.55874282541e-05 1153.15 701000.0
	4.62256004067e-05 1178.15 701000.0
	4.68589731079e-05 1203.15 701000.0
	1.57747411705e-05 253.15 801000.0
	1.69722533059e-05 278.15 801000.0
	1.81283215083e-05 303.15 801000.0
	1.92462288571e-05 328.15 801000.0
	2.03290101177e-05 353.15 801000.0
	2.13794317673e-05 378.15 801000.0
	2.23999993052e-05 403.15 801000.0
	2.33929758456e-05 428.15 801000.0
	2.43604045187e-05 453.15 801000.0
	2.53041311819e-05 478.15 801000.0
	2.62258258642e-05 503.15 801000.0
	2.71270023112e-05 528.15 801000.0
	2.80090354638e-05 553.15 801000.0
	2.88731769251e-05 578.15 801000.0
	2.97205685704e-05 603.15 801000.0
	3.05522544889e-05 628.15 801000.0
	3.13691914543e-05 653.15 801000.0
	3.2172258106e-05 678.15 801000.0
	3.2962263008e-05 703.15 801000.0
	3.3739951735e-05 728.15 801000.0
	3.45060131122e-05 753.15 801000.0
	3.52610847231e-05 778.15 801000.0
	3.60057577805e-05 803.15 801000.0
	3.67405814445e-05 828.15 801000.0
	3.74660666586e-05 853.15 801000.0
	3.81826895653e-05 878.15 801000.0
	3.88908945548e-05 903.15 801000.0
	3.95910969909e-05 928.15 801000.0
	4.02836856548e-05 953.15 801000.0
	4.09690249399e-05 978.15 801000.0
	4.16474568271e-05 1003.15 801000.0
	4.23193026662e-05 1028.15 801000.0
	4.29848647855e-05 1053.15 801000.0
	4.36444279489e-05 1078.15 801000.0
	4.42982606774e-05 1103.15 801000.0
	4.49466164495e-05 1128.15 801000.0
	4.55897347939e-05 1153.15 801000.0
	4.62278422855e-05 1178.15 801000.0
	4.68611534544e-05 1203.15 801000.0
	1.57927492374e-05 253.15 901000.0
	1.6988042276e-05 278.15 901000.0
	1.81423366905e-05 303.15 901000.0
	1.92587961688e-05 328.15 901000.0
	2.03403751818e-05 353.15 901000.0
	2.13897841547e-05 378.15 901000.0
	2.24094882561e-05 403.15 901000.0
	2.34017208437e-05 428.15 901000.0
	2.43685026203e-05 453.15 901000.0
	2.53116622278e-05 478.15 901000.0
	2.62328562679e-05 503.15 901000.0
	2.71335878659e-05 528.15 901000.0
	2.80152234571e-05 553.15 901000.0
	2.88790077563e-05 578.15 901000.0
	2.97260770036e-05 603.15 901000.0
	3.05574706366e-05 628.15 901000.0
	3.13741415569e-05 653.15 901000.0
	3.21769651562e-05 678.15 901000.0
	3.29667472559e-05 703.15 901000.0
	3.37442310989e-05 728.15 901000.0
	3.45101035168e-05 753.15 901000.0
	3.52650003788e-05 778.15 901000.0
	3.60095114162e-05 803.15 901000.0
	3.67441845024e-05 828.15 901000.0
	3.74695294585e-05 853.15 901000.0
	3.8186021444e-05 878.15 901000.0
	3.88941039841e-05 903.15 901000.0
	3.95941916796e-05 928.15 901000.0
	4.02866726353e-05 953.15 901000.0
	4.09719106438e-05 978.15 901000.0
	4.16502471501e-05 1003.15 901000.0
	4.23220030248e-05 1028.15 901000.0
	4.29874801665e-05 1053.15 901000.0
	4.36469629527e-05 1078.15 901000.0
	4.43007195562e-05 1103.15 901000.0
	4.49490031405e-05 1128.15 901000.0
	4.55920529495e-05 1153.15 901000.0
	4.6230095299e-05 1178.15 901000.0
	4.68633444837e-05 1203.15 901000.0
	1.5811004921e-05 253.15 1001000.0
	1.70040314739e-05 278.15 1001000.0
	1.81565178555e-05 303.15 1001000.0
	1.92715037466e-05 328.15 1001000.0
	2.03518606126e-05 353.15 1001000.0
	2.14002411362e-05 378.15 1001000.0
	2.24190690522e-05 403.15 1001000.0
	2.34105472116e-05 428.15 1001000.0
	2.43766733643e-05 453.15 1001000.0
	2.5319258558e-05 478.15 1001000.0
	2.62399456881e-05 503.15 1001000.0
	2.71402270494e-05 528.15 1001000.0
	2.80214604107e-05 553.15 1001000.0
	2.88848834734e-05 578.15 1001000.0
	2.9731626744e-05 603.15 1001000.0
	3.05627249299e-05 628.15 1001000.0
	3.13791269973e-05 653.15 1001000.0
	3.21817050386e-05 678.15 1001000.0
	3.29712620899e-05 703.15 1001000.0
	3.37485390275e-05 728.15 1001000.0
	3.451422066e-05 753.15 1001000.0
	3.52689411178e-05 778.15 1001000.0
	3.60132886296e-05 803.15 1001000.0
	3.67478097646e-05 828.15 1001000.0
	3.74730132064e-05 853.15 1001000.0
	3.81893731181e-05 878.15 1001000.0
	3.88973321493e-05 903.15 1001000.0
	3.95973041274e-05 928.15 1001000.0
	4.02896764729e-05 953.15 1001000.0
	4.09748123697e-05 978.15 1001000.0
	4.16530527205e-05 1003.15 1001000.0
	4.2324717911e-05 1028.15 1001000.0
	4.29901094051e-05 1053.15 1001000.0
	4.36495111895e-05 1078.15 1001000.0
	4.43031910843e-05 1103.15 1001000.0
	4.49514019352e-05 1128.15 1001000.0
	4.55943826973e-05 1153.15 1001000.0
	4.6232359425e-05 1178.15 1001000.0
	4.6865546175e-05 1203.15 1001000.0
	1.58295088075e-05 253.15 1101000.0
	1.70202210139e-05 278.15 1101000.0
	1.81708648996e-05 303.15 1101000.0
	1.92843513894e-05 328.15 1101000.0
	2.03634661701e-05 353.15 1101000.0
	2.14108024634e-05 378.15 1101000.0
	2.24287414508e-05 403.15 1101000.0
	2.34194547197e-05 428.15 1101000.0
	2.43849165373e-05 453.15 1101000.0
	2.53269199762e-05 478.15 1101000.0
	2.62470939451e-05 503.15 1101000.0
	2.71469196976e-05 528.15 1101000.0
	2.8027746175e-05 553.15 1101000.0
	2.889080394e-05 578.15 1101000.0
	2.97372176674e-05 603.15 1101000.0
	3.05680172554e-05 628.15 1101000.0
	3.13841476718e-05 653.15 1101000.0
	3.21864776581e-05 678.15 1101000.0
	3.2975807423e-05 703.15 1101000.0
	3.3752875441e-05 728.15 1101000.0
	3.45183644685e-05 753.15 1101000.0
	3.52729068724e-05 778.15 1101000.0
	3.60170893584e-05 803.15 1101000.0
	3.67514571736e-05 828.15 1101000.0
	3.74765178489e-05 853.15 1101000.0
	3.81927445385e-05 878.15 1101000.0
	3.89005790045e-05 903.15 1101000.0
	3.96004342919e-05 928.15 1101000.0
	4.02926971278e-05 953.15 1101000.0
	4.09777300805e-05 978.15 1101000.0
	4.16558735037e-05 1003.15 1101000.0
	4.23274472926e-05 1028.15 1101000.0
	4.29927524712e-05 1053.15 1101000.0
	4.36520726308e-05 1078.15 1101000.0
	4.43056752353e-05 1103.15 1101000.0
	4.49538128084e-05 1128.15 1101000.0
	4.55967240139e-05 1153.15 1101000.0
	4.62346346416e-05 1178.15 1101000.0
	4.68677585074e-05 1203.15 1101000.0
	1.58482614652e-05 253.15 1201000.0
	1.70366109965e-05 278.15 1201000.0
	1.81853777094e-05 303.15 1201000.0
	1.92973388887e-05 328.15 1201000.0
	2.03751916095e-05 353.15 1201000.0
	2.14214678841e-05 378.15 1201000.0
	2.24385052069e-05 403.15 1201000.0
	2.3428443137e-05 428.15 1201000.0
	2.4393231925e-05 453.15 1201000.0
	2.53346462854e-05 478.15 1201000.0
	2.62543008587e-05 503.15 1201000.0
	2.71536656461e-05 528.15 1201000.0
	2.80340806001e-05 553.15 1201000.0
	2.88967690198e-05 578.15 1201000.0
	2.97428496493e-05 603.15 1201000.0
	3.05733474997e-05 628.15 1201000.0
	3.13892034768e-05 653.15 1201000.0
	3.21912829201e-05 678.15 1201000.0
	3.29803831685e-05 703.15 1201000.0
	3.37572402598e-05 728.15 1201000.0
	3.45225348691e-05 753.15 1201000.0
	3.52768975753e-05 778.15 1201000.0
	3.60209135404e-05 803.15 1201000.0
	3.67551266718e-05 828.15 1201000.0
	3.74800433329e-05 853.15 1201000.0
	3.81961356556e-05 878.15 1201000.0
	3.8903844504e-05 903.15 1201000.0
	3.96035821304e-05 928.15 1201000.0
	4.02957345605e-05 953.15 1201000.0
	4.09806637393e-05 978.15 1201000.0
	4.16587094653e-05 1003.15 1201000.0
	4.23301911373e-05 1028.15 1201000.0
	4.29954093345e-05 1053.15 1201000.0
	4.36546472484e-05 1078.15 1201000.0
	4.43081719826e-05 1103.15 1201000.0
	4.49562357354e-05 1128.15 1201000.0
	4.55990768759e-05 1153.15 1201000.0
	4.62369209265e-05 1178.15 1201000.0
	4.68699814603e-05 1203.15 1201000.0
	1.58672634446e-05 253.15 1301000.0
	1.70532015081e-05 278.15 1301000.0
	1.82000561611e-05 303.15 1301000.0
	1.9310466029e-05 328.15 1301000.0
	2.0387036681e-05 353.15 1301000.0
	2.14322371424e-05 378.15 1301000.0
	2.24483600729e-05 403.15 1301000.0
	2.34375122304e-05 428.15 1301000.0
	2.44016193115e-05 453.15 1301000.0
	2.53424372874e-05 478.15 1301000.0
	2.62615662478e-05 503.15 1301000.0
	2.716046473e-05 528.15 1301000.0
	2.8040463536e-05 553.15 1301000.0
	2.89027785759e-05 578.15 1301000.0
	2.97485225652e-05 603.15 1301000.0
	3.05787155492e-05 628.15 1301000.0
	3.13942943086e-05 653.15 1301000.0
	3.21961207297e-05 678.15 1301000.0
	3.29849892393e-05 703.15 1301000.0
	3.3761633404e-05 728.15 1301000.0
	3.45267317883e-05 753.15 1301000.0
	3.52809131589e-05 778.15 1301000.0
	3.60247611132e-05 803.15 1301000.0
	3.67588182017e-05 828.15 1301000.0
	3.74835896051e-05 853.15 1301000.0
	3.81995464203e-05 878.15 1301000.0
	3.89071286019e-05 903.15 1301000.0
	3.96067476004e-05 928.15 1301000.0
	4.02987887312e-05 953.15 1301000.0
	4.09836133091e-05 978.15 1301000.0
	4.16615605707e-05 1003.15 1301000.0
	4.23329494129e-05 1028.15 1301000.0
	4.29980799649e-05 1053.15 1301000.0
	4.3657235014e-05 1078.15 1301000.0
	4.43106812996e-05 1103.15 1301000.0
	4.49586706911e-05 1128.15 1301000.0
	4.56014412597e-05 1153.15 1301000.0
	4.62392182578e-05 1178.15 1301000.0
	4.68722150126e-05 1203.15 1301000.0
	1.58865152773e-05 253.15 1401000.0
	1.70699926209e-05 278.15 1401000.0
	1.82149001209e-05 303.15 1401000.0
	1.93237325875e-05 328.15 1401000.0
	2.03990011297e-05 353.15 1401000.0
	2.14431099792e-05 378.15 1401000.0
	2.24583057988e-05 403.15 1401000.0
	2.34466617654e-05 428.15 1401000.0
	2.44100784798e-05 453.15 1401000.0
	2.53502927832e-05 478.15 1401000.0
	2.62688899308e-05 503.15 1401000.0
	2.71673167838e-05 528.15 1401000.0
	2.8046894832e-05 553.15 1401000.0
	2.89088324716e-05 578.15 1401000.0
	2.97542362904e-05 603.15 1401000.0
	3.05841212901e-05 628.15 1401000.0
	3.13994200633e-05 653.15 1401000.0
	3.22009909918e-05 678.15 1401000.0
	3.29896255486e-05 703.15 1401000.0
	3.37660547939e-05 728.15 1401000.0
	3.45309551529e-05 753.15 1401000.0
	3.52849535557e-05 778.15 1401000.0
	3.60286320148e-05 803.15 1401000.0
	3.67625317059e-05 828.15 1401000.0
	3.74871566123e-05 853.15 1401000.0
	3.82029767831e-05 878.15 1401000.0
	3.89104312526e-05 903.15 1401000.0
	3.96099306592e-05 928.15 1401000.0
	4.03018596005e-05 953.15 1401000.0
	4.09865787531e-05 978.15 1401000.0
	4.16644267856e-05 1003.15 1401000.0
	4.23357220872e-05 1028.15 1401000.0
	4.30007643322e-05 1053.15 1401000.0
	4.36598358994e-05 1078.15 1401000.0
	4.43132031599e-05 1103.15 1401000.0
	4.49611176506e-05 1128.15 1401000.0
	4.5603817142e-05 1153.15 1401000.0
	4.62415266133e-05 1178.15 1401000.0
	4.68744591438e-05 1203.15 1401000.0
	1.5906017476e-05 253.15 1501000.0
	1.70869843926e-05 278.15 1501000.0
	1.82299094445e-05 303.15 1501000.0
	1.93371383343e-05 328.15 1501000.0
	2.04110846957e-05 353.15 1501000.0
	2.14540861318e-05 378.15 1501000.0
	2.24683421321e-05 403.15 1501000.0
	2.34558915053e-05 428.15 1501000.0
	2.44186092117e-05 453.15 1501000.0
	2.5358212573e-05 478.15 1501000.0
	2.62762717255e-05 503.15 1501000.0
	2.71742216418e-05 528.15 1501000.0
	2.80533743375e-05 553.15 1501000.0
	2.89149305694e-05 578.15 1501000.0
	2.97599907e-05 603.15 1501000.0
	3.05895646086e-05 628.15 1501000.0
	3.14045806372e-05 653.15 1501000.0
	3.22058936116e-05 678.15 1501000.0
	3.29942920093e-05 703.15 1501000.0
	3.37705043496e-05 728.15 1501000.0
	3.45352048895e-05 753.15 1501000.0
	3.52890186982e-05 778.15 1501000.0
	3.60325261827e-05 803.15 1501000.0
	3.67662671268e-05 828.15 1501000.0
	3.74907443013e-05 853.15 1501000.0
	3.82064266949e-05 878.15 1501000.0
	3.89137524102e-05 903.15 1501000.0
	3.96131312645e-05 928.15 1501000.0
	4.03049471287e-05 953.15 1501000.0
	4.09895600343e-05 978.15 1501000.0
	4.16673080754e-05 1003.15 1501000.0
	4.23385091279e-05 1028.15 1501000.0
	4.30034624064e-05 1053.15 1501000.0
	4.36624498762e-05 1078.15 1501000.0
	4.43157375369e-05 1103.15 1501000.0
	4.49635765891e-05 1128.15 1501000.0
	4.56062044994e-05 1153.15 1501000.0
	4.62438459712e-05 1178.15 1501000.0
	4.6876713833e-05 1203.15 1501000.0
	1.5925770534e-05 253.15 1601000.0
	1.71041768665e-05 278.15 1601000.0
	1.82450839776e-05 303.15 1601000.0
	1.93506830326e-05 328.15 1601000.0
	2.0423287114e-05 353.15 1601000.0
	2.1465165334e-05 378.15 1601000.0
	2.24784688177e-05 403.15 1601000.0
	2.34652012121e-05 428.15 1601000.0
	2.44272112876e-05 453.15 1601000.0
	2.53661964559e-05 478.15 1601000.0
	2.6283711449e-05 503.15 1601000.0
	2.71811791375e-05 528.15 1601000.0
	2.80599019012e-05 553.15 1601000.0
	2.89210727322e-05 578.15 1601000.0
	2.9765785669e-05 603.15 1601000.0
	3.05950453908e-05 628.15 1601000.0
	3.14097759261e-05 653.15 1601000.0
	3.22108284941e-05 678.15 1601000.0
	3.29989885345e-05 703.15 1601000.0
	3.37749819915e-05 728.15 1601000.0
	3.45394809249e-05 753.15 1601000.0
	3.5293108519e-05 778.15 1601000.0
	3.60364435548e-05 803.15 1601000.0
	3.6770024407e-05 828.15 1601000.0
	3.7494352619e-05 853.15 1601000.0
	3.82098961063e-05 878.15 1601000.0
	3.8917092029e-05 903.15 1601000.0
	3.96163493737e-05 928.15 1601000.0
	4.03080512762e-05 953.15 1601000.0
	4.09925571158e-05 978.15 1601000.0
	4.16702044057e-05 1003.15 1601000.0
	4.23413105029e-05 1028.15 1601000.0
	4.30061741572e-05 1053.15 1601000.0
	4.36650769165e-05 1078.15 1601000.0
	4.43182844042e-05 1103.15 1601000.0
	4.49660474817e-05 1128.15 1601000.0
	4.56086033085e-05 1153.15 1601000.0
	4.62461763093e-05 1178.15 1601000.0
	4.68789790594e-05 1203.15 1601000.0
	1.59457749244e-05 253.15 1701000.0
	1.7121570071e-05 278.15 1701000.0
	1.82604235555e-05 303.15 1701000.0
	1.93643664381e-05 328.15 1701000.0
	2.0435608115e-05 353.15 1701000.0
	2.1476347316e-05 378.15 1701000.0
	2.24886855983e-05 403.15 1701000.0
	2.34745906458e-05 428.15 1701000.0
	2.44358844868e-05 453.15 1701000.0
	2.53742442303e-05 478.15 1701000.0
	2.62912089177e-05 503.15 1701000.0
	2.71881891042e-05 528.15 1701000.0
	2.80664773717e-05 553.15 1701000.0
	2.89272588221e-05 578.15 1701000.0
	2.97716210721e-05 603.15 1701000.0
	3.06005635227e-05 628.15 1701000.0
	3.14150058261e-05 653.15 1701000.0
	3.22157955441e-05 678.15 1701000.0
	3.30037150372e-05 703.15 1701000.0
	3.37794876397e-05 728.15 1701000.0
	3.45437831858e-05 753.15 1701000.0
	3.52972229506e-05 778.15 1701000.0
	3.6040384069e-05 803.15 1701000.0
	3.6773803489e-05 828.15 1701000.0
	3.74979815123e-05 853.15 1701000.0
	3.82133849682e-05 878.15 1701000.0
	3.89204500634e-05 903.15 1701000.0
	3.96195849443e-05 928.15 1701000.0
	4.03111720036e-05 953.15 1701000.0
	4.0995569961e-05 978.15 1701000.0
	4.16731157423e-05 1003.15 1701000.0
	4.23441261801e-05 1028.15 1701000.0
	4.30088995546e-05 1053.15 1701000.0
	4.36677169918e-05 1078.15 1701000.0
	4.43208437353e-05 1103.15 1701000.0
	4.49685303036e-05 1128.15 1701000.0
	4.56110135458e-05 1153.15 1701000.0
	4.62485176056e-05 1178.15 1701000.0
	4.68812548024e-05 1203.15 1701000.0
	1.59660311e-05 253.15 1801000.0
	1.71391640196e-05 278.15 1801000.0
	1.8275928003e-05 303.15 1801000.0
	1.93781882994e-05 328.15 1801000.0
	2.04480474239e-05 353.15 1801000.0
	2.14876318049e-05 378.15 1801000.0
	2.2498992214e-05 403.15 1801000.0
	2.34840595648e-05 428.15 1801000.0
	2.44446285873e-05 453.15 1801000.0
	2.53823556937e-05 478.15 1801000.0
	2.62987639475e-05 503.15 1801000.0
	2.71952513748e-05 528.15 1801000.0
	2.80731005972e-05 553.15 1801000.0
	2.89334887015e-05 578.15 1801000.0
	2.97774967841e-05 603.15 1801000.0
	3.06061188901e-05 628.15 1801000.0
	3.14202702331e-05 653.15 1801000.0
	3.22207946665e-05 678.15 1801000.0
	3.30084714303e-05 703.15 1801000.0
	3.37840212144e-05 728.15 1801000.0
	3.45481115988e-05 753.15 1801000.0
	3.53013619255e-05 778.15 1801000.0
	3.6044347663e-05 803.15 1801000.0
	3.67776043155e-05 828.15 1801000.0
	3.7501630928e-05 853.15 1801000.0
	3.82168932313e-05 878.15 1801000.0
	3.89238264677e-05 903.15 1801000.0
	3.9622837934e-05 928.15 1801000.0
	4.03143092714e-05 953.15 1801000.0
	4.09985985328e-05 978.15 1801000.0
	4.16760420506e-05 1003.15 1801000.0
	4.23469561273e-05 1028.15 1801000.0
	4.30116385685e-05 1053.15 1801000.0
	4.3670370074e-05 1078.15 1801000.0
	4.43234155038e-05 1103.15 1801000.0
	4.49710250299e-05 1128.15 1801000.0
	4.56134351882e-05 1153.15 1801000.0
	4.62508698382e-05 1178.15 1801000.0
	4.68835410413e-05 1203.15 1801000.0
	1.59865394925e-05 253.15 1901000.0
	1.71569587106e-05 278.15 1901000.0
	1.82915971346e-05 303.15 1901000.0
	1.93921483582e-05 328.15 1901000.0
	2.04606047609e-05 353.15 1901000.0
	2.14990185239e-05 378.15 1901000.0
	2.25093884027e-05 403.15 1901000.0
	2.34936077257e-05 428.15 1901000.0
	2.44534433661e-05 453.15 1901000.0
	2.53905306428e-05 478.15 1901000.0
	2.63063763536e-05 503.15 1901000.0
	2.72023657817e-05 528.15 1901000.0
	2.80797714256e-05 553.15 1901000.0
	2.89397622321e-05 578.15 1901000.0
	2.97834126794e-05 603.15 1901000.0
	3.06117113789e-05 628.15 1901000.0
	3.14255690429e-05 653.15 1901000.0
	3.22258257664e-05 678.15 1901000.0
	3.30132576267e-05 703.15 1901000.0
	3.37885826358e-05 728.15 1901000.0
	3.45524660906e-05 753.15 1901000.0
	3.53055253763e-05 778.15 1901000.0
	3.60483342747e-05 803.15 1901000.0
	3.67814268291e-05 828.15 1901000.0
	3.75053008131e-05 853.15 1901000.0
	3.82204208464e-05 878.15 1901000.0
	3.89272211963e-05 903.15 1901000.0
	3.96261083003e-05 928.15 1901000.0
	4.031746304e-05 953.15 1901000.0
	4.10016427945e-05 978.15 1901000.0
	4.16789832963e-05 1003.15 1901000.0
	4.23498003125e-05 1028.15 1901000.0
	4.30143911689e-05 1053.15 1901000.0
	4.36730361351e-05 1078.15 1901000.0
	4.43259996832e-05 1103.15 1901000.0
	4.49735316358e-05 1128.15 1901000.0
	4.56158682122e-05 1153.15 1901000.0
	4.62532329851e-05 1178.15 1901000.0
	4.68858377552e-05 1203.15 1901000.0
	1.60073005122e-05 253.15 2001000.0
	1.71749541272e-05 278.15 2001000.0
	1.83074307542e-05 303.15 2001000.0
	1.94062463487e-05 328.15 2001000.0
	2.04732798414e-05 353.15 2001000.0
	2.15105071933e-05 378.15 2001000.0
	2.25198738998e-05 403.15 2001000.0
	2.35032348837e-05 428.15 2001000.0
	2.44623285988e-05 453.15 2001000.0
	2.53987688734e-05 478.15 2001000.0
	2.63140459508e-05 503.15 2001000.0
	2.72095321567e-05 528.15 2001000.0
	2.80864897046e-05 553.15 2001000.0
	2.89460792758e-05 578.15 2001000.0
	2.97893686324e-05 603.15 2001000.0
	3.06173408746e-05 628.15 2001000.0
	3.14309021514e-05 653.15 2001000.0
	3.22308887484e-05 678.15 2001000.0
	3.30180735395e-05 703.15 2001000.0
	3.37931718242e-05 728.15 2001000.0
	3.45568465881e-05 753.15 2001000.0
	3.53097132356e-05 778.15 2001000.0
	3.60523438419e-05 803.15 2001000.0
	3.67852709723e-05 828.15 2001000.0
	3.75089911145e-05 853.15 2001000.0
	3.82239677645e-05 878.15 2001000.0
	3.89306342036e-05 903.15 2001000.0
	3.96293960008e-05 928.15 2001000.0
	4.03206332701e-05 953.15 2001000.0
	4.10047027094e-05 978.15 2001000.0
	4.16819394452e-05 1003.15 2001000.0
	4.23526587035e-05 1028.15 2001000.0
	4.30171573258e-05 1053.15 2001000.0
	4.36757151468e-05 1078.15 2001000.0
	4.43285962473e-05 1103.15 2001000.0
	4.49760500966e-05 1128.15 2001000.0
	4.56183125946e-05 1153.15 2001000.0
	4.62556070244e-05 1178.15 2001000.0
	4.68881449237e-05 1203.15 2001000.0
	1.60283145474e-05 253.15 2101000.0
	1.7193150237e-05 278.15 2101000.0
	1.83234286552e-05 303.15 2101000.0
	1.94204819982e-05 328.15 2101000.0
	2.0486072376e-05 353.15 2101000.0
	2.15220975297e-05 378.15 2101000.0
	2.25304484383e-05 403.15 2101000.0
	2.35129407921e-05 428.15 2101000.0
	2.44712840599e-05 453.15 2101000.0
	2.54070701804e-05 478.15 2101000.0
	2.63217725531e-05 503.15 2101000.0
	2.72167503315e-05 528.15 2101000.0
	2.80932552816e-05 553.15 2101000.0
	2.89524396941e-05 578.15 2101000.0
	2.97953645174e-05 603.15 2101000.0
	3.06230072629e-05 628.15 2101000.0
	3.14362694543e-05 653.15 2101000.0
	3.22359835174e-05 678.15 2101000.0
	3.30229190816e-05 703.15 2101000.0
	3.37977886996e-05 728.15 2101000.0
	3.45612530178e-05 753.15 2101000.0
	3.5313925436e-05 778.15 2101000.0
	3.60563763025e-05 803.15 2101000.0
	3.67891366878e-05 828.15 2101000.0
	3.75127017792e-05 853.15 2101000.0
	3.82275339363e-05 878.15 2101000.0
	3.89340654439e-05 903.15 2101000.0
	3.96327009932e-05 928.15 2101000.0
	4.03238199222e-05 953.15 2101000.0
	4.10077782407e-05 978.15 2101000.0
	4.16849104629e-05 1003.15 2101000.0
	4.23555312683e-05 1028.15 2101000.0
	4.30199370092e-05 1053.15 2101000.0
	4.36784070811e-05 1078.15 2101000.0
	4.43312051696e-05 1103.15 2101000.0
	4.49785803874e-05 1128.15 2101000.0
	4.5620768312e-05 1153.15 2101000.0
	4.62579919341e-05 1178.15 2101000.0
	4.68904625259e-05 1203.15 2101000.0
	1.60495819642e-05 253.15 2201000.0
	1.72115469921e-05 278.15 2201000.0
	1.83395906204e-05 303.15 2201000.0
	1.94348550267e-05 328.15 2201000.0
	2.04989820702e-05 353.15 2201000.0
	2.15337892464e-05 378.15 2201000.0
	2.2541111749e-05 403.15 2201000.0
	2.35227252026e-05 428.15 2201000.0
	2.44803095228e-05 453.15 2201000.0
	2.5415434358e-05 478.15 2201000.0
	2.63295559741e-05 503.15 2201000.0
	2.72240201373e-05 528.15 2201000.0
	2.81000680036e-05 553.15 2201000.0
	2.89588433483e-05 578.15 2201000.0
	2.98014002084e-05 603.15 2201000.0
	3.06287104293e-05 628.15 2201000.0
	3.14416708472e-05 653.15 2201000.0
	3.22411099781e-05 678.15 2201000.0
	3.30277941658e-05 703.15 2201000.0
	3.38024331824e-05 728.15 2201000.0
	3.45656853065e-05 753.15 2201000.0
	3.531816191e-05 778.15 2201000.0
	3.60604315945e-05 803.15 2201000.0
	3.67930239184e-05 828.15 2201000.0
	3.75164327541e-05 853.15 2201000.0
	3.82311193128e-05 878.15 2201000.0
	3.89375148717e-05 903.15 2201000.0
	3.9636023235e-05 928.15 2201000.0
	4.03270229568e-05 953.15 2201000.0
	4.10108693517e-05 978.15 2201000.0
	4.16878963152e-05 1003.15 2201000.0
	4.23584179749e-05 1028.15 2201000.0
	4.30227301891e-05 1053.15 2201000.0
	4.36811119098e-05 1078.15 2201000.0
	4.43338264237e-05 1103.15 2201000.0
	4.49811224835e-05 1128.15 2201000.0
	4.56232353412e-05 1153.15 2201000.0
	4.62603876924e-05 1178.15 2201000.0
	4.68927905412e-05 1203.15 2201000.0
	1.60711031053e-05 253.15 2301000.0
	1.72301443286e-05 278.15 2301000.0
	1.8355916422e-05 303.15 2301000.0
	1.94493651471e-05 328.15 2301000.0
	2.05120086249e-05 353.15 2301000.0
	2.15455820535e-05 378.15 2301000.0
	2.25518635603e-05 403.15 2301000.0
	2.35325878654e-05 428.15 2301000.0
	2.44894047598e-05 453.15 2301000.0
	2.54238611997e-05 478.15 2301000.0
	2.63373960266e-05 503.15 2301000.0
	2.72313414046e-05 528.15 2301000.0
	2.81069277173e-05 553.15 2301000.0
	2.89652900995e-05 578.15 2301000.0
	2.98074755795e-05 603.15 2301000.0
	3.06344502593e-05 628.15 2301000.0
	3.14471062258e-05 653.15 2301000.0
	3.22462680355e-05 678.15 2301000.0
	3.3032698705e-05 703.15 2301000.0
	3.38071051927e-05 728.15 2301000.0
	3.45701433811e-05 753.15 2301000.0
	3.53224225904e-05 778.15 2301000.0
	3.60645096557e-05 803.15 2301000.0
	3.67969326066e-05 828.15 2301000.0
	3.75201839862e-05 853.15 2301000.0
	3.82347238449e-05 878.15 2301000.0
	3.89409824416e-05 903.15 2301000.0
	3.96393626842e-05 928.15 2301000.0
	4.03302423347e-05 953.15 2301000.0
	4.10139760056e-05 978.15 2301000.0
	4.16908969678e-05 1003.15 2301000.0
	4.23613187912e-05 1028.15 2301000.0
	4.30255368355e-05 1053.15 2301000.0
	4.3683829605e-05 1078.15 2301000.0
	4.43364599834e-05 1103.15 2301000.0
	4.49836763602e-05 1128.15 2301000.0
	4.56257136589e-05 1153.15 2301000.0
	4.62627942773e-05 1178.15 2301000.0
	4.68951289491e-05 1203.15 2301000.0
	1.60928782903e-05 253.15 2401000.0
	1.72489421668e-05 278.15 2401000.0
	1.83724058215e-05 303.15 2401000.0
	1.9464012065e-05 328.15 2401000.0
	2.05251517357e-05 353.15 2401000.0
	2.15574756575e-05 378.15 2401000.0
	2.25627035983e-05 403.15 2401000.0
	2.3542528529e-05 428.15 2401000.0
	2.44985695419e-05 453.15 2401000.0
	2.5432350498e-05 478.15 2401000.0
	2.63452925231e-05 503.15 2401000.0
	2.7238713964e-05 528.15 2401000.0
	2.81138342693e-05 553.15 2401000.0
	2.89717798088e-05 578.15 2401000.0
	2.98135905044e-05 603.15 2401000.0
	3.0640226638e-05 628.15 2401000.0
	3.14525754857e-05 653.15 2401000.0
	3.2251457594e-05 678.15 2401000.0
	3.30376326122e-05 703.15 2401000.0
	3.38118046507e-05 728.15 2401000.0
	3.45746271682e-05 753.15 2401000.0
	3.53267074098e-05 778.15 2401000.0
	3.60686104241e-05 803.15 2401000.0
	3.68008626953e-05 828.15 2401000.0
	3.75239554227e-05 853.15 2401000.0
	3.82383474835e-05 878.15 2401000.0
	3.89444681079e-05 903.15 2401000.0
	3.96427192982e-05 928.15 2401000.0
	4.03334780165e-05 953.15 2401000.0
	4.10170981659e-05 978.15 2401000.0
	4.16939123864e-05 1003.15 2401000.0
	4.23642336854e-05 1028.15 2401000.0
	4.30283569186e-05 1053.15 2401000.0
	4.36865601385e-05 1078.15 2401000.0
	4.43391058223e-05 1103.15 2401000.0
	4.49862419928e-05 1128.15 2401000.0
	4.56282032419e-05 1153.15 2401000.0
	4.62652116669e-05 1178.15 2401000.0
	4.68974777289e-05 1203.15 2401000.0
	1.61149078148e-05 253.15 2501000.0
	1.72679404107e-05 278.15 2501000.0
	1.83890585697e-05 303.15 2501000.0
	1.9478795479e-05 328.15 2501000.0
	2.05384110939e-05 353.15 2501000.0
	2.15694697618e-05 378.15 2501000.0
	2.25736315869e-05 403.15 2501000.0
	2.35525469403e-05 428.15 2501000.0
	2.45078036392e-05 453.15 2501000.0
	2.54409020446e-05 478.15 2501000.0
	2.63532452754e-05 503.15 2501000.0
	2.72461376453e-05 528.15 2501000.0
	2.81207875058e-05 553.15 2501000.0
	2.89783123369e-05 578.15 2501000.0
	2.9819744857e-05 603.15 2501000.0
	3.06460394509e-05 628.15 2501000.0
	3.14580785224e-05 653.15 2501000.0
	3.22566785585e-05 678.15 2501000.0
	3.30425958003e-05 703.15 2501000.0
	3.38165314766e-05 728.15 2501000.0
	3.45791365946e-05 753.15 2501000.0
	3.53310163007e-05 778.15 2501000.0
	3.60727338377e-05 803.15 2501000.0
	3.68048141271e-05 828.15 2501000.0
	3.75277470106e-05 853.15 2501000.0
	3.82419901796e-05 878.15 2501000.0
	3.89479718252e-05 903.15 2501000.0
	3.96460930349e-05 928.15 2501000.0
	4.03367299629e-05 953.15 2501000.0
	4.10202357959e-05 978.15 2501000.0
	4.1696942537e-05 1003.15 2501000.0
	4.23671626253e-05 1028.15 2501000.0
	4.30311904083e-05 1053.15 2501000.0
	4.36893034823e-05 1078.15 2501000.0
	4.43417639142e-05 1103.15 2501000.0
	4.49888193566e-05 1128.15 2501000.0
	4.56307040669e-05 1153.15 2501000.0
	4.62676398395e-05 1178.15 2501000.0
	4.689983686e-05 1203.15 2501000.0
	1.61371919497e-05 253.15 2601000.0
	1.72871389481e-05 278.15 2601000.0
	1.84058744066e-05 303.15 2601000.0
	1.94937150804e-05 328.15 2601000.0
	2.05517863857e-05 353.15 2601000.0
	2.15815640665e-05 378.15 2601000.0
	2.25846472476e-05 403.15 2601000.0
	2.35626428448e-05 428.15 2601000.0
	2.45171068206e-05 453.15 2601000.0
	2.54495156307e-05 478.15 2601000.0
	2.63612540948e-05 503.15 2601000.0
	2.72536122783e-05 528.15 2601000.0
	2.81277872729e-05 553.15 2601000.0
	2.89848875444e-05 578.15 2601000.0
	2.98259385107e-05 603.15 2601000.0
	3.06518885831e-05 628.15 2601000.0
	3.14636152315e-05 653.15 2601000.0
	3.22619308337e-05 678.15 2601000.0
	3.30475881821e-05 703.15 2601000.0
	3.38212855907e-05 728.15 2601000.0
	3.45836715871e-05 753.15 2601000.0
	3.5335349196e-05 778.15 2601000.0
	3.60768798344e-05 803.15 2601000.0
	3.68087868449e-05 828.15 2601000.0
	3.75315586969e-05 853.15 2601000.0
	3.82456518843e-05 878.15 2601000.0
	3.89514935481e-05 903.15 2601000.0
	3.96494838521e-05 928.15 2601000.0
	4.03399981345e-05 953.15 2601000.0
	4.10233888589e-05 978.15 2601000.0
	4.16999873853e-05 1003.15 2601000.0
	4.23701055792e-05 1028.15 2601000.0
	4.3034037275e-05 1053.15 2601000.0
	4.36920596085e-05 1078.15 2601000.0
	4.43444342327e-05 1103.15 2601000.0
	4.49914084269e-05 1128.15 2601000.0
	4.56332161109e-05 1153.15 2601000.0
	4.62700787732e-05 1178.15 2601000.0
	4.69022063218e-05 1203.15 2601000.0
	1.61597309411e-05 253.15 2701000.0
	1.73065376503e-05 278.15 2701000.0
	1.84228530615e-05 303.15 2701000.0
	1.95087705536e-05 328.15 2701000.0
	2.05652772924e-05 353.15 2701000.0
	2.15937582684e-05 378.15 2701000.0
	2.25957502997e-05 403.15 2701000.0
	2.35728159861e-05 428.15 2701000.0
	2.45264788538e-05 453.15 2701000.0
	2.54581910465e-05 478.15 2701000.0
	2.63693187921e-05 503.15 2701000.0
	2.7261137692e-05 528.15 2701000.0
	2.81348334162e-05 553.15 2701000.0
	2.89915052917e-05 578.15 2701000.0
	2.98321713392e-05 603.15 2701000.0
	3.06577739197e-05 628.15 2701000.0
	3.14691855083e-05 653.15 2701000.0
	3.22672143242e-05 678.15 2701000.0
	3.30526096705e-05 703.15 2701000.0
	3.38260669132e-05 728.15 2701000.0
	3.45882320726e-05 753.15 2701000.0
	3.53397060284e-05 778.15 2701000.0
	3.60810483523e-05 803.15 2701000.0
	3.68127807914e-05 828.15 2701000.0
	3.75353904289e-05 853.15 2701000.0
	3.82493325485e-05 878.15 2701000.0
	3.89550332311e-05 903.15 2701000.0
	3.96528917076e-05 928.15 2701000.0
	4.03432824922e-05 953.15 2701000.0
	4.10265573184e-05 978.15 2701000.0
	4.17030468972e-05 1003.15 2701000.0
	4.23730625151e-05 1028.15 2701000.0
	4.30368974885e-05 1053.15 2701000.0
	4.36948284891e-05 1078.15 2701000.0
	4.43471167517e-05 1103.15 2701000.0
	4.49940091791e-05 1128.15 2701000.0
	4.56357393505e-05 1153.15 2701000.0
	4.62725284461e-05 1178.15 2701000.0
	4.69045860938e-05 1203.15 2701000.0
	1.61825250097e-05 253.15 2801000.0
	1.73261363719e-05 278.15 2801000.0
	1.84399942525e-05 303.15 2801000.0
	1.95239615754e-05 328.15 2801000.0
	2.05788834907e-05 353.15 2801000.0
	2.16060520611e-05 378.15 2801000.0
	2.26069404603e-05 403.15 2801000.0
	2.35830661066e-05 428.15 2801000.0
	2.45359195057e-05 453.15 2801000.0
	2.54669280816e-05 478.15 2801000.0
	2.63774391775e-05 503.15 2801000.0
	2.72687137155e-05 528.15 2801000.0
	2.81419257813e-05 553.15 2801000.0
	2.89981654391e-05 578.15 2801000.0
	2.98384432158e-05 603.15 2801000.0
	3.06636953458e-05 628.15 2801000.0
	3.14747892483e-05 653.15 2801000.0
	3.22725289346e-05 678.15 2801000.0
	3.30576601784e-05 703.15 2801000.0
	3.38308753642e-05 728.15 2801000.0
	3.45928179777e-05 753.15 2801000.0
	3.53440867305e-05 778.15 2801000.0
	3.60852393294e-05 803.15 2801000.0
	3.68167959096e-05 828.15 2801000.0
	3.75392421536e-05 853.15 2801000.0
	3.82530321233e-05 878.15 2801000.0
	3.89585908289e-05 903.15 2801000.0
	3.96563165592e-05 928.15 2801000.0
	4.03465829966e-05 953.15 2801000.0
	4.10297411378e-05 978.15 2801000.0
	4.17061210385e-05 1003.15 2801000.0
	4.2376033401e-05 1028.15 2801000.0
	4.30397710193e-05 1053.15 2801000.0
	4.3697610096e-05 1078.15 2801000.0
	4.43498114449e-05 1103.15 2801000.0
	4.49966215885e-05 1128.15 2801000.0
	4.56382737627e-05 1153.15 2801000.0
	4.62749888365e-05 1178.15 2801000.0
	4.69069761555e-05 1203.15 2801000.0
	1.62055743501e-05 253.15 2901000.0
	1.73459349508e-05 278.15 2901000.0
	1.84572976873e-05 303.15 2901000.0
	1.95392878159e-05 328.15 2901000.0
	2.05926046524e-05 353.15 2901000.0
	2.16184451348e-05 378.15 2901000.0
	2.26182174444e-05 403.15 2901000.0
	2.35933929471e-05 428.15 2901000.0
	2.45454285419e-05 453.15 2901000.0
	2.54757265247e-05 478.15 2901000.0
	2.63856150608e-05 503.15 2901000.0
	2.72763401771e-05 528.15 2901000.0
	2.81490642133e-05 553.15 2901000.0
	2.90048678467e-05 578.15 2901000.0
	2.98447540138e-05 603.15 2901000.0
	3.06696527463e-05 628.15 2901000.0
	3.14804263469e-05 653.15 2901000.0
	3.22778745696e-05 678.15 2901000.0
	3.30627396187e-05 703.15 2901000.0
	3.38357108642e-05 728.15 2901000.0
	3.45974292295e-05 753.15 2901000.0
	3.53484912351e-05 778.15 2901000.0
	3.60894527038e-05 803.15 2901000.0
	3.68208321421e-05 828.15 2901000.0
	3.75431138182e-05 853.15 2901000.0
	3.82567505599e-05 878.15 2901000.0
	3.89621662961e-05 903.15 2901000.0
	3.96597583647e-05 928.15 2901000.0
	4.03498996086e-05 953.15 2901000.0
	4.10329402805e-05 978.15 2901000.0
	4.17092097752e-05 1003.15 2901000.0
	4.23790182052e-05 1028.15 2901000.0
	4.30426578373e-05 1053.15 2901000.0
	4.37004044015e-05 1078.15 2901000.0
	4.43525182861e-05 1103.15 2901000.0
	4.49992456305e-05 1128.15 2901000.0
	4.56408193242e-05 1153.15 2901000.0
	4.62774599225e-05 1178.15 2901000.0
	4.69093764862e-05 1203.15 2901000.0
	1.62288791304e-05 253.15 3001000.0
	1.73659332077e-05 278.15 3001000.0
	1.84747630623e-05 303.15 3001000.0
	1.95547489378e-05 328.15 3001000.0
	2.06064404447e-05 353.15 3001000.0
	2.16309371768e-05 378.15 3001000.0
	2.26295809647e-05 403.15 3001000.0
	2.36037962467e-05 428.15 3001000.0
	2.45550057271e-05 453.15 3001000.0
	2.54845861638e-05 478.15 3001000.0
	2.63938462512e-05 503.15 3001000.0
	2.72840169051e-05 528.15 3001000.0
	2.81562485573e-05 553.15 3001000.0
	2.90116123745e-05 578.15 3001000.0
	2.98511036064e-05 603.15 3001000.0
	3.06756460063e-05 628.15 3001000.0
	3.14860966994e-05 653.15 3001000.0
	3.22832511339e-05 678.15 3001000.0
	3.30678479042e-05 703.15 3001000.0
	3.38405733333e-05 728.15 3001000.0
	3.46020657547e-05 753.15 3001000.0
	3.5352919475e-05 778.15 3001000.0
	3.60936884136e-05 803.15 3001000.0
	3.68248894321e-05 828.15 3001000.0
	3.754700537e-05 853.15 3001000.0
	3.82604878093e-05 878.15 3001000.0
	3.89657595874e-05 903.15 3001000.0
	3.96632170821e-05 928.15 3001000.0
	4.0353232289e-05 953.15 3001000.0
	4.10361547102e-05 978.15 3001000.0
	4.17123130732e-05 1003.15 3001000.0
	4.23820168958e-05 1028.15 3001000.0
	4.30455579129e-05 1053.15 3001000.0
	4.37032113775e-05 1078.15 3001000.0
	4.43552372492e-05 1103.15 3001000.0
	4.50018812806e-05 1128.15 3001000.0
	4.56433760121e-05 1153.15 3001000.0
	4.62799416825e-05 1178.15 3001000.0
	4.69117870655e-05 1203.15 3001000.0
	1.62524394919e-05 253.15 3101000.0
	1.73861309465e-05 278.15 3101000.0
	1.84923900631e-05 303.15 3101000.0
	1.95703445967e-05 328.15 3101000.0
	2.062039053e-05 353.15 3101000.0
	2.16435278709e-05 378.15 3101000.0
	2.26410307317e-05 403.15 3101000.0
	2.36142757433e-05 428.15 3101000.0
	2.45646508248e-05 453.15 3101000.0
	2.54935067865e-05 478.15 3101000.0
	2.64021325575e-05 503.15 3101000.0
	2.72917437273e-05 528.15 3101000.0
	2.8163478658e-05 553.15 3101000.0
	2.90183988821e-05 578.15 3101000.0
	2.98574918666e-05 603.15 3101000.0
	3.06816750104e-05 628.15 3101000.0
	3.14918002012e-05 653.15 3101000.0
	3.2288658532e-05 678.15 3101000.0
	3.30729849479e-05 703.15 3101000.0
	3.38454626918e-05 728.15 3101000.0
	3.46067274802e-05 753.15 3101000.0
	3.5357371383e-05 778.15 3101000.0
	3.6097946397e-05 803.15 3101000.0
	3.68289677222e-05 828.15 3101000.0
	3.75509167562e-05 853.15 3101000.0
	3.82642438228e-05 878.15 3101000.0
	3.89693706574e-05 903.15 3101000.0
	3.96666926693e-05 928.15 3101000.0
	4.03565809987e-05 953.15 3101000.0
	4.10393843903e-05 978.15 3101000.0
	4.17154308984e-05 1003.15 3101000.0
	4.2385029441e-05 1028.15 3101000.0
	4.30484712163e-05 1053.15 3101000.0
	4.37060309962e-05 1078.15 3101000.0
	4.43579683079e-05 1103.15 3101000.0
	4.50045285142e-05 1128.15 3101000.0
	4.56459438031e-05 1153.15 3101000.0
	4.62824340946e-05 1178.15 3101000.0
	4.69142078729e-05 1203.15 3101000.0
	1.62762555482e-05 253.15 3201000.0
	1.74065279537e-05 278.15 3201000.0
	1.85101783643e-05 303.15 3201000.0
	1.95860744411e-05 328.15 3201000.0
	2.06344545658e-05 353.15 3201000.0
	2.16562168979e-05 378.15 3201000.0
	2.26525664537e-05 403.15 3201000.0
	2.3624831173e-05 428.15 3201000.0
	2.45743635977e-05 453.15 3201000.0
	2.55024881792e-05 478.15 3201000.0
	2.64104737878e-05 503.15 3201000.0
	2.72995204711e-05 528.15 3201000.0
	2.817075436e-05 553.15 3201000.0
	2.90252272293e-05 578.15 3201000.0
	2.98639186674e-05 603.15 3201000.0
	3.06877396437e-05 628.15 3201000.0
	3.14975367475e-05 653.15 3201000.0
	3.22940966685e-05 678.15 3201000.0
	3.30781506627e-05 703.15 3201000.0
	3.38503788599e-05 728.15 3201000.0
	3.4611414333e-05 753.15 3201000.0
	3.5361846892e-05 778.15 3201000.0
	3.6102226592e-05 803.15 3201000.0
	3.68330669556e-05 828.15 3201000.0
	3.75548479241e-05 853.15 3201000.0
	3.82680185514e-05 878.15 3201000.0
	3.8972999461e-05 903.15 3201000.0
	3.96701850842e-05 928.15 3201000.0
	4.03599456984e-05 953.15 3201000.0
	4.10426292842e-05 978.15 3201000.0
	4.17185632169e-05 1003.15 3201000.0
	4.2388055809e-05 1028.15 3201000.0
	4.30513977177e-05 1053.15 3201000.0
	4.37088632298e-05 1078.15 3201000.0
	4.43607114361e-05 1103.15 3201000.0
	4.50071873066e-05 1128.15 3201000.0
	4.56485226742e-05 1153.15 3201000.0
	4.62849371372e-05 1178.15 3201000.0
	4.69166388879e-05 1203.15 3201000.0
	1.63003273851e-05 253.15 3301000.0
	1.74271239982e-05 278.15 3301000.0
	1.85281276294e-05 303.15 3301000.0
	1.96019381124e-05 328.15 3301000.0
	2.06486322053e-05 353.15 3301000.0
	2.16690039356e-05 378.15 3301000.0
	2.26641878372e-05 403.15 3301000.0
	2.36354622708e-05 428.15 3301000.0
	2.45841438074e-05 453.15 3301000.0
	2.55115301279e-05 478.15 3301000.0
	2.641886975e-05 503.15 3301000.0
	2.73073469638e-05 528.15 3301000.0
	2.81780755076e-05 553.15 3301000.0
	2.90320972755e-05 578.15 3301000.0
	2.98703838817e-05 603.15 3301000.0
	3.06938397907e-05 628.15 3301000.0
	3.15033062336e-05 653.15 3301000.0
	3.2299565448e-05 678.15 3301000.0
	3.30833449614e-05 703.15 3301000.0
	3.38553217581e-05 728.15 3301000.0
	3.46161262399e-05 753.15 3301000.0
	3.53663459348e-05 778.15 3301000.0
	3.61065289368e-05 803.15 3301000.0
	3.68371870752e-05 828.15 3301000.0
	3.7558798821e-05 853.15 3301000.0
	3.82718119464e-05 878.15 3301000.0
	3.89766459528e-05 903.15 3301000.0
	3.96736942848e-05 928.15 3301000.0
	4.03633263492e-05 953.15 3301000.0
	4.10458893557e-05 978.15 3301000.0
	4.17217099947e-05 1003.15 3301000.0
	4.23910959681e-05 1028.15 3301000.0
	4.30543373875e-05 1053.15 3301000.0
	4.37117080503e-05 1078.15 3301000.0
	4.43634666078e-05 1103.15 3301000.0
	4.50098576335e-05 1128.15 3301000.0
	4.56511126023e-05 1153.15 3301000.0
	4.62874507885e-05 1178.15 3301000.0
	4.69190800901e-05 1203.15 3301000.0
	1.63246550601e-05 253.15 3401000.0
	1.74479188316e-05 278.15 3401000.0
	1.85462375109e-05 303.15 3401000.0
	1.96179352448e-05 328.15 3401000.0
	2.06629230966e-05 353.15 3401000.0
	2.16818886583e-05 378.15 3401000.0
	2.26758945861e-05 403.15 3401000.0
	2.364616877e-05 428.15 3401000.0
	2.45939912145e-05 453.15 3401000.0
	2.5520632418e-05 478.15 3401000.0
	2.64273202513e-05 503.15 3401000.0
	2.73152230321e-05 528.15 3401000.0
	2.81854419449e-05 553.15 3401000.0
	2.903900888e-05 578.15 3401000.0
	2.98768873824e-05 603.15 3401000.0
	3.06999753362e-05 628.15 3401000.0
	3.15091085547e-05 653.15 3401000.0
	3.23050647752e-05 678.15 3401000.0
	3.3088567757e-05 703.15 3401000.0
	3.38602913066e-05 728.15 3401000.0
	3.46208631279e-05 753.15 3401000.0
	3.53708684442e-05 778.15 3401000.0
	3.61108533698e-05 803.15 3401000.0
	3.6841328024e-05 828.15 3401000.0
	3.75627693942e-05 853.15 3401000.0
	3.82756239591e-05 878.15 3401000.0
	3.89803100877e-05 903.15 3401000.0
	3.96772202291e-05 928.15 3401000.0
	4.0366722912e-05 953.15 3401000.0
	4.10491645684e-05 978.15 3401000.0
	4.17248711977e-05 1003.15 3401000.0
	4.23941498865e-05 1028.15 3401000.0
	4.30572901959e-05 1053.15 3401000.0
	4.371456543e-05 1078.15 3401000.0
	4.43662337968e-05 1103.15 3401000.0
	4.50125394703e-05 1128.15 3401000.0
	4.56537135644e-05 1153.15 3401000.0
	4.62899750268e-05 1178.15 3401000.0
	4.69215314591e-05 1203.15 3401000.0
	1.63492386016e-05 253.15 3501000.0
	1.74689121877e-05 278.15 3501000.0
	1.85645076503e-05 303.15 3501000.0
	1.96340654654e-05 328.15 3501000.0
	2.06773268835e-05 353.15 3501000.0
	2.16948707375e-05 378.15 3501000.0
	2.26876864026e-05 403.15 3501000.0
	2.36569504024e-05 428.15 3501000.0
	2.46039055785e-05 453.15 3501000.0
	2.55297948339e-05 478.15 3501000.0
	2.64358250986e-05 503.15 3501000.0
	2.73231485025e-05 528.15 3501000.0
	2.81928535158e-05 553.15 3501000.0
	2.90459619022e-05 578.15 3501000.0
	2.98834290421e-05 603.15 3501000.0
	3.07061461649e-05 628.15 3501000.0
	3.15149436061e-05 653.15 3501000.0
	3.23105945545e-05 678.15 3501000.0
	3.30938189623e-05 703.15 3501000.0
	3.38652874258e-05 728.15 3501000.0
	3.4625624924e-05 753.15 3501000.0
	3.53754143532e-05 778.15 3501000.0
	3.61151998291e-05 803.15 3501000.0
	3.6845489745e-05 828.15 3501000.0
	3.7566759591e-05 853.15 3501000.0
	3.82794545408e-05 878.15 3501000.0
	3.89839918204e-05 903.15 3501000.0
	3.96807628752e-05 928.15 3501000.0
	4.03701353477e-05 953.15 3501000.0
	4.10524548858e-05 978.15 3501000.0
	4.17280467922e-05 1003.15 3501000.0
	4.23972175326e-05 1028.15 3501000.0
	4.30602561133e-05 1053.15 3501000.0
	4.37174353411e-05 1078.15 3501000.0
	4.43690129771e-05 1103.15 3501000.0
	4.50152327925e-05 1128.15 3501000.0
	4.56563255375e-05 1153.15 3501000.0
	4.62925098305e-05 1178.15 3501000.0
	4.69239929743e-05 1203.15 3501000.0
	1.63740780087e-05 253.15 3601000.0
	1.74901037826e-05 278.15 3601000.0
	1.85829376779e-05 303.15 3601000.0
	1.96503283943e-05 328.15 3601000.0
	2.06918432049e-05 353.15 3601000.0
	2.17079498416e-05 378.15 3601000.0
	2.26995629866e-05 403.15 3601000.0
	2.36678068988e-05 428.15 3601000.0
	2.46138866582e-05 453.15 3601000.0
	2.55390171596e-05 478.15 3601000.0
	2.64443840983e-05 503.15 3601000.0
	2.73311232014e-05 528.15 3601000.0
	2.8200310064e-05 553.15 3601000.0
	2.9052956201e-05 578.15 3601000.0
	2.98900087335e-05 603.15 3601000.0
	3.07123521613e-05 628.15 3601000.0
	3.1520811283e-05 653.15 3601000.0
	3.23161546907e-05 678.15 3601000.0
	3.30990984904e-05 703.15 3601000.0
	3.3870310036e-05 728.15 3601000.0
	3.46304115552e-05 753.15 3601000.0
	3.53799835948e-05 778.15 3601000.0
	3.6119568253e-05 803.15 3601000.0
	3.68496721814e-05 828.15 3601000.0
	3.7570769359e-05 853.15 3601000.0
	3.82833036427e-05 878.15 3601000.0
	3.8987691106e-05 903.15 3601000.0
	3.96843221811e-05 928.15 3601000.0
	4.03735636174e-05 953.15 3601000.0
	4.10557602716e-05 978.15 3601000.0
	4.17312367441e-05 1003.15 3601000.0
	4.24002988746e-05 1028.15 3601000.0
	4.306323511e-05 1053.15 3601000.0
	4.37203177558e-05 1078.15 3601000.0
	4.43718041226e-05 1103.15 3601000.0
	4.50179375756e-05 1128.15 3601000.0
	4.56589484986e-05 1153.15 3601000.0
	4.62950551779e-05 1178.15 3601000.0
	4.69264646154e-05 1203.15 3601000.0
	1.63991732507e-05 253.15 3701000.0
	1.75114933142e-05 278.15 3701000.0
	1.86015272128e-05 303.15 3701000.0
	1.96667236445e-05 328.15 3701000.0
	2.07064716953e-05 353.15 3701000.0
	2.17211256358e-05 378.15 3701000.0
	2.27115240361e-05 403.15 3701000.0
	2.36787379881e-05 428.15 3701000.0
	2.46239342111e-05 453.15 3701000.0
	2.55482991785e-05 478.15 3701000.0
	2.64529970563e-05 503.15 3701000.0
	2.73391469546e-05 528.15 3701000.0
	2.82078114329e-05 553.15 3701000.0
	2.90599916354e-05 578.15 3701000.0
	2.98966263292e-05 603.15 3701000.0
	3.07185932101e-05 628.15 3701000.0
	3.15267114805e-05 653.15 3701000.0
	3.23217450883e-05 678.15 3701000.0
	3.31044062541e-05 703.15 3701000.0
	3.38753590576e-05 728.15 3701000.0
	3.46352229485e-05 753.15 3701000.0
	3.5384576102e-05 778.15 3701000.0
	3.61239585798e-05 803.15 3701000.0
	3.68538752762e-05 828.15 3701000.0
	3.75747986456e-05 853.15 3701000.0
	3.82871712162e-05 878.15 3701000.0
	3.89914078991e-05 903.15 3701000.0
	3.96878981049e-05 928.15 3701000.0
	4.0377007682e-05 953.15 3701000.0
	4.10590806895e-05 978.15 3701000.0
	4.17344410196e-05 1003.15 3701000.0
	4.24033938809e-05 1028.15 3701000.0
	4.30662271564e-05 1053.15 3701000.0
	4.37232126464e-05 1078.15 3701000.0
	4.43746072072e-05 1103.15 3701000.0
	4.50206537952e-05 1128.15 3701000.0
	4.56615824246e-05 1153.15 3701000.0
	4.62976110475e-05 1178.15 3701000.0
	4.6928946362e-05 1203.15 3701000.0
	1.64245242668e-05 253.15 3801000.0
	1.75330804626e-05 278.15 3801000.0
	1.86202758631e-05 303.15 3801000.0
	1.96832508218e-05 328.15 3801000.0
	2.07212119845e-05 353.15 3801000.0
	2.17343977824e-05 378.15 3801000.0
	2.27235692469e-05 403.15 3801000.0
	2.36897433982e-05 428.15 3801000.0
	2.46340479942e-05 453.15 3801000.0
	2.5557640673e-05 478.15 3801000.0
	2.64616637781e-05 503.15 3801000.0
	2.73472195876e-05 528.15 3801000.0
	2.82153574658e-05 553.15 3801000.0
	2.90670680641e-05 578.15 3801000.0
	2.99032817015e-05 603.15 3801000.0
	3.07248691958e-05 628.15 3801000.0
	3.15326440938e-05 653.15 3801000.0
	3.23273656518e-05 678.15 3801000.0
	3.31097421664e-05 703.15 3801000.0
	3.38804344111e-05 728.15 3801000.0
	3.4640059031e-05 753.15 3801000.0
	3.53891918076e-05 778.15 3801000.0
	3.61283707479e-05 803.15 3801000.0
	3.68580989726e-05 828.15 3801000.0
	3.75788473981e-05 853.15 3801000.0
	3.82910572128e-05 878.15 3801000.0
	3.89951421548e-05 903.15 3801000.0
	3.96914906049e-05 928.15 3801000.0
	4.03804675026e-05 953.15 3801000.0
	4.10624161033e-05 978.15 3801000.0
	4.17376595848e-05 1003.15 3801000.0
	4.24065025198e-05 1028.15 3801000.0
	4.3069232223e-05 1053.15 3801000.0
	4.37261199851e-05 1078.15 3801000.0
	4.43774222051e-05 1103.15 3801000.0
	4.5023381427e-05 1128.15 3801000.0
	4.56642272927e-05 1153.15 3801000.0
	4.63001774174e-05 1178.15 3801000.0
	4.69314381938e-05 1203.15 3801000.0
	1.64501309654e-05 253.15 3901000.0
	1.75548648895e-05 278.15 3901000.0
	1.86391832258e-05 303.15 3901000.0
	1.96999095252e-05 328.15 3901000.0
	2.07360636977e-05 353.15 3901000.0
	2.17477659406e-05 378.15 3901000.0
	2.27356983129e-05 403.15 3901000.0
	2.37008228554e-05 428.15 3901000.0
	2.46442277631e-05 453.15 3901000.0
	2.55670414252e-05 478.15 3901000.0
	2.64703840687e-05 503.15 3901000.0
	2.73553409259e-05 528.15 3901000.0
	2.82229480059e-05 553.15 3901000.0
	2.9074185346e-05 578.15 3901000.0
	2.9909974723e-05 603.15 3901000.0
	3.07311800028e-05 628.15 3901000.0
	3.15386090181e-05 653.15 3901000.0
	3.23330162859e-05 678.15 3901000.0
	3.31151061403e-05 703.15 3901000.0
	3.38855360168e-05 728.15 3901000.0
	3.46449197297e-05 753.15 3901000.0
	3.53938306448e-05 778.15 3901000.0
	3.61328046956e-05 803.15 3901000.0
	3.68623432137e-05 828.15 3901000.0
	3.75829155642e-05 853.15 3901000.0
	3.82949615837e-05 878.15 3901000.0
	3.89988938281e-05 903.15 3901000.0
	3.96950996391e-05 928.15 3901000.0
	4.03839430404e-05 953.15 3901000.0
	4.10657664766e-05 978.15 3901000.0
	4.1740892406e-05 1003.15 3901000.0
	4.24096247599e-05 1028.15 3901000.0
	4.30722502801e-05 1053.15 3901000.0
	4.37290397443e-05 1078.15 3901000.0
	4.43802490902e-05 1103.15 3901000.0
	4.50261204464e-05 1128.15 3901000.0
	4.56668830799e-05 1153.15 3901000.0
	4.63027542663e-05 1178.15 3901000.0
	4.69339400904e-05 1203.15 3901000.0
	1.64759932236e-05 253.15 4001000.0
	1.75768462385e-05 278.15 4001000.0
	1.86582488866e-05 303.15 4001000.0
	1.97166993464e-05 328.15 4001000.0
	2.07510264556e-05 353.15 4001000.0
	2.17612297666e-05 378.15 4001000.0
	2.2747910926e-05 403.15 4001000.0
	2.37119760848e-05 428.15 4001000.0
	2.46544732728e-05 453.15 4001000.0
	2.55765012165e-05 478.15 4001000.0
	2.64791577328e-05 503.15 4001000.0
	2.73635107945e-05 528.15 4001000.0
	2.8230582896e-05 553.15 4001000.0
	2.90813433396e-05 578.15 4001000.0
	2.99167052659e-05 603.15 4001000.0
	3.07375255156e-05 628.15 4001000.0
	3.15446061485e-05 653.15 4001000.0
	3.23386968952e-05 678.15 4001000.0
	3.31204980888e-05 703.15 4001000.0
	3.38906637953e-05 728.15 4001000.0
	3.46498049718e-05 753.15 4001000.0
	3.53984925467e-05 778.15 4001000.0
	3.61372603614e-05 803.15 4001000.0
	3.68666079429e-05 828.15 4001000.0
	3.75870030914e-05 853.15 4001000.0
	3.82988842805e-05 878.15 4001000.0
	3.90026628739e-05 903.15 4001000.0
	3.96987251657e-05 928.15 4001000.0
	4.03874342564e-05 953.15 4001000.0
	4.10691317733e-05 978.15 4001000.0
	4.17441394492e-05 1003.15 4001000.0
	4.24127605694e-05 1028.15 4001000.0
	4.30752812982e-05 1053.15 4001000.0
	4.37319718963e-05 1078.15 4001000.0
	4.43830878365e-05 1103.15 4001000.0
	4.50288708291e-05 1128.15 4001000.0
	4.56695497632e-05 1153.15 4001000.0
	4.63053415724e-05 1178.15 4001000.0
	4.69364520315e-05 1203.15 4001000.0
	1.65021108873e-05 253.15 4101000.0
	1.75990241347e-05 278.15 4101000.0
	1.867747242e-05 303.15 4101000.0
	1.97336198703e-05 328.15 4101000.0
	2.07660998746e-05 353.15 4101000.0
	2.17747889138e-05 378.15 4101000.0
	2.27602067761e-05 403.15 4101000.0
	2.372320281e-05 428.15 4101000.0
	2.46647842773e-05 453.15 4101000.0
	2.55860198276e-05 478.15 4101000.0
	2.64879845747e-05 503.15 4101000.0
	2.73717290181e-05 528.15 4101000.0
	2.82382619789e-05 553.15 4101000.0
	2.90885419033e-05 578.15 4101000.0
	2.99234732026e-05 603.15 4101000.0
	3.07439056186e-05 628.15 4101000.0
	3.15506353801e-05 653.15 4101000.0
	3.23444073843e-05 678.15 4101000.0
	3.31259179249e-05 703.15 4101000.0
	3.38958176669e-05 728.15 4101000.0
	3.46547146845e-05 753.15 4101000.0
	3.54031774463e-05 778.15 4101000.0
	3.61417376837e-05 803.15 4101000.0
	3.68708931033e-05 828.15 4101000.0
	3.75911099272e-05 853.15 4101000.0
	3.83028252547e-05 878.15 4101000.0
	3.90064492472e-05 903.15 4101000.0
	3.9702367143e-05 928.15 4101000.0
	4.03909411118e-05 953.15 4101000.0
	4.10725119572e-05 978.15 4101000.0
	4.17474006809e-05 1003.15 4101000.0
	4.24159099169e-05 1028.15 4101000.0
	4.30783252479e-05 1053.15 4101000.0
	4.37349164134e-05 1078.15 4101000.0
	4.43859384181e-05 1103.15 4101000.0
	4.50316325508e-05 1128.15 4101000.0
	4.56722273198e-05 1153.15 4101000.0
	4.63079393143e-05 1178.15 4101000.0
	4.69389739967e-05 1203.15 4101000.0
	1.65284837704e-05 253.15 4201000.0
	1.76213981846e-05 278.15 4201000.0
	1.86968533895e-05 303.15 4201000.0
	1.97506706747e-05 328.15 4201000.0
	2.07812835662e-05 353.15 4201000.0
	2.17884430324e-05 378.15 4201000.0
	2.2772585551e-05 403.15 4201000.0
	2.37345027534e-05 428.15 4201000.0
	2.46751605296e-05 453.15 4201000.0
	2.55955970387e-05 478.15 4201000.0
	2.64968643981e-05 503.15 4201000.0
	2.73799954212e-05 528.15 4201000.0
	2.82459850972e-05 553.15 4201000.0
	2.90957808956e-05 578.15 4201000.0
	2.99302784053e-05 603.15 4201000.0
	3.07503201962e-05 628.15 4201000.0
	3.15566966081e-05 653.15 4201000.0
	3.23501476578e-05 678.15 4201000.0
	3.31313655616e-05 703.15 4201000.0
	3.39009975523e-05 728.15 4201000.0
	3.46596487948e-05 753.15 4201000.0
	3.54078852768e-05 778.15 4201000.0
	3.6146236601e-05 803.15 4201000.0
	3.68751986382e-05 828.15 4201000.0
	3.75952360193e-05 853.15 4201000.0
	3.83067844578e-05 878.15 4201000.0
	3.90102529031e-05 903.15 4201000.0
	3.97060255293e-05 928.15 4201000.0
	4.03944635678e-05 953.15 4201000.0
	4.10759069921e-05 978.15 4201000.0
	4.17506760672e-05 1003.15 4201000.0
	4.24190727708e-05 1028.15 4201000.0
	4.30813820996e-05 1053.15 4201000.0
	4.3737873268e-05 1078.15 4201000.0
	4.43888008092e-05 1103.15 4201000.0
	4.50344055871e-05 1128.15 4201000.0
	4.56749157267e-05 1153.15 4201000.0
	4.63105474704e-05 1178.15 4201000.0
	4.69415059657e-05 1203.15 4201000.0
	1.65551116544e-05 253.15 4301000.0
	1.76439679764e-05 278.15 4301000.0
	1.87163913472e-05 303.15 4301000.0
	1.97678513305e-05 328.15 4301000.0
	2.07965771377e-05 353.15 4301000.0
	2.18021917699e-05 378.15 4301000.0
	2.27850469368e-05 403.15 4301000.0
	2.37458756362e-05 428.15 4301000.0
	2.46856017821e-05 453.15 4301000.0
	2.56052326293e-05 478.15 4301000.0
	2.65057970064e-05 503.15 4301000.0
	2.73883098281e-05 528.15 4301000.0
	2.82537520932e-05 553.15 4301000.0
	2.91030601746e-05 578.15 4301000.0
	2.9937120746e-05 603.15 4301000.0
	3.07567691329e-05 628.15 4301000.0
	3.15627897276e-05 653.15 4301000.0
	3.23559176203e-05 678.15 4301000.0
	3.3136840912e-05 703.15 4301000.0
	3.39062033719e-05 728.15 4301000.0
	3.46646072301e-05 753.15 4301000.0
	3.54126159714e-05 778.15 4301000.0
	3.61507570518e-05 803.15 4301000.0
	3.6879524491e-05 828.15 4301000.0
	3.75993813153e-05 853.15 4301000.0
	3.83107618413e-05 878.15 4301000.0
	3.90140737967e-05 903.15 4301000.0
	3.97097002829e-05 928.15 4301000.0
	4.03980015855e-05 953.15 4301000.0
	4.10793168419e-05 978.15 4301000.0
	4.17539655744e-05 1003.15 4301000.0
	4.24222490996e-05 1028.15 4301000.0
	4.30844518239e-05 1053.15 4301000.0
	4.37408424325e-05 1078.15 4301000.0
	4.43916749838e-05 1103.15 4301000.0
	4.50371899137e-05 1128.15 4301000.0
	4.56776149612e-05 1153.15 4301000.0
	4.63131660192e-05 1178.15 4301000.0
	4.69440479184e-05 1203.15 4301000.0
	1.65819942883e-05 253.15 4401000.0
	1.76667330794e-05 278.15 4401000.0
	1.87360858343e-05 303.15 4401000.0
	1.97851614016e-05 328.15 4401000.0
	2.08119801919e-05 353.15 4401000.0
	2.18160347707e-05 378.15 4401000.0
	2.27975906176e-05 403.15 4401000.0
	2.37573211781e-05 428.15 4401000.0
	2.4696107786e-05 453.15 4401000.0
	2.56149263784e-05 478.15 4401000.0
	2.65147822028e-05 503.15 4401000.0
	2.73966720628e-05 528.15 4401000.0
	2.82615628091e-05 553.15 4401000.0
	2.91103795985e-05 578.15 4401000.0
	2.9944000097e-05 603.15 4401000.0
	3.07632523128e-05 628.15 4401000.0
	3.15689146337e-05 653.15 4401000.0
	3.23617171765e-05 678.15 4401000.0
	3.31423438891e-05 703.15 4401000.0
	3.39114350463e-05 728.15 4401000.0
	3.46695899176e-05 753.15 4401000.0
	3.54173694633e-05 778.15 4401000.0
	3.61552989748e-05 803.15 4401000.0
	3.6883870605e-05 828.15 4401000.0
	3.76035457629e-05 853.15 4401000.0
	3.83147573569e-05 878.15 4401000.0
	3.90179118832e-05 903.15 4401000.0
	3.9713391362e-05 928.15 4401000.0
	4.04015551264e-05 953.15 4401000.0
	4.10827414705e-05 978.15 4401000.0
	4.17572691688e-05 1003.15 4401000.0
	4.2425438872e-05 1028.15 4401000.0
	4.30875343913e-05 1053.15 4401000.0
	4.37438238794e-05 1078.15 4401000.0
	4.4394560916e-05 1103.15 4401000.0
	4.50399855063e-05 1128.15 4401000.0
	4.56803250004e-05 1153.15 4401000.0
	4.63157949392e-05 1178.15 4401000.0
	4.69465998343e-05 1203.15 4401000.0
	1.6609131388e-05 253.15 4501000.0
	1.76896930443e-05 278.15 4501000.0
	1.87559363805e-05 303.15 4501000.0
	1.98026004449e-05 328.15 4501000.0
	2.08274923273e-05 353.15 4501000.0
	2.18299716767e-05 378.15 4501000.0
	2.28102162755e-05 403.15 4501000.0
	2.37688390976e-05 428.15 4501000.0
	2.47066782919e-05 453.15 4501000.0
	2.56246780644e-05 478.15 4501000.0
	2.65238197897e-05 503.15 4501000.0
	2.74050819488e-05 528.15 4501000.0
	2.8269417087e-05 553.15 4501000.0
	2.91177390254e-05 578.15 4501000.0
	2.99509163302e-05 603.15 4501000.0
	3.07697696205e-05 628.15 4501000.0
	3.15750712215e-05 653.15 4501000.0
	3.23675462311e-05 678.15 4501000.0
	3.31478744061e-05 703.15 4501000.0
	3.39166924962e-05 728.15 4501000.0
	3.46745967845e-05 753.15 4501000.0
	3.54221456857e-05 778.15 4501000.0
	3.61598623084e-05 803.15 4501000.0
	3.68882369236e-05 828.15 4501000.0
	3.76077293099e-05 853.15 4501000.0
	3.83187709561e-05 878.15 4501000.0
	3.90217671176e-05 903.15 4501000.0
	3.97170987252e-05 928.15 4501000.0
	4.04051241515e-05 953.15 4501000.0
	4.10861808419e-05 978.15 4501000.0
	4.17605868169e-05 1003.15 4501000.0
	4.24286420564e-05 1028.15 4501000.0
	4.30906297724e-05 1053.15 4501000.0
	4.37468175811e-05 1078.15 4501000.0
	4.439745858e-05 1103.15 4501000.0
	4.50427923407e-05 1128.15 4501000.0
	4.56830458215e-05 1153.15 4501000.0
	4.63184342089e-05 1178.15 4501000.0
	4.69491616934e-05 1203.15 4501000.0
	1.6636522636e-05 253.15 4601000.0
	1.77128474028e-05 278.15 4601000.0
	1.87759425047e-05 303.15 4601000.0
	1.98201680107e-05 328.15 4601000.0
	2.08431131378e-05 353.15 4601000.0
	2.18440021264e-05 378.15 4601000.0
	2.28229235908e-05 403.15 4601000.0
	2.37804291121e-05 428.15 4601000.0
	2.47173130494e-05 453.15 4601000.0
	2.56344874651e-05 478.15 4601000.0
	2.65329095696e-05 503.15 4601000.0
	2.74135393098e-05 528.15 4601000.0
	2.82773147688e-05 553.15 4601000.0
	2.91251383133e-05 578.15 4601000.0
	2.99578693177e-05 603.15 4601000.0
	3.077632094e-05 628.15 4601000.0
	3.15812593862e-05 653.15 4601000.0
	3.23734046886e-05 678.15 4601000.0
	3.31534323761e-05 703.15 4601000.0
	3.39219756422e-05 728.15 4601000.0
	3.46796277582e-05 753.15 4601000.0
	3.5426944572e-05 778.15 4601000.0
	3.61644469913e-05 803.15 4601000.0
	3.68926233903e-05 828.15 4601000.0
	3.7611931904e-05 853.15 4601000.0
	3.83228025907e-05 878.15 4601000.0
	3.90256394553e-05 903.15 4601000.0
	3.97208223307e-05 928.15 4601000.0
	4.04087086223e-05 953.15 4601000.0
	4.10896349199e-05 978.15 4601000.0
	4.1763918485e-05 1003.15 4601000.0
	4.24318586214e-05 1028.15 4601000.0
	4.30937379379e-05 1053.15 4601000.0
	4.374982351e-05 1078.15 4601000.0
	4.440036795e-05 1103.15 4601000.0
	4.50456103926e-05 1128.15 4601000.0
	4.56857774016e-05 1153.15 4601000.0
	4.63210838068e-05 1178.15 4601000.0
	4.69517334752e-05 1203.15 4601000.0
	1.66641676813e-05 253.15 4701000.0
	1.77361956681e-05 278.15 4701000.0
	1.87961037144e-05 303.15 4701000.0
	1.98378636422e-05 328.15 4701000.0
	2.08588422132e-05 353.15 4701000.0
	2.1858125756e-05 378.15 4701000.0
	2.28357122419e-05 403.15 4701000.0
	2.37920909375e-05 428.15 4701000.0
	2.47280118075e-05 453.15 4701000.0
	2.56443543579e-05 478.15 4701000.0
	2.65420513443e-05 503.15 4701000.0
	2.7422043969e-05 528.15 4701000.0
	2.82852556963e-05 553.15 4701000.0
	2.91325773199e-05 578.15 4701000.0
	2.99648589315e-05 603.15 4701000.0
	3.07829061558e-05 628.15 4701000.0
	3.15874790229e-05 653.15 4701000.0
	3.23792924539e-05 678.15 4701000.0
	3.31590177122e-05 703.15 4701000.0
	3.39272844048e-05 728.15 4701000.0
	3.4684682766e-05 753.15 4701000.0
	3.54317660554e-05 778.15 4701000.0
	3.61690529622e-05 803.15 4701000.0
	3.68970299486e-05 828.15 4701000.0
	3.7616153493e-05 853.15 4701000.0
	3.83268522124e-05 878.15 4701000.0
	3.90295288514e-05 903.15 4701000.0
	3.9724562137e-05 928.15 4701000.0
	4.04123085e-05 953.15 4701000.0
	4.10931036686e-05 978.15 4701000.0
	4.17672641394e-05 1003.15 4701000.0
	4.24350885357e-05 1028.15 4701000.0
	4.30968588584e-05 1053.15 4701000.0
	4.37528416386e-05 1078.15 4701000.0
	4.44032890003e-05 1103.15 4701000.0
	4.50484396377e-05 1128.15 4701000.0
	4.5688519718e-05 1153.15 4701000.0
	4.63237437116e-05 1178.15 4701000.0
	4.69543151598e-05 1203.15 4701000.0
	1.66920661389e-05 253.15 4801000.0
	1.77597373343e-05 278.15 4801000.0
	1.8816419506e-05 303.15 4801000.0
	1.98556868758e-05 328.15 4801000.0
	2.08746791388e-05 353.15 4801000.0
	2.18723421985e-05 378.15 4801000.0
	2.28485819055e-05 403.15 4801000.0
	2.38038242886e-05 428.15 4801000.0
	2.4738774314e-05 453.15 4801000.0
	2.56542785193e-05 478.15 4801000.0
	2.65512449153e-05 503.15 4801000.0
	2.74305957493e-05 528.15 4801000.0
	2.82932397111e-05 553.15 4801000.0
	2.91400559031e-05 578.15 4801000.0
	2.99718850433e-05 603.15 4801000.0
	3.07895251521e-05 628.15 4801000.0
	3.15937300267e-05 653.15 4801000.0
	3.23852094315e-05 678.15 4801000.0
	3.31646303277e-05 703.15 4801000.0
	3.39326187049e-05 728.15 4801000.0
	3.46897617353e-05 753.15 4801000.0
	3.54366100693e-05 778.15 4801000.0
	3.61736801599e-05 803.15 4801000.0
	3.69014565419e-05 828.15 4801000.0
	3.76203940248e-05 853.15 4801000.0
	3.83309197728e-05 878.15 4801000.0
	3.90334352611e-05 903.15 4801000.0
	3.97283181025e-05 928.15 4801000.0
	4.04159237462e-05 953.15 4801000.0
	4.1096587052e-05 978.15 4801000.0
	4.17706237467e-05 1003.15 4801000.0
	4.24383317679e-05 1028.15 4801000.0
	4.30999925045e-05 1053.15 4801000.0
	4.37558719396e-05 1078.15 4801000.0
	4.44062217049e-05 1103.15 4801000.0
	4.5051280052e-05 1128.15 4801000.0
	4.56912727479e-05 1153.15 4801000.0
	4.63264139017e-05 1178.15 4801000.0
	4.69569067268e-05 1203.15 4801000.0
	1.67202175895e-05 253.15 4901000.0
	1.77834718764e-05 278.15 4901000.0
	1.88368893649e-05 303.15 4901000.0
	1.98736372411e-05 328.15 4901000.0
	2.08906234957e-05 353.15 4901000.0
	2.18866510845e-05 378.15 4901000.0
	2.28615322563e-05 403.15 4901000.0
	2.3815628879e-05 428.15 4901000.0
	2.47496003162e-05 453.15 4901000.0
	2.56642597257e-05 478.15 4901000.0
	2.65604900838e-05 503.15 4901000.0
	2.74391944735e-05 528.15 4901000.0
	2.83012666546e-05 553.15 4901000.0
	2.91475739207e-05 578.15 4901000.0
	2.99789475251e-05 603.15 4901000.0
	3.07961778132e-05 628.15 4901000.0
	3.16000122928e-05 653.15 4901000.0
	3.23911555263e-05 678.15 4901000.0
	3.31702701357e-05 703.15 4901000.0
	3.39379784632e-05 728.15 4901000.0
	3.46948645936e-05 753.15 4901000.0
	3.54414765472e-05 778.15 4901000.0
	3.6178328523e-05 803.15 4901000.0
	3.69059031139e-05 828.15 4901000.0
	3.76246534472e-05 853.15 4901000.0
	3.83350052238e-05 878.15 4901000.0
	3.903735864e-05 903.15 4901000.0
	3.97320901859e-05 928.15 4901000.0
	4.04195543221e-05 953.15 4901000.0
	4.11000850342e-05 978.15 4901000.0
	4.17739972733e-05 1003.15 4901000.0
	4.24415882867e-05 1028.15 4901000.0
	4.3103138847e-05 1053.15 4901000.0
	4.37589143854e-05 1078.15 4901000.0
	4.44091660383e-05 1103.15 4901000.0
	4.50541316111e-05 1128.15 4901000.0
	4.56940364686e-05 1153.15 4901000.0
	4.63290943559e-05 1178.15 4901000.0
	4.69595081561e-05 1203.15 4901000.0
