
	1.34522890844 253.15 101000.0
	1.22389650819 278.15 101000.0
	1.12269587606 303.15 101000.0
	1.03698833178 328.15 101000.0
	0.963461869385 353.15 101000.0
	0.899687510633 378.15 101000.0
	0.843842880798 403.15 101000.0
	0.794533680916 428.15 101000.0
	0.750674797652 453.15 101000.0
	0.711409001985 478.15 101000.0
	0.676050048992 503.15 101000.0
	0.644042032502 528.15 101000.0
	0.614929818171 553.15 101000.0
	0.588337182239 578.15 101000.0
	0.563950408754 603.15 101000.0
	0.541505817634 628.15 101000.0
	0.52078016608 653.15 101000.0
	0.501583179147 678.15 101000.0
	0.483751677818 703.15 101000.0
	0.467144919514 728.15 101000.0
	0.451640868546 753.15 101000.0
	0.43713318687 778.15 101000.0
	0.423528787833 803.15 101000.0
	0.410745833711 828.15 101000.0
	0.398712085818 853.15 101000.0
	0.38736353683 878.15 101000.0
	0.376643270518 903.15 101000.0
	0.366500505983 928.15 101000.0
	0.356889792453 953.15 101000.0
	0.347770327676 978.15 101000.0
	0.339105378322 1003.15 101000.0
	0.330861785014 1028.15 101000.0
	0.323009537911 1053.15 101000.0
	0.315521411381 1078.15 101000.0
	0.308372648374 1103.15 101000.0
	0.301540686799 1128.15 101000.0
	0.295004921501 1153.15 101000.0
	0.288746496564 1178.15 101000.0
	0.282748123522 1203.15 101000.0
	2.67909214694 253.15 201000.0
	2.43661806224 278.15 201000.0
	2.23461218333 303.15 201000.0
	2.06367601958 328.15 201000.0
	1.91712503577 353.15 201000.0
	1.79007102695 378.15 201000.0
	1.67885461232 403.15 201000.0
	1.58068078061 428.15 201000.0
	1.49337724544 453.15 201000.0
	1.41522977174 478.15 201000.0
	1.34486724585 503.15 201000.0
	1.28117976301 528.15 201000.0
	1.2232591516 553.15 201000.0
	1.17035506546 578.15 201000.0
	1.12184208178 603.15 201000.0
	1.077194711 628.15 201000.0
	1.03596818177 653.15 201000.0
	0.99778350009 678.15 201000.0
	0.962315711774 703.15 201000.0
	0.929284594017 728.15 201000.0
	0.898447208521 753.15 201000.0
	0.869591895544 778.15 201000.0
	0.842533393511 803.15 201000.0
	0.817108845358 828.15 201000.0
	0.793174509058 853.15 201000.0
	0.770603031518 878.15 201000.0
	0.749281176327 903.15 201000.0
	0.729107919553 928.15 201000.0
	0.709992845814 953.15 201000.0
	0.691854790785 978.15 201000.0
	0.674620687042 1003.15 201000.0
	0.658224578552 1028.15 201000.0
	0.64260677575 1053.15 201000.0
	0.627713128326 1078.15 201000.0
	0.613494397014 1103.15 201000.0
	0.599905709015 1128.15 201000.0
	0.586906084337 1153.15 201000.0
	0.574458022493 1178.15 201000.0
	0.562527140783 1203.15 201000.0
	4.01487913678 253.15 301000.0
	3.65025981269 278.15 301000.0
	3.34684853233 303.15 301000.0
	3.0903191714 328.15 301000.0
	2.87052142465 353.15 301000.0
	2.68005382101 378.15 301000.0
	2.51338755271 403.15 301000.0
	2.36630688288 428.15 301000.0
	2.23553970315 453.15 301000.0
	2.11850662132 478.15 301000.0
	2.01314631881 503.15 301000.0
	1.91779135525 528.15 301000.0
	1.83107815557 553.15 301000.0
	1.75188065883 578.15 301000.0
	1.67926066111 603.15 301000.0
	1.61243013994 628.15 301000.0
	1.55072231166 653.15 301000.0
	1.49356914421 678.15 301000.0
	1.44048370317 703.15 301000.0
	1.39104615933 728.15 301000.0
	1.34489260031 753.15 301000.0
	1.30170601089 778.15 301000.0
	1.2612089467 803.15 301000.0
	1.22315754097 828.15 301000.0
	1.18733656953 853.15 301000.0
	1.15355536216 878.15 301000.0
	1.12164439538 903.15 301000.0
	1.09145243771 928.15 301000.0
	1.06284414561 953.15 301000.0
	1.03569802907 978.15 301000.0
	1.00990472222 1003.15 301000.0
	0.985365506841 1028.15 301000.0
	0.961991046659 1053.15 301000.0
	0.939700298067 1078.15 301000.0
	0.918419569262 1103.15 301000.0
	0.898081704693 1128.15 301000.0
	0.878625375774 1153.15 301000.0
	0.859994462034 1178.15 301000.0
	0.842137509533 1203.15 301000.0
	5.35256964299 253.15 401000.0
	4.86480372873 278.15 401000.0
	4.45939040932 303.15 401000.0
	4.1169065571 328.15 401000.0
	3.82364249422 353.15 401000.0
	3.56962944612 378.15 401000.0
	3.34743685513 403.15 401000.0
	3.15140835294 428.15 401000.0
	2.97715945255 453.15 401000.0
	2.82123752623 478.15 401000.0
	2.6808857697 503.15 401000.0
	2.5538757115 528.15 401000.0
	2.43838603786 553.15 401000.0
	2.33291340368 578.15 401000.0
	2.236205767 603.15 401000.0
	2.14721186188 628.15 401000.0
	2.06504241828 653.15 401000.0
	1.98894005445 678.15 401000.0
	1.91825565628 703.15 401000.0
	1.85242966628 728.15 401000.0
	1.79097712972 753.15 401000.0
	1.73347564475 778.15 401000.0
	1.67955557826 803.15 401000.0
	1.62889206492 828.15 401000.0
	1.58119842085 853.15 401000.0
	1.53622068828 878.15 401000.0
	1.49373309049 903.15 401000.0
	1.45353422454 928.15 401000.0
	1.41544385562 953.15 401000.0
	1.3793002048 978.15 401000.0
	1.3449576437 1003.15 401000.0
	1.31228472662 1028.15 401000.0
	1.28116250377 1053.15 401000.0
	1.25148306977 1078.15 401000.0
	1.22314831007 1103.15 401000.0
	1.19606881442 1128.15 401000.0
	1.17016293194 1153.15 401000.0
	1.14535594684 1178.15 401000.0
	1.12157935696 1203.15 401000.0
	6.69214308478 253.15 501000.0
	6.08023163477 278.15 501000.0
	5.57222325606 303.15 501000.0
	5.14342694855 328.15 501000.0
	4.77647972408 353.15 501000.0
	4.45879148329 378.15 501000.0
	4.1809977007 403.15 501000.0
	3.9359815817 428.15 501000.0
	3.7182337979 453.15 501000.0
	3.52342048119 478.15 501000.0
	3.34808411656 503.15 501000.0
	3.18943174757 528.15 501000.0
	3.04518201746 553.15 501000.0
	2.91345275073 578.15 501000.0
	2.79267702747 603.15 501000.0
	2.68153964067 628.15 501000.0
	2.5789283695 653.15 501000.0
	2.48389617824 678.15 501000.0
	2.39563157912 703.15 501000.0
	2.31343516877 728.15 501000.0
	2.23670088518 753.15 501000.0
	2.16490091114 778.15 501000.0
	2.09757342087 803.15 501000.0
	2.03431256312 828.15 501000.0
	1.97476021794 853.15 501000.0
	1.91859917048 878.15 501000.0
	1.86554742537 903.15 501000.0
	1.81535344486 928.15 501000.0
	1.76779214026 953.15 501000.0
	1.72266148077 978.15 501000.0
	1.67977961178 1003.15 501000.0
	1.63898239501 1028.15 501000.0
	1.60012130053 1053.15 501000.0
	1.56306159286 1078.15 501000.0
	1.52768076462 1103.15 501000.0
	1.49386717897 1128.15 501000.0
	1.46151888914 1153.15 501000.0
	1.43054260869 1178.15 501000.0
	1.40085281035 1203.15 501000.0
	8.03357853194 253.15 601000.0
	7.29652520995 278.15 601000.0
	6.68533246995 303.15 601000.0
	6.16986911956 328.15 601000.0
	5.72902461504 353.15 601000.0
	5.34753354103 378.15 601000.0
	5.0140652983 403.15 601000.0
	4.72002298552 428.15 601000.0
	4.45876006574 453.15 601000.0
	4.22505349997 478.15 601000.0
	4.01473989344 503.15 601000.0
	3.82445839264 528.15 601000.0
	3.65146532453 553.15 601000.0
	3.49349815991 578.15 601000.0
	3.34867407823 603.15 601000.0
	3.21541324657 628.15 601000.0
	3.09238003852 653.15 601000.0
	2.97843746739 678.15 601000.0
	2.87261148338 703.15 601000.0
	2.77406272379 728.15 601000.0
	2.68206395767 753.15 601000.0
	2.59598192624 778.15 601000.0
	2.515262609 803.15 601000.0
	2.43941918301 828.15 601000.0
	2.36802211698 853.15 601000.0
	2.30069097044 878.15 601000.0
	2.23708756465 903.15 601000.0
	2.1769102643 928.15 601000.0
	2.11988916457 953.15 601000.0
	2.06578202035 978.15 601000.0
	2.01437078722 1003.15 601000.0
	1.96545866953 1028.15 601000.0
	1.91886759074 1053.15 601000.0
	1.87443601707 1078.15 601000.0
	1.83201707833 1103.15 601000.0
	1.7914769393 1128.15 601000.0
	1.75269338381 1153.15 601000.0
	1.71555457951 1178.15 601000.0
	1.67995799711 1203.15 601000.0
	9.37685470152 253.15 701000.0
	8.51366598769 278.15 701000.0
	7.79870340407 303.15 701000.0
	7.19622184601 328.15 701000.0
	6.68126868913 353.15 701000.0
	6.23584925519 378.15 701000.0
	5.84663488436 403.15 701000.0
	5.50352900601 428.15 701000.0
	5.19873560474 453.15 701000.0
	4.92613461521 478.15 701000.0
	4.68085165029 503.15 701000.0
	4.45895458918 528.15 701000.0
	4.25723520027 553.15 701000.0
	4.07304910034 578.15 701000.0
	3.90419656258 603.15 701000.0
	3.74883245611 628.15 701000.0
	3.60539730376 653.15 701000.0
	3.47256387808 678.15 701000.0
	3.34919538436 703.15 701000.0
	3.23431239138 728.15 701000.0
	3.12706644072 753.15 701000.0
	3.02671880834 778.15 701000.0
	2.93262327892 803.15 701000.0
	2.84421207351 828.15 701000.0
	2.76098427542 853.15 701000.0
	2.6824962509 878.15 701000.0
	2.60835367385 903.15 701000.0
	2.5382048492 928.15 701000.0
	2.47173509427 953.15 701000.0
	2.40866198741 978.15 701000.0
	2.34873133124 1003.15 701000.0
	2.29171370808 1028.15 701000.0
	2.23740152848 1053.15 701000.0
	2.18560649236 1078.15 701000.0
	2.13615739682 1103.15 701000.0
	2.08889823658 1128.15 701000.0
	2.04368655257 1153.15 701000.0
	2.00039199133 1178.15 701000.0
	1.95889504475 1203.15 701000.0
	10.7219499547 253.15 801000.0
	9.73163535547 278.15 801000.0
	8.91232136738 303.15 801000.0
	8.22247390589 328.15 801000.0
	7.6332034895 353.15 801000.0
	7.12373228883 378.15 801000.0
	6.67870172263 403.15 801000.0
	6.28649610981 428.15 801000.0
	5.93815778542 453.15 801000.0
	5.6266618782 478.15 801000.0
	5.34641795276 503.15 801000.0
	5.09291929275 528.15 801000.0
	4.86249089677 553.15 801000.0
	4.65210505015 578.15 801000.0
	4.45924413133 603.15 801000.0
	4.28179705206 628.15 801000.0
	4.11798004883 653.15 801000.0
	3.96627537081 678.15 801000.0
	3.82538330098 703.15 801000.0
	3.69418423454 728.15 801000.0
	3.57170843035 753.15 801000.0
	3.45711167783 778.15 801000.0
	3.34965556867 803.15 801000.0
	3.24869138502 828.15 801000.0
	3.15364685194 853.15 801000.0
	3.06401517563 878.15 801000.0
	2.97934591938 903.15 801000.0
	2.89923736666 928.15 801000.0
	2.82333009566 953.15 801000.0
	2.75130154637 978.15 801000.0
	2.68286140549 1003.15 801000.0
	2.6177476689 1028.15 801000.0
	2.55572326818 1053.15 801000.0
	2.49657316898 1078.15 801000.0
	2.44010186594 1103.15 801000.0
	2.38613121214 1128.15 801000.0
	2.33449853216 1153.15 801000.0
	2.28505497633 1178.15 801000.0
	2.23766408088 1203.15 801000.0
	12.0688422937 253.15 901000.0
	10.9504145546 278.15 901000.0
	10.0261716249 303.15 901000.0
	9.24861407942 328.15 901000.0
	8.5848205804 353.15 901000.0
	8.01117633205 378.15 901000.0
	7.51026110408 403.15 901000.0
	7.06892078841 428.15 901000.0
	6.67702400003 453.15 901000.0
	6.32663335874 478.15 901000.0
	6.01143738204 503.15 901000.0
	5.72635147192 528.15 901000.0
	5.46723167688 553.15 901000.0
	5.23066549647 578.15 901000.0
	5.01381644271 603.15 901000.0
	4.81430682337 628.15 901000.0
	4.63012816243 653.15 901000.0
	4.45957191031 678.15 901000.0
	4.30117525568 703.15 901000.0
	4.15367831926 728.15 901000.0
	4.01599002505 753.15 901000.0
	3.88716065717 778.15 901000.0
	3.76635961798 803.15 901000.0
	3.65285726941 828.15 901000.0
	3.54601000647 853.15 901000.0
	3.44524790946 878.15 901000.0
	3.35006446849 903.15 901000.0
	3.2600079845 928.15 901000.0
	3.17467433569 953.15 901000.0
	3.09370086216 978.15 901000.0
	3.01676117206 1003.15 901000.0
	2.94356071063 1028.15 901000.0
	2.87383296454 1053.15 901000.0
	2.80733619743 1078.15 901000.0
	2.74385063178 1103.15 901000.0
	2.6831760075 1128.15 901000.0
	2.6251294595 1153.15 901000.0
	2.5695436668 1178.15 901000.0
	2.51626523321 1203.15 901000.0
	13.4175093592 253.15 1001000.0
	12.1699846801 278.15 1001000.0
	11.1402393982 303.15 1001000.0
	10.2746311492 328.15 1001000.0
	9.53611154714 353.15 1001000.0
	8.89817510186 378.15 1001000.0
	8.34130834661 403.15 1001000.0
	7.85079955791 428.15 1001000.0
	7.41533166229 453.15 1001000.0
	7.02604714494 478.15 1001000.0
	6.67590853474 503.15 1001000.0
	6.35925010806 528.15 1001000.0
	6.07145681418 553.15 1001000.0
	5.80872993523 578.15 1001000.0
	5.56791316229 603.15 1001000.0
	5.34636156505 628.15 1001000.0
	5.14184153835 653.15 1001000.0
	4.95245346555 678.15 1001000.0
	4.77657127442 703.15 1001000.0
	4.61279471442 728.15 1001000.0
	4.45991132577 753.15 1001000.0
	4.31686587086 778.15 1001000.0
	4.18273556834 803.15 1001000.0
	4.05670987997 828.15 1001000.0
	3.93807390011 853.15 1001000.0
	3.82619461821 878.15 1001000.0
	3.72050948931 903.15 1001000.0
	3.62051687128 928.15 1001000.0
	3.52576798188 953.15 1001000.0
	3.43586010022 978.15 1001000.0
	3.35043079347 1003.15 1001000.0
	3.26915299227 1028.15 1001000.0
	3.19173077261 1053.15 1001000.0
	3.11789572844 1078.15 1001000.0
	3.0474038406 1103.15 1001000.0
	2.98003276434 1128.15 1001000.0
	2.91557947164 1153.15 1001000.0
	2.85385819514 1178.15 1001000.0
	2.79469862955 1203.15 1001000.0
	14.7679284277 253.15 1101000.0
	13.390326681 278.15 1101000.0
	12.2545098652 303.15 1101000.0
	11.3005139004 328.15 1101000.0
	10.4870679961 353.15 1101000.0
	9.7847223421 378.15 1101000.0
	9.17183879497 403.15 1101000.0
	8.6321289589 428.15 1101000.0
	8.15307820728 453.15 1101000.0
	7.72490134309 478.15 1101000.0
	7.3398300227 503.15 1101000.0
	6.99161419529 528.15 1101000.0
	6.67516559275 553.15 1101000.0
	6.38629787115 578.15 1101000.0
	6.12153396289 603.15 1101000.0
	5.87796107815 628.15 1101000.0
	5.65312007535 653.15 1101000.0
	5.44492000962 678.15 1101000.0
	5.25157138661 703.15 1101000.0
	5.07153349183 728.15 1101000.0
	4.90347243586 753.15 1101000.0
	4.74622744544 778.15 1101000.0
	4.59878356292 803.15 1101000.0
	4.46024937142 828.15 1101000.0
	4.32983869518 853.15 1101000.0
	4.20685546871 878.15 1101000.0
	4.0906811508 903.15 1101000.0
	3.98076419626 928.15 1101000.0
	3.87661120237 953.15 1101000.0
	3.77777942648 978.15 1101000.0
	3.68387043266 1003.15 1101000.0
	3.59452467315 1028.15 1101000.0
	3.50941684769 1053.15 1101000.0
	3.42825191303 1078.15 1101000.0
	3.35076163889 1103.15 1101000.0
	3.27670162452 1128.15 1101000.0
	3.20584870577 1153.15 1101000.0
	3.13799869389 1178.15 1101000.0
	3.07296439779 1203.15 1101000.0
	16.1200764093 253.15 1201000.0
	14.6114213599 278.15 1201000.0
	13.3689681613 303.15 1201000.0
	12.3262511208 328.15 1201000.0
	11.4376815547 353.15 1201000.0
	10.6708118233 378.15 1201000.0
	10.0018478205 403.15 1201000.0
	9.41290555621 428.15 1201000.0
	8.89026109121 453.15 1201000.0
	8.42319407744 478.15 1201000.0
	8.00320047287 503.15 1201000.0
	7.6234427403 528.15 1201000.0
	7.27835730716 553.15 1201000.0
	6.96336881759 578.15 1201000.0
	6.67467852452 603.15 1201000.0
	6.40910516965 628.15 1201000.0
	6.16396367715 653.15 1201000.0
	5.93697151974 678.15 1201000.0
	5.72617562508 703.15 1201000.0
	5.52989472611 728.15 1201000.0
	5.34667346105 753.15 1201000.0
	5.17524550942 778.15 1201000.0
	5.01450374653 803.15 1201000.0
	4.86347589987 828.15 1201000.0
	4.72130455517 853.15 1201000.0
	4.58723062878 878.15 1201000.0
	4.46057962275 903.15 1201000.0
	4.34075012938 928.15 1201000.0
	4.2272041659 953.15 1201000.0
	4.11945900739 978.15 1201000.0
	4.01708025298 1003.15 1201000.0
	3.91967591298 1028.15 1201000.0
	3.82689134539 1053.15 1201000.0
	3.73840490244 1078.15 1201000.0
	3.65392417334 1103.15 1201000.0
	3.57318273009 1128.15 1201000.0
	3.49593729922 1153.15 1201000.0
	3.42196529568 1178.15 1201000.0
	3.35106266595 1203.15 1201000.0
	17.4739298454 253.15 1301000.0
	15.833249374 278.15 1301000.0
	14.4835993793 303.15 1301000.0
	13.3518316015 328.15 1301000.0
	12.3879438714 353.15 1301000.0
	11.5564373426 378.15 1301000.0
	10.8313308212 403.15 1301000.0
	10.1931259388 428.15 1301000.0
	9.62687779124 453.15 1301000.0
	9.12092349006 478.15 1301000.0
	8.66601852715 503.15 1301000.0
	8.25473476224 528.15 1301000.0
	7.8810312623 553.15 1301000.0
	7.5399422965 578.15 1301000.0
	7.22734653426 603.15 1301000.0
	6.93979365243 628.15 1301000.0
	6.67437225233 653.15 1301000.0
	6.42860797717 678.15 1301000.0
	6.20038402604 703.15 1301000.0
	5.98787849471 728.15 1301000.0
	5.78951450943 753.15 1301000.0
	5.60392019328 778.15 1301000.0
	5.42989626567 803.15 1301000.0
	5.26638962283 828.15 1301000.0
	5.11247164473 853.15 1301000.0
	4.96732026721 878.15 1301000.0
	4.83020507579 903.15 1301000.0
	4.70047484129 928.15 1301000.0
	4.57754704176 953.15 1301000.0
	4.46089900987 978.15 1301000.0
	4.3500604182 1003.15 1301000.0
	4.24460687177 1028.15 1301000.0
	4.14415442163 1053.15 1301000.0
	4.04835484815 1078.15 1301000.0
	3.95689159085 1103.15 1301000.0
	3.86947622324 1128.15 1301000.0
	3.78584538946 1153.15 1301000.0
	3.70575813327 1178.15 1301000.0
	3.6289935621 1203.15 1301000.0
	18.8294649069 253.15 1401000.0
	17.055791235 278.15 1401000.0
	15.5983885701 303.15 1401000.0
	14.3772441364 328.15 1401000.0
	13.3378466161 353.15 1401000.0
	12.4415927236 378.15 1401000.0
	11.6602832211 403.15 1401000.0
	10.9727867195 428.15 1401000.0
	10.3629258054 453.15 1401000.0
	9.81808774071 478.15 1401000.0
	9.32828284226 503.15 1401000.0
	8.8854892926 528.15 1401000.0
	8.4831867733 553.15 1401000.0
	8.11601783828 578.15 1401000.0
	7.77953768625 603.15 1401000.0
	7.47002634518 628.15 1401000.0
	7.18434571431 653.15 1401000.0
	6.91982936719 678.15 1401000.0
	6.67419662904 703.15 1401000.0
	6.44548487788 728.15 1401000.0
	6.23199569141 753.15 1401000.0
	6.03225162944 778.15 1401000.0
	5.84496126843 803.15 1401000.0
	5.66899069915 828.15 1401000.0
	5.50334012964 853.15 1401000.0
	5.34712455377 878.15 1401000.0
	5.19955768133 903.15 1401000.0
	5.05993850331 928.15 1401000.0
	4.92763999983 953.15 1401000.0
	4.80209960132 978.15 1401000.0
	4.68281109249 1003.15 1401000.0
	4.56931770992 1028.15 1401000.0
	4.46120623258 1053.15 1401000.0
	4.35810190189 1078.15 1401000.0
	4.25966403849 1103.15 1401000.0
	4.16558224633 1128.15 1401000.0
	4.0755731141 1153.15 1401000.0
	3.98937733953 1178.15 1401000.0
	3.90675721442 1203.15 1401000.0
	20.1866573927 253.15 1501000.0
	18.2790273095 278.15 1501000.0
	16.7133207429 303.15 1501000.0
	15.4024775232 328.15 1501000.0
	14.2873814796 353.15 1501000.0
	13.3262718165 378.15 1501000.0
	12.4887004708 403.15 1501000.0
	11.7518845349 428.15 1501000.0
	11.0984026521 453.15 1501000.0
	10.5146850066 478.15 1501000.0
	9.98999208958 503.15 1501000.0
	9.51570537505 528.15 1501000.0
	9.0848231654 553.15 1501000.0
	8.69159498172 578.15 1501000.0
	8.33125168154 603.15 1501000.0
	7.99980307234 628.15 1501000.0
	7.69388398129 653.15 1501000.0
	7.41063567905 678.15 1501000.0
	7.14761347693 703.15 1501000.0
	6.90271395859 728.15 1501000.0
	6.6741171197 753.15 1501000.0
	6.46023995226 778.15 1501000.0
	6.25969890455 803.15 1501000.0
	6.07127928906 828.15 1501000.0
	5.89391017685 853.15 1501000.0
	5.72664365914 878.15 1501000.0
	5.5686376116 903.15 1501000.0
	5.41914128745 928.15 1501000.0
	5.27748321054 953.15 1501000.0
	5.14306094963 978.15 1501000.0
	5.01533244042 1003.15 1501000.0
	4.89380858813 1028.15 1501000.0
	4.77804693469 1053.15 1501000.0
	4.66764621559 1078.15 1501000.0
	4.56224166355 1103.15 1501000.0
	4.46150094188 1128.15 1501000.0
	4.36512061088 1153.15 1501000.0
	4.27282304742 1178.15 1501000.0
	4.18435375117 1203.15 1501000.0
	21.545482728 253.15 1601000.0
	19.5029378199 278.15 1601000.0
	17.8283808667 303.15 1601000.0
	16.4275205634 328.15 1601000.0
	15.236540174 353.15 1601000.0
	14.2104684978 378.15 1601000.0
	13.3165780466 403.15 1601000.0
	12.5304160452 428.15 1601000.0
	11.8333058707 453.15 1601000.0
	11.2107134825 478.15 1601000.0
	10.651144955 503.15 1601000.0
	10.1453820654 528.15 1601000.0
	9.68593977387 553.15 1601000.0
	9.26667327392 578.15 1601000.0
	8.88248822805 603.15 1601000.0
	8.52912366404 628.15 1601000.0
	8.20298697617 653.15 1601000.0
	7.90102690591 678.15 1601000.0
	7.6206346158 703.15 1601000.0
	7.35956582254 728.15 1601000.0
	7.11587890925 753.15 1601000.0
	6.88788529797 778.15 1601000.0
	6.6741093253 803.15 1601000.0
	6.47325555408 828.15 1601000.0
	6.28418195437 853.15 1601000.0
	6.10587775498 878.15 1601000.0
	5.9374450396 903.15 1601000.0
	5.77808336635 928.15 1601000.0
	5.6270768449 953.15 1601000.0
	5.48378322312 978.15 1601000.0
	5.34762462694 1003.15 1601000.0
	5.21807966743 1028.15 1601000.0
	5.09467668472 1053.15 1601000.0
	4.97698794145 1078.15 1601000.0
	4.8646246135 1103.15 1601000.0
	4.75723245256 1128.15 1601000.0
	4.65448801764 1153.15 1601000.0
	4.55609539002 1178.15 1601000.0
	4.46178330071 1203.15 1601000.0
	22.9059159631 253.15 1701000.0
	20.727502845 278.15 1701000.0
	18.9435538698 303.15 1701000.0
	17.4523620627 328.15 1701000.0
	16.1853144331 353.15 1701000.0
	15.0941766702 378.15 1701000.0
	14.1439114511 403.15 1701000.0
	13.3083779341 428.15 1701000.0
	12.5676330203 453.15 1701000.0
	11.90617138 478.15 1701000.0
	11.3117401389 503.15 1701000.0
	10.7745184314 528.15 1701000.0
	10.2865359439 553.15 1701000.0
	9.84125227017 578.15 1701000.0
	9.43324704051 603.15 1701000.0
	9.05798795604 628.15 1701000.0
	8.71165462651 653.15 1701000.0
	8.39100304478 678.15 1701000.0
	8.09326009499 703.15 1701000.0
	7.81604055812 728.15 1701000.0
	7.55728117729 753.15 1701000.0
	7.31518780469 778.15 1701000.0
	7.08819268357 803.15 1701000.0
	6.87491965707 828.15 1701000.0
	6.67415563135 853.15 1701000.0
	6.48482701385 878.15 1701000.0
	6.3059801391 903.15 1701000.0
	6.13676491332 928.15 1701000.0
	5.97642107443 953.15 1701000.0
	5.8242665906 978.15 1701000.0
	5.67968781738 1003.15 1701000.0
	5.54213110918 1028.15 1701000.0
	5.41109563964 1053.15 1701000.0
	5.28612723186 1078.15 1701000.0
	5.16681303599 1103.15 1701000.0
	5.05277692121 1128.15 1701000.0
	4.94367547239 1153.15 1701000.0
	4.83919450051 1178.15 1701000.0
	4.73904599145 1203.15 1701000.0
	24.2679317726 253.15 1801000.0
	21.9527023207 278.15 1801000.0
	20.0588246415 303.15 1801000.0
	18.4769908314 328.15 1801000.0
	17.1336960118 353.15 1801000.0
	15.9773902628 378.15 1801000.0
	14.9706962124 403.15 1801000.0
	14.0857669085 428.15 1801000.0
	13.3013816807 453.15 1801000.0
	12.6010569281 478.15 1801000.0
	11.9717763559 503.15 1801000.0
	11.4031135526 528.15 1801000.0
	10.8866110305 553.15 1801000.0
	10.4153315339 578.15 1801000.0
	9.98352784034 603.15 1801000.0
	9.58639578964 628.15 1801000.0
	9.2198868645 653.15 1801000.0
	8.88056409655 678.15 1801000.0
	8.565489967 703.15 1801000.0
	8.27213825636 728.15 1801000.0
	7.99832404323 753.15 1801000.0
	7.74214761236 778.15 1801000.0
	7.50194913375 803.15 1801000.0
	7.27627176216 828.15 1801000.0
	7.06383137801 853.15 1801000.0
	6.86349160922 878.15 1801000.0
	6.67424308467 903.15 1801000.0
	6.4951861023 928.15 1801000.0
	6.32551607121 953.15 1801000.0
	6.16451122133 978.15 1801000.0
	6.01152217747 1003.15 1801000.0
	5.86596307504 1028.15 1801000.0
	5.72730395674 1053.15 1801000.0
	5.59506423945 1078.15 1801000.0
	5.46880707884 1103.15 1801000.0
	5.3481344908 1128.15 1801000.0
	5.23268311324 1153.15 1801000.0
	5.12212051216 1178.15 1801000.0
	5.01614195191 1203.15 1801000.0
	25.6315044546 253.15 1901000.0
	23.178516041 278.15 1901000.0
	21.1741780321 303.15 1901000.0
	19.5013956844 328.15 1901000.0
	18.0816766868 353.15 1901000.0
	16.860103231 378.15 1901000.0
	15.7969278846 403.15 1901000.0
	14.8625796985 428.15 1901000.0
	14.0345494512 453.15 1901000.0
	13.2953683726 478.15 1901000.0
	12.6312523346 503.15 1901000.0
	12.0311665204 528.15 1901000.0
	11.4861643984 553.15 1901000.0
	10.9889106365 578.15 1901000.0
	10.5333303556 603.15 1901000.0
	10.1143470117 628.15 1901000.0
	9.72768362687 653.15 1901000.0
	9.36971006583 678.15 1901000.0
	9.03732428747 703.15 1901000.0
	8.72785901091 728.15 1901000.0
	8.43900762867 753.15 1901000.0
	8.16876486278 778.15 1901000.0
	7.91537883178 803.15 1901000.0
	7.67731203479 828.15 1901000.0
	7.45320936564 853.15 1901000.0
	7.24187171545 878.15 1901000.0
	7.04223405158 903.15 1901000.0
	6.85334710787 928.15 1901000.0
	6.67436200785 953.15 1901000.0
	6.50451728498 978.15 1901000.0
	6.3431278733 1003.15 1901000.0
	6.18957572699 1028.15 1901000.0
	6.04330179353 1053.15 1901000.0
	5.90379911704 1078.15 1901000.0
	5.77060689008 1103.15 1901000.0
	5.64330530445 1128.15 1901000.0
	5.5215110784 1153.15 1901000.0
	5.40487355834 1178.15 1901000.0
	5.29307131067 1203.15 1901000.0
	26.99660793 253.15 2001000.0
	24.404923659 278.15 2001000.0
	22.2895988542 303.15 2001000.0
	20.5255654425 328.15 2001000.0
	19.0292482565 353.15 2001000.0
	17.7423095564 378.15 2001000.0
	16.6226020472 403.15 2001000.0
	15.6388130571 428.15 2001000.0
	14.7671339512 453.15 2001000.0
	13.989103976 478.15 2001000.0
	13.2901668178 503.15 2001000.0
	12.6586764378 528.15 2001000.0
	12.085195422 553.15 2001000.0
	11.5619891575 578.15 2001000.0
	11.082654321 603.15 2001000.0
	10.6418414744 628.15 2001000.0
	10.2350448549 653.15 2001000.0
	9.85844096101 678.15 2001000.0
	9.50876311516 703.15 2001000.0
	9.183202918 728.15 2001000.0
	8.87933205737 753.15 2001000.0
	8.59503969951 778.15 2001000.0
	8.32848193511 803.15 2001000.0
	8.07804064163 828.15 2001000.0
	7.84228976659 853.15 2001000.0
	7.61996750781 878.15 2001000.0
	7.40995321589 903.15 2001000.0
	7.21124810523 928.15 2001000.0
	7.02295905748 953.15 2001000.0
	6.84428495171 978.15 2001000.0
	6.67450507131 1003.15 2001000.0
	6.51296922733 1028.15 2001000.0
	6.35908930778 1053.15 2001000.0
	6.21233201769 1078.15 2001000.0
	6.07221261789 1103.15 2001000.0
	5.93828950544 1128.15 2001000.0
	5.81015950624 1153.15 2001000.0
	5.68745377252 1178.15 2001000.0
	5.5698341964 1203.15 2001000.0
	28.3632157424 253.15 2101000.0
	25.631904688 278.15 2101000.0
	23.4050718835 303.15 2101000.0
	21.5494889317 328.15 2101000.0
	19.9764025412 353.15 2101000.0
	18.6240032467 378.15 2101000.0
	17.4477143051 403.15 2101000.0
	16.4144637603 428.15 2101000.0
	15.4991328199 453.15 2101000.0
	14.6822620176 478.15 2101000.0
	13.9485185622 503.15 2101000.0
	13.2856424192 528.15 2101000.0
	12.683703485 553.15 2101000.0
	12.1345666841 578.15 2101000.0
	11.6314994777 603.15 2101000.0
	11.1688790354 628.15 2101000.0
	10.7419704942 653.15 2101000.0
	10.3467567942 678.15 2101000.0
	9.97980651191 703.15 2101000.0
	9.63817007642 728.15 2101000.0
	9.31929745522 753.15 2101000.0
	9.02097226792 778.15 2101000.0
	8.74125860265 803.15 2101000.0
	8.47845775061 828.15 2101000.0
	8.23107275425 853.15 2101000.0
	7.99777916242 878.15 2101000.0
	7.77740075436 903.15 2101000.0
	7.56888927019 928.15 2101000.0
	7.37130739373 953.15 2101000.0
	7.18381439206 978.15 2101000.0
	7.00565393832 1003.15 2101000.0
	6.83614373863 1028.15 2101000.0
	6.67466665754 1053.15 2101000.0
	6.52066309465 1078.15 2101000.0
	6.37362441062 1103.15 2101000.0
	6.23308723717 1128.15 2101000.0
	6.0986285352 1153.15 2101000.0
	5.96986128826 1178.15 2101000.0
	5.84643073783 1203.15 2101000.0
	29.7313010582 253.15 2201000.0
	26.8594385031 278.15 2201000.0
	24.5205818596 303.15 2201000.0
	22.5731549849 328.15 2201000.0
	20.9231313833 353.15 2201000.0
	19.5051783359 378.15 2201000.0
	18.272260289 403.15 2201000.0
	17.1895286068 428.15 2201000.0
	16.230543716 453.15 2201000.0
	15.3748407931 478.15 2201000.0
	14.6063063381 503.15 2201000.0
	13.9120635906 528.15 2201000.0
	13.2816879809 553.15 2201000.0
	12.7066428113 578.15 2201000.0
	12.1798655732 603.15 2201000.0
	11.6954595577 628.15 2201000.0
	11.2484604949 653.15 2201000.0
	10.834657581 678.15 2201000.0
	10.4504545426 703.15 2201000.0
	10.0927605875 728.15 2201000.0
	9.75890395021 753.15 2201000.0
	9.44656271513 778.15 2201000.0
	9.15370899481 803.15 2201000.0
	8.87856353087 828.15 2201000.0
	8.61955850304 853.15 2201000.0
	8.37530685627 878.15 2201000.0
	8.14457684448 903.15 2201000.0
	7.92627077917 928.15 2201000.0
	7.71940719075 953.15 2201000.0
	7.52310577701 978.15 2201000.0
	7.3365746415 1003.15 2201000.0
	7.15909942378 1028.15 2201000.0
	6.99003400106 1053.15 2201000.0
	6.82879250138 1078.15 2201000.0
	6.6748424168 1103.15 2201000.0
	6.52769864318 1128.15 2201000.0
	6.38691830387 1153.15 2201000.0
	6.25209623921 1178.15 2201000.0
	6.12286106376 1203.15 2201000.0
	31.1008366664 253.15 2301000.0
	28.0875043417 278.15 2301000.0
	25.6361134866 303.15 2301000.0
	23.5965524411 328.15 2301000.0
	21.8694266474 353.15 2301000.0
	20.385828884 378.15 2301000.0
	19.0962356544 403.15 2301000.0
	17.9640044179 428.15 2301000.0
	16.9613643175 453.15 2301000.0
	16.0668386145 478.15 2301000.0
	15.2635289295 503.15 2301000.0
	14.5379390892 528.15 2301000.0
	13.8791483123 553.15 2301000.0
	13.2782171421 578.15 2301000.0
	12.7277523616 603.15 2301000.0
	12.2215829094 628.15 2301000.0
	11.7545148115 653.15 2301000.0
	11.3221433409 678.15 2301000.0
	10.920707275 703.15 2301000.0
	10.546974555 728.15 2301000.0
	10.1981516724 753.15 2301000.0
	9.87181118998 778.15 2301000.0
	9.56583327342 803.15 2301000.0
	9.27835815279 828.15 2301000.0
	9.00774718838 853.15 2301000.0
	8.7525507672 878.15 2301000.0
	8.51148166446 903.15 2301000.0
	8.28339280919 928.15 2301000.0
	8.0672586232 953.15 2301000.0
	7.86215927799 978.15 2301000.0
	7.66726734836 1003.15 2301000.0
	7.48183644595 1028.15 2301000.0
	7.30519149687 1053.15 2301000.0
	7.13672039153 1078.15 2301000.0
	6.97586678512 1103.15 2301000.0
	6.82212386715 1128.15 2301000.0
	6.67502895092 1153.15 2301000.0
	6.53415875911 1178.15 2301000.0
	6.39912530307 1203.15 2301000.0
	32.4717949794 253.15 2401000.0
	29.3160813059 278.15 2401000.0
	26.751651435 303.15 2401000.0
	24.619670147 328.15 2401000.0
	22.8152802204 353.15 2401000.0
	21.2659489776 378.15 2401000.0
	19.9196360824 403.15 2401000.0
	18.7378880373 428.15 2401000.0
	17.6915923219 453.15 2401000.0
	16.7582538103 478.15 2401000.0
	15.9201851341 503.15 2401000.0
	15.1632680634 528.15 2401000.0
	14.4760838911 553.15 2401000.0
	13.8492892867 578.15 2401000.0
	13.275159603 603.15 2401000.0
	12.7472489641 628.15 2401000.0
	12.2601334027 653.15 2401000.0
	11.8092140968 678.15 2401000.0
	11.39056478 703.15 2401000.0
	11.0008120853 728.15 2401000.0
	10.637040754 753.15 2401000.0
	10.296717843 778.15 2401000.0
	9.97763160175 803.15 2401000.0
	9.67784178792 828.15 2401000.0
	9.39563898671 853.15 2401000.0
	9.12951107388 878.15 2401000.0
	8.8781153932 903.15 2401000.0
	8.64025553783 928.15 2401000.0
	8.41486186619 953.15 2401000.0
	8.20097506678 978.15 2401000.0
	7.99773222676 1003.15 2401000.0
	7.80435496859 1028.15 2401000.0
	7.6201393037 1053.15 2401000.0
	7.44444691895 1078.15 2401000.0
	7.27669766442 1103.15 2401000.0
	7.1163630529 1128.15 2401000.0
	6.96296061515 1153.15 2401000.0
	6.81604898178 1178.15 2401000.0
	6.67522358471 1203.15 2401000.0
	33.8441480336 253.15 2501000.0
	30.5451483635 278.15 2501000.0
	27.8671803417 303.15 2501000.0
	25.642496957 328.15 2501000.0
	23.7606840121 353.15 2501000.0
	22.145532729 378.15 2501000.0
	20.7424572792 403.15 2501000.0
	19.5111763311 428.15 2501000.0
	18.4212254457 453.15 2501000.0
	17.4490847248 478.15 2501000.0
	16.5762737628 503.15 2501000.0
	15.7880496727 528.15 2501000.0
	15.0724941383 553.15 2501000.0
	14.4198588631 578.15 2501000.0
	13.822087064 603.15 2501000.0
	13.2724576002 628.15 2501000.0
	12.7653162316 653.15 2501000.0
	12.295869875 678.15 2501000.0
	11.8600271314 703.15 2501000.0
	11.454273287 728.15 2501000.0
	11.075571329 753.15 2501000.0
	10.7212828265 778.15 2501000.0
	10.3891041445 803.15 2501000.0
	10.077014609 828.15 2501000.0
	9.78323407544 853.15 2501000.0
	9.50618795581 878.15 2501000.0
	9.2444782103 903.15 2501000.0
	8.99685914327 928.15 2501000.0
	8.76221709536 953.15 2501000.0
	8.53955331561 978.15 2501000.0
	8.32796944489 1003.15 2501000.0
	8.12665515543 1028.15 2501000.0
	7.93487758055 1053.15 2501000.0
	7.75197223769 1078.15 2501000.0
	7.57733520372 1103.15 2501000.0
	7.41041634436 1128.15 2501000.0
	7.25071343543 1153.15 2501000.0
	7.09776704112 1178.15 2501000.0
	6.95115603768 1203.15 2501000.0
	35.2178674903 253.15 2601000.0
	31.7746843498 278.15 2601000.0
	28.9826848119 303.15 2601000.0
	26.6650217336 328.15 2601000.0
	24.7056299547 353.15 2601000.0
	23.0245742772 378.15 2601000.0
	21.5646949758 403.15 2601000.0
	20.2838661878 428.15 2601000.0
	19.1502614247 453.15 2601000.0
	18.1393297185 478.15 2601000.0
	17.2317936398 503.15 2601000.0
	16.4122830876 528.15 2601000.0
	15.668378484 553.15 2601000.0
	14.9899254968 578.15 2601000.0
	14.3685345172 603.15 2601000.0
	13.7972087014 628.15 2601000.0
	13.2700632654 653.15 2601000.0
	12.7821107055 678.15 2601000.0
	12.3290944058 703.15 2601000.0
	11.9073582713 728.15 2601000.0
	11.5137435337 753.15 2601000.0
	11.1455062944 778.15 2601000.0
	10.8002510677 803.15 2601000.0
	10.4758767899 828.15 2601000.0
	10.170532633 853.15 2601000.0
	9.88258159331 878.15 2601000.0
	9.61057029602 903.15 2601000.0
	9.35320380427 928.15 2601000.0
	9.10932448679 953.15 2601000.0
	8.87789419709 978.15 2601000.0
	8.65797917127 1003.15 2601000.0
	8.4487371705 1028.15 2601000.0
	8.24940648661 1053.15 2601000.0
	8.05929650198 1078.15 2601000.0
	7.87777955217 1103.15 2601000.0
	7.7042838856 1128.15 2601000.0
	7.53828755078 1153.15 2601000.0
	7.37931307111 1178.15 2601000.0
	7.22692279106 1203.15 2601000.0
	36.5929246369 253.15 2701000.0
	33.0046679691 278.15 2701000.0
	30.0981494198 303.15 2701000.0
	27.6872333484 328.15 2701000.0
	25.6501100038 353.15 2701000.0
	23.903067787 378.15 2701000.0
	22.3863449286 403.15 2701000.0
	21.0559545179 428.15 2701000.0
	19.8786980132 453.15 2701000.0
	18.8289871679 478.15 2701000.0
	17.8867436027 503.15 2701000.0
	17.0359674896 528.15 2701000.0
	16.2637363675 553.15 2701000.0
	15.5594888207 578.15 2701000.0
	14.9145017415 603.15 2701000.0
	14.3215021565 628.15 2701000.0
	13.7743744756 653.15 2701000.0
	13.2679366218 678.15 2701000.0
	12.7977666827 703.15 2701000.0
	12.3600671516 728.15 2701000.0
	11.9515575061 753.15 2701000.0
	11.5693884022 778.15 2701000.0
	11.2110725389 803.15 2701000.0
	10.8744285057 828.15 2701000.0
	10.5575348386 853.15 2701000.0
	10.2586921675 878.15 2701000.0
	9.97639183132 903.15 2701000.0
	9.70928970012 928.15 2701000.0
	9.45618421706 953.15 2701000.0
	9.21599788422 978.15 2701000.0
	8.98776157476 1003.15 2701000.0
	8.77060117805 1028.15 2701000.0
	8.56372618133 1053.15 2701000.0
	8.36641986622 1078.15 2701000.0
	8.17803085908 1103.15 2701000.0
	7.9979658208 1128.15 2701000.0
	7.82568310027 1153.15 2701000.0
	7.66068720583 1178.15 2701000.0
	7.50252397397 1203.15 2701000.0
	37.9692903884 253.15 2801000.0
	34.2350777972 278.15 2801000.0
	31.2135587099 303.15 2801000.0
	28.7091206825 328.15 2801000.0
	26.5941161381 353.15 2801000.0
	24.7810074499 378.15 2801000.0
	23.2074029187 403.15 2801000.0
	21.827438254 428.15 2801000.0
	20.6065329848 453.15 2801000.0
	19.5180554648 478.15 2801000.0
	18.541122502 503.15 2801000.0
	17.6591020708 528.15 2801000.0
	16.8585672366 553.15 2801000.0
	16.1285484748 578.15 2801000.0
	15.4599885216 603.15 2801000.0
	14.8453378591 628.15 2801000.0
	14.2782498375 653.15 2801000.0
	13.7533476605 678.15 2801000.0
	13.2660440444 703.15 2801000.0
	12.8124000438 728.15 2801000.0
	12.3890133864 753.15 2801000.0
	11.9929293072 778.15 2801000.0
	11.6215687268 803.15 2801000.0
	11.2726699326 828.15 2801000.0
	10.9442408727 853.15 2801000.0
	10.6345198602 878.15 2801000.0
	10.3419429978 903.15 2801000.0
	10.0651170107 928.15 2801000.0
	9.80279646317 953.15 2801000.0
	9.55386455039 978.15 2801000.0
	9.31731682451 1003.15 2801000.0
	9.09224734265 1028.15 2801000.0
	8.87783682435 1053.15 2801000.0
	8.67334248503 1078.15 2801000.0
	8.47808927392 1103.15 2801000.0
	8.29146229427 1128.15 2801000.0
	8.11290022309 1153.15 2801000.0
	7.94188957941 1178.15 2801000.0
	7.77795971561 1203.15 2801000.0
	39.3469352891 253.15 2901000.0
	35.4658922826 278.15 2901000.0
	32.328897198 303.15 2901000.0
	29.7306726271 328.15 2901000.0
	27.5376403599 353.15 2901000.0
	25.6583874836 378.15 2901000.0
	24.027864752 403.15 2901000.0
	22.5983143505 428.15 2901000.0
	21.3337641314 453.15 2901000.0
	20.2065330172 478.15 2901000.0
	19.1949292012 503.15 2901000.0
	18.2816860341 528.15 2901000.0
	17.4528705483 553.15 2901000.0
	16.6971041068 578.15 2901000.0
	16.0049946482 603.15 2901000.0
	15.3687157079 628.15 2901000.0
	14.7816893308 653.15 2901000.0
	14.2383438618 678.15 2901000.0
	13.7339265761 703.15 2901000.0
	13.2643570661 728.15 2901000.0
	12.8261113166 753.15 2901000.0
	12.4161291681 778.15 2901000.0
	12.0317398016 803.15 2901000.0
	11.6706012479 828.15 2901000.0
	11.3306509165 853.15 2901000.0
	11.0100648543 878.15 2901000.0
	10.7072239777 903.15 2901000.0
	10.4206859164 928.15 2901000.0
	10.1491614026 953.15 2901000.0
	9.89149436936 978.15 2901000.0
	9.64664509003 1003.15 2901000.0
	9.4136758291 1028.15 2901000.0
	9.19173857554 1053.15 2901000.0
	8.98006451316 1078.15 2901000.0
	8.77795494628 1103.15 2901000.0
	8.58477345043 1128.15 2901000.0
	8.39993905854 1153.15 2901000.0
	8.22292032607 1178.15 2901000.0
	8.05323014522 1203.15 2901000.0
	40.7258295144 253.15 3001000.0
	36.6970897489 278.15 3001000.0
	33.444149373 303.15 3001000.0
	30.7518780839 328.15 3001000.0
	28.4806746952 353.15 3001000.0
	26.535202132 378.15 3001000.0
	24.8477262596 403.15 3001000.0
	23.3685797839 428.15 3001000.0
	22.0603892638 453.15 3001000.0
	20.8944182483 478.15 3001000.0
	19.8481625767 503.15 3001000.0
	18.9037185931 528.15 3001000.0
	18.0466457681 553.15 3001000.0
	17.2651553711 578.15 3001000.0
	16.5495199183 603.15 3001000.0
	15.8916356063 628.15 3001000.0
	15.2846929393 653.15 3001000.0
	14.7229252692 678.15 3001000.0
	14.2014143657 703.15 3001000.0
	13.7159383389 728.15 3001000.0
	13.2628514405 753.15 3001000.0
	12.8389881454 778.15 3001000.0
	12.4415859348 803.15 3001000.0
	12.06822263 828.15 3001000.0
	11.7167651521 853.15 3001000.0
	11.3853273331 878.15 3001000.0
	11.072234954 903.15 3001000.0
	10.7759965981 928.15 3001000.0
	10.4952792133 953.15 3001000.0
	10.2288875153 978.15 3001000.0
	9.97574654109 1003.15 3001000.0
	9.73488680245 1028.15 3001000.0
	9.50543159497 1053.15 3001000.0
	9.28658610556 1078.15 3001000.0
	9.07762802591 1103.15 3001000.0
	8.87789943383 1128.15 3001000.0
	8.68679974597 1153.15 3001000.0
	8.50377958008 1178.15 3001000.0
	8.32833539212 1203.15 3001000.0
	42.1059428733 253.15 3101000.0
	37.9286483972 278.15 3101000.0
	34.5592996974 303.15 3101000.0
	31.7727259662 328.15 3101000.0
	29.4232111941 353.15 3101000.0
	27.4114456657 378.15 3101000.0
	25.6669832969 403.15 3101000.0
	24.1382315522 428.15 3101000.0
	22.7864062109 453.15 3101000.0
	21.5817095967 478.15 3101000.0
	20.5008215176 503.15 3101000.0
	19.5251989718 528.15 3101000.0
	18.6398923702 553.15 3101000.0
	17.8327019296 578.15 3101000.0
	17.0935641341 603.15 3101000.0
	16.4140974627 628.15 3101000.0
	15.7872606503 653.15 3101000.0
	15.2070919296 678.15 3101000.0
	14.6685075037 703.15 3101000.0
	14.1671439849 728.15 3101000.0
	13.6992339041 753.15 3101000.0
	13.2615064009 778.15 3101000.0
	12.8511072991 803.15 3101000.0
	12.4655342584 828.15 3101000.0
	12.1025837626 853.15 3101000.0
	11.7603074808 878.15 3101000.0
	11.4369761101 903.15 3101000.0
	11.1310492374 928.15 3101000.0
	10.8411500737 953.15 3101000.0
	10.5660441626 978.15 3101000.0
	10.3046213478 1003.15 3101000.0
	10.055880428 1028.15 3101000.0
	9.81891604294 1053.15 3101000.0
	9.59290741735 1078.15 3101000.0
	9.37710866269 1103.15 3101000.0
	9.1708403891 1128.15 3101000.0
	8.97348242485 1153.15 3101000.0
	8.78446747582 1178.15 3101000.0
	8.60327558567 1203.15 3101000.0
	43.4872448103 253.15 3201000.0
	39.1605463077 278.15 3201000.0
	35.6743326093 303.15 3201000.0
	32.7932051993 328.15 3201000.0
	30.3652419309 353.15 3201000.0
	28.2871123816 378.15 3201000.0
	26.4856317444 403.15 3201000.0
	24.907266675 428.15 3201000.0
	23.5118128203 453.15 3201000.0
	22.2684055165 478.15 3201000.0
	21.1529049257 503.15 3201000.0
	20.1461264047 528.15 3201000.0
	19.2326098375 553.15 3201000.0
	18.399743451 578.15 3201000.0
	17.6371271043 603.15 3201000.0
	16.9361011903 628.15 3201000.0
	16.2893924556 653.15 3201000.0
	15.6908438929 678.15 3201000.0
	15.1352060836 703.15 3201000.0
	14.6179741292 728.15 3201000.0
	14.135258855 753.15 3201000.0
	13.6836840983 778.15 3201000.0
	13.2603040686 803.15 3201000.0
	12.8625363136 828.15 3201000.0
	12.488106932 853.15 3201000.0
	12.1350054824 878.15 3201000.0
	11.8014476303 903.15 3201000.0
	11.4858440162 928.15 3201000.0
	11.1867741624 953.15 3201000.0
	10.9029644863 978.15 3201000.0
	10.6332696805 1003.15 3201000.0
	10.3766568714 1028.15 3201000.0
	10.1321920799 1053.15 3201000.0
	9.8990286038 1078.15 3201000.0
	9.67639700664 1103.15 3201000.0
	9.463596461 1128.15 3201000.0
	9.25998723473 1153.15 3201000.0
	9.0649841477 1178.15 3201000.0
	8.87805085526 1203.15 3201000.0
	44.8697044088 253.15 3301000.0
	40.3927614427 278.15 3301000.0
	36.7892325235 303.15 3301000.0
	33.8133047211 328.15 3301000.0
	31.3067590045 353.15 3301000.0
	29.1621966034 378.15 3301000.0
	27.3036675071 403.15 3301000.0
	25.6756821938 428.15 3301000.0
	24.2366069577 453.15 3301000.0
	22.9545044768 478.15 3301000.0
	21.8044117155 503.15 3301000.0
	20.7665001366 528.15 3301000.0
	19.8247976612 553.15 3301000.0
	18.9662796111 578.15 3301000.0
	18.1802086428 603.15 3301000.0
	17.4576467067 628.15 3301000.0
	16.7910883506 653.15 3301000.0
	16.1741812125 678.15 3301000.0
	15.6015102014 703.15 3301000.0
	15.0684288988 728.15 3301000.0
	14.5709264426 753.15 3301000.0
	14.1055214025 778.15 3301000.0
	13.6691764187 803.15 3301000.0
	13.2592289773 828.15 3301000.0
	12.873334845 853.15 3301000.0
	12.5094215237 878.15 3301000.0
	12.1656496993 903.15 3301000.0
	11.840381117 928.15 3301000.0
	11.5321516588 953.15 3301000.0
	11.2396486615 978.15 3301000.0
	10.96169171 1003.15 3301000.0
	10.6972162983 1028.15 3301000.0
	10.4452598666 1053.15 3301000.0
	10.2049498204 1078.15 3301000.0
	9.97549320791 1103.15 3301000.0
	9.75616779441 1128.15 3301000.0
	9.54631431524 1153.15 3301000.0
	9.34532973021 1178.15 3301000.0
	9.15266133036 1203.15 3301000.0
	46.2532903934 253.15 3401000.0
	41.6252716485 278.15 3401000.0
	37.9039838328 303.15 3401000.0
	34.833013483 328.15 3401000.0
	32.2477545387 353.15 3401000.0
	30.0366926811 378.15 3401000.0
	28.1210865148 403.15 3401000.0
	26.4434751712 428.15 3401000.0
	24.9607865069 453.15 3401000.0
	23.6400049621 478.15 3401000.0
	22.4553408137 503.15 3401000.0
	21.3863194225 528.15 3401000.0
	20.416455341 553.15 3401000.0
	19.5323100926 578.15 3401000.0
	18.7228085695 603.15 3401000.0
	17.9787339346 628.15 3401000.0
	17.2923483346 653.15 3401000.0
	16.6571039447 678.15 3401000.0
	16.0674199555 703.15 3401000.0
	15.5185084231 728.15 3401000.0
	15.0062368183 753.15 3401000.0
	14.52701848 778.15 3401000.0
	14.077724526 803.15 3401000.0
	13.6556124322 828.15 3401000.0
	13.2582676874 853.15 3401000.0
	12.883555791 878.15 3401000.0
	12.5295825025 903.15 3401000.0
	12.1946607228 928.15 3401000.0
	11.8772827425 953.15 3401000.0
	11.5760968637 978.15 3401000.0
	11.2898876071 1003.15 3401000.0
	11.0175588748 1028.15 3401000.0
	10.7581195639 1053.15 3401000.0
	10.5106712226 1078.15 3401000.0
	10.2743974168 1103.15 3401000.0
	10.0485545343 1128.15 3401000.0
	9.83246380609 1153.15 3401000.0
	9.6255043579 1178.15 3401000.0
	9.42710714049 1203.15 3401000.0
	47.6379711334 253.15 3501000.0
	42.8580546581 278.15 3501000.0
	39.0185709095 303.15 3501000.0
	35.8523204504 328.15 3501000.0
	33.1882206825 353.15 3501000.0
	30.9105949917 378.15 3501000.0
	28.9378847218 403.15 3501000.0
	27.2106426915 428.15 3501000.0
	25.6843493697 453.15 3501000.0
	24.3249054715 478.15 3501000.0
	23.1056911596 503.15 3501000.0
	22.0055835278 528.15 3501000.0
	21.007582385 553.15 3501000.0
	20.0978345851 578.15 3501000.0
	19.2649267098 603.15 3501000.0
	18.4993628011 628.15 3501000.0
	17.7931724108 653.15 3501000.0
	17.1396121493 678.15 3501000.0
	16.5329354474 703.15 3501000.0
	15.9682128337 728.15 3501000.0
	15.4411901352 753.15 3501000.0
	14.948175499 778.15 3501000.0
	14.4859485682 803.15 3501000.0
	14.0516868619 828.15 3501000.0
	13.6429056458 853.15 3501000.0
	13.2574084714 878.15 3501000.0
	12.8932462258 903.15 3501000.0
	12.5486830171 928.15 3501000.0
	12.2221675935 953.15 3501000.0
	11.912309269 978.15 3501000.0
	11.6178575433 1003.15 3501000.0
	11.3376847673 1028.15 3501000.0
	11.0707713328 1053.15 3501000.0
	10.8161929664 1078.15 3501000.0
	10.5731097836 1103.15 3501000.0
	10.3407568257 1128.15 3501000.0
	10.1184358471 1153.15 3501000.0
	9.90550816539 1178.15 3501000.0
	9.70138841519 1203.15 3501000.0
	49.0237146464 253.15 3601000.0
	44.091088094 278.15 3601000.0
	40.132978107 303.15 3601000.0
	36.8712146036 328.15 3601000.0
	34.1281496103 353.15 3601000.0
	31.7838979389 378.15 3601000.0
	29.754058107 403.15 3601000.0
	27.9771818599 428.15 3601000.0
	26.4072934662 453.15 3601000.0
	25.0092045194 478.15 3601000.0
	23.7554617046 503.15 3601000.0
	22.6242917277 528.15 3601000.0
	21.5981783095 553.15 3601000.0
	20.6628527849 578.15 3601000.0
	19.8065628947 603.15 3601000.0
	19.019533238 628.15 3601000.0
	18.2935605859 653.15 3601000.0
	17.6217058889 678.15 3601000.0
	16.9980567808 703.15 3601000.0
	16.4175422643 728.15 3601000.0
	15.8757865483 753.15 3601000.0
	15.368992629 778.15 3601000.0
	14.8938487245 803.15 3601000.0
	14.4474524513 828.15 3601000.0
	14.0272489076 853.15 3601000.0
	13.6309797529 878.15 3601000.0
	13.2566410559 903.15 3601000.0
	12.9024481839 928.15 3601000.0
	12.5668063923 953.15 3601000.0
	12.2482860534 978.15 3601000.0
	11.9456016899 1003.15 3601000.0
	11.6575941421 1028.15 3601000.0
	11.3832153347 1053.15 3601000.0
	11.1215152075 1078.15 3601000.0
	10.871630459 1103.15 3601000.0
	10.6327748138 1128.15 3601000.0
	10.4042305781 1153.15 3601000.0
	10.1853412873 1178.15 3601000.0
	9.97550528407 1203.15 3601000.0
	50.4104886015 253.15 3701000.0
	45.3243494706 278.15 3701000.0
	41.2471897611 303.15 3701000.0
	37.8896849384 328.15 3701000.0
	35.0675335222 353.15 3701000.0
	32.6565959531 378.15 3701000.0
	30.569602674 403.15 3701000.0
	28.7430898034 428.15 3701000.0
	27.1296167339 453.15 3701000.0
	25.6929006346 478.15 3701000.0
	24.4046514125 503.15 3701000.0
	23.2424433074 528.15 3701000.0
	22.188242639 553.15 3701000.0
	21.2273643949 578.15 3701000.0
	20.3477169606 603.15 3701000.0
	19.5392451814 628.15 3701000.0
	18.7935128708 653.15 3701000.0
	18.1033852294 678.15 3701000.0
	17.4627840621 703.15 3701000.0
	16.8664968505 728.15 3701000.0
	16.310026214 753.15 3701000.0
	15.7894700408 778.15 3701000.0
	15.3014251751 803.15 3701000.0
	14.842909386 828.15 3701000.0
	14.411297661 853.15 3701000.0
	14.004269824 878.15 3701000.0
	13.6197671798 903.15 3701000.0
	13.2559564077 928.15 3701000.0
	12.9111993198 953.15 3701000.0
	12.5840273937 978.15 3701000.0
	12.2731202188 1003.15 3701000.0
	11.977287166 1028.15 3701000.0
	11.6954517309 1053.15 3701000.0
	11.4266381021 1078.15 3701000.0
	11.1699595936 1103.15 3701000.0
	10.9246086439 1128.15 3701000.0
	10.689848139 1153.15 3701000.0
	10.4650038585 1178.15 3701000.0
	10.2494578768 1203.15 3701000.0
	51.7982603236 253.15 3801000.0
	46.557816197 278.15 3801000.0
	42.3611901917 303.15 3801000.0
	38.9077204669 328.15 3801000.0
	36.0063646445 353.15 3801000.0
	33.528683492 378.15 3801000.0
	31.3845144508 403.15 3801000.0
	29.5083636696 428.15 3801000.0
	27.8513171283 453.15 3801000.0
	26.3759923611 478.15 3801000.0
	25.053259259 503.15 3801000.0
	23.8600375623 528.15 3801000.0
	22.7777749062 553.15 3801000.0
	21.791369125 578.15 3801000.0
	20.8883887497 603.15 3801000.0
	20.0584985722 628.15 3801000.0
	19.2930292797 653.15 3801000.0
	18.5846502395 678.15 3801000.0
	17.9271174001 703.15 3801000.0
	17.3150767303 728.15 3801000.0
	16.7439092909 753.15 3801000.0
	16.2096079069 778.15 3801000.0
	15.7086781015 803.15 3801000.0
	15.2380578528 828.15 3801000.0
	14.7950520952 853.15 3801000.0
	14.3772788739 878.15 3801000.0
	13.9826247853 903.15 3801000.0
	13.6092078735 928.15 3801000.0
	13.2553465572 953.15 3801000.0
	12.9195334667 978.15 3801000.0
	12.6004133021 1003.15 3801000.0
	12.296764006 1028.15 3801000.0
	12.0074806831 1053.15 3801000.0
	11.7315618063 1078.15 3801000.0
	11.4680973381 1103.15 3801000.0
	11.2162584612 1128.15 3801000.0
	10.97528867 1153.15 3801000.0
	10.7444960137 1178.15 3801000.0
	10.5232463229 1203.15 3801000.0
	53.1869967978 253.15 3901000.0
	47.7914655799 278.15 3901000.0
	43.474963704 303.15 3901000.0
	39.9253102184 328.15 3901000.0
	36.9446352298 353.15 3901000.0
	34.4001550401 378.15 3901000.0
	32.1987894899 403.15 3901000.0
	30.2730006275 428.15 3901000.0
	28.5723926226 453.15 3901000.0
	27.058478257 478.15 3901000.0
	25.7012842318 503.15 3901000.0
	24.4770737975 528.15 3901000.0
	23.3667746518 553.15 3901000.0
	22.3548666914 578.15 3901000.0
	21.4285781091 603.15 3901000.0
	20.5772933556 628.15 3901000.0
	19.7921098307 653.15 3901000.0
	19.0655009913 678.15 3901000.0
	18.3910569063 703.15 3901000.0
	17.7632820436 728.15 3901000.0
	17.177435939 753.15 3901000.0
	16.6294064012 778.15 3901000.0
	16.1156076863 803.15 3901000.0
	15.6328980393 828.15 3901000.0
	15.1785124 853.15 3901000.0
	14.7500070926 878.15 3901000.0
	14.3452140607 903.15 3901000.0
	13.9622027665 928.15 3901000.0
	13.5992482861 953.15 3901000.0
	13.2548044496 978.15 3901000.0
	12.9274811121 1003.15 3901000.0
	12.6160248292 1028.15 3901000.0
	12.3193023531 1053.15 3901000.0
	12.0362864765 1078.15 3901000.0
	11.7660438434 1103.15 3901000.0
	11.5077244114 1128.15 3901000.0
	11.2605523109 1153.15 3901000.0
	11.0238178876 1178.15 3901000.0
	10.7968707524 1203.15 3901000.0
	54.576664673 253.15 4001000.0
	49.0252748266 278.15 4001000.0
	44.5884945907 303.15 4001000.0
	40.9424432398 328.15 4001000.0
	37.8823375577 353.15 4001000.0
	35.2710051091 378.15 4001000.0
	33.0124238686 403.15 4001000.0
	31.0369978671 428.15 4001000.0
	29.2928412074 453.15 4001000.0
	27.7403568952 478.15 4001000.0
	26.3487253307 503.15 4001000.0
	25.0935513276 528.15 4001000.0
	23.9552414245 553.15 4001000.0
	22.917856817 578.15 4001000.0
	21.9682848918 603.15 4001000.0
	21.0956294812 628.15 4001000.0
	20.2907545453 653.15 4001000.0
	19.5459375596 678.15 4001000.0
	18.8546026945 703.15 4001000.0
	18.2111129323 728.15 4001000.0
	17.61060632 753.15 4001000.0
	17.0488656988 778.15 4001000.0
	16.5222141134 803.15 4001000.0
	16.0274301343 828.15 4001000.0
	15.5616787661 853.15 4001000.0
	15.1224546705 878.15 4001000.0
	14.7075351948 903.15 4001000.0
	14.3149412727 928.15 4001000.0
	13.9429046887 953.15 4001000.0
	13.58984052 978.15 4001000.0
	13.2543238214 1003.15 4001000.0
	12.935069803 1028.15 4001000.0
	12.6309169028 1053.15 4001000.0
	12.3408122692 1078.15 4001000.0
	12.0637992605 1103.15 4001000.0
	11.7990066398 1128.15 4001000.0
	11.5456392021 1153.15 4001000.0
	11.3029696153 1178.15 4001000.0
	11.0703312948 1203.15 4001000.0
	55.9672302675 253.15 4101000.0
	50.2592210479 278.15 4101000.0
	45.701767133 303.15 4101000.0
	41.9591085968 328.15 4101000.0
	38.8194639344 353.15 4101000.0
	36.141228238 378.15 4101000.0
	33.8254136883 403.15 4101000.0
	31.8003525993 428.15 4101000.0
	30.012660891 453.15 4101000.0
	28.4216268631 478.15 4101000.0
	26.9955815672 503.15 4101000.0
	25.7094694772 528.15 4101000.0
	24.5431747807 553.15 4101000.0
	23.480339231 578.15 4101000.0
	22.5075089557 603.15 4101000.0
	21.6135069028 628.15 4101000.0
	20.7889634488 653.15 4101000.0
	20.0259600221 678.15 4101000.0
	19.317754881 703.15 4101000.0
	18.6585695404 728.15 4101000.0
	18.0434205974 753.15 4101000.0
	17.4679859763 778.15 4101000.0
	16.9284975677 803.15 4101000.0
	16.4216543273 828.15 4101000.0
	15.9445513851 853.15 4101000.0
	15.494621799 878.15 4101000.0
	15.0695883769 903.15 4101000.0
	14.6674235785 928.15 4101000.0
	14.2863159472 953.15 4101000.0
	13.9246418556 978.15 4101000.0
	13.5809416029 1003.15 4101000.0
	13.253899095 1028.15 4101000.0
	12.9423244945 1053.15 4101000.0
	12.645139341 1078.15 4101000.0
	12.3613637405 1103.15 4101000.0
	12.0901052921 1128.15 4101000.0
	11.8305494838 1153.15 4101000.0
	11.5819513317 1178.15 4101000.0
	11.3436280799 1203.15 4101000.0
	57.3586595731 253.15 4201000.0
	51.4932812613 278.15 4201000.0
	46.8147656025 303.15 4201000.0
	42.9752953744 328.15 4201000.0
	39.756006694 353.15 4201000.0
	37.0108189933 378.15 4201000.0
	34.637755075 403.15 4201000.0
	32.5630620559 428.15 4201000.0
	30.7318496991 453.15 4201000.0
	29.1022867622 478.15 4201000.0
	27.6418519646 503.15 4201000.0
	26.3248275805 528.15 4201000.0
	25.1305742851 553.15 4201000.0
	24.0423136692 578.15 4201000.0
	23.0462501641 603.15 4201000.0
	22.1309255789 628.15 4201000.0
	21.2867365699 653.15 4201000.0
	20.5055684596 678.15 4201000.0
	19.7805135845 703.15 4201000.0
	19.1056520139 728.15 4201000.0
	18.4758789363 753.15 4201000.0
	17.8867674117 778.15 4201000.0
	17.3344582352 803.15 4201000.0
	16.815570809 828.15 4201000.0
	16.3271304492 853.15 4201000.0
	15.8665086699 878.15 4201000.0
	15.431373797 903.15 4201000.0
	15.0196498705 928.15 4201000.0
	14.6294822444 953.15 4201000.0
	14.2592086347 978.15 4201000.0
	13.9073346296 1003.15 4201000.0
	13.5725128729 1028.15 4201000.0
	13.2535252903 1053.15 4201000.0
	12.9492678487 1078.15 4201000.0
	12.6587374346 1103.15 4201000.0
	12.3810205141 1128.15 4201000.0
	12.1152832961 1153.15 4201000.0
	11.8607631717 1178.15 4201000.0
	11.6167612377 1203.15 4201000.0
	58.7509182609 253.15 4301000.0
	52.7274323938 278.15 4301000.0
	47.927474263 303.15 4301000.0
	43.9909926779 328.15 4301000.0
	40.691958198 353.15 4301000.0
	37.8797719686 378.15 4301000.0
	35.4494441795 403.15 4301000.0
	33.3251234895 428.15 4301000.0
	31.4504056745 453.15 4301000.0
	29.7823352085 478.15 4301000.0
	28.2875355578 503.15 4301000.0
	26.939624981 528.15 4301000.0
	25.7174395097 553.15 4301000.0
	24.6037798737 578.15 4301000.0
	23.5845083856 603.15 4301000.0
	22.6478854719 628.15 4301000.0
	21.7840739409 653.15 4301000.0
	20.9847629558 678.15 4301000.0
	20.242878926 703.15 4301000.0
	19.5523605006 728.15 4301000.0
	18.9079815034 753.15 4301000.0
	18.3052101843 778.15 4301000.0
	17.7400963032 803.15 4301000.0
	17.2091797708 828.15 4301000.0
	16.7094161514 853.15 4301000.0
	16.2381154757 878.15 4301000.0
	15.7928916455 903.15 4301000.0
	15.3716203361 928.15 4301000.0
	14.9724037635 953.15 4301000.0
	14.5935410357 978.15 4301000.0
	14.233503075 1003.15 4301000.0
	13.8909113048 1028.15 4301000.0
	13.5645194528 1053.15 4301000.0
	13.2531979491 1078.15 4301000.0
	12.9559204942 1103.15 4301000.0
	12.6717524514 1128.15 4301000.0
	12.3998407796 1153.15 4301000.0
	12.1394052704 1178.15 4301000.0
	11.8897308979 1203.15 4301000.0
	60.1439716861 253.15 4401000.0
	53.9616512857 278.15 4401000.0
	49.0398773718 303.15 4401000.0
	45.0061896336 328.15 4401000.0
	41.6273108363 353.15 4401000.0
	38.7480817855 378.15 4401000.0
	36.2604771766 403.15 4401000.0
	34.0865341734 428.15 4401000.0
	32.1683268775 453.15 4401000.0
	30.4617708319 478.15 4401000.0
	28.9326313933 503.15 4401000.0
	27.5538610318 528.15 4401000.0
	26.3037700345 553.15 4401000.0
	25.1647375928 578.15 4401000.0
	24.1222834937 603.15 4401000.0
	23.1643865485 628.15 4401000.0
	22.2809755975 653.15 4401000.0
	21.4635435971 678.15 4401000.0
	20.704851029 703.15 4401000.0
	19.9986951506 728.15 4401000.0
	19.3397284669 753.15 4401000.0
	18.7233144748 778.15 4401000.0
	18.1454119601 803.15 4401000.0
	17.6024814052 828.15 4401000.0
	17.0914086856 853.15 4401000.0
	16.6094424096 878.15 4401000.0
	16.1541421133 903.15 4401000.0
	15.7233351628 928.15 4401000.0
	15.315080688 953.15 4401000.0
	14.9276392373 978.15 4401000.0
	14.5594471126 1003.15 4401000.0
	14.2090945588 1028.15 4401000.0
	13.8753071446 1053.15 4401000.0
	13.5569297993 1078.15 4401000.0
	13.2529130705 1103.15 4401000.0
	12.96230125 1128.15 4401000.0
	12.6842220745 1153.15 4401000.0
	12.4178777629 1178.15 4401000.0
	12.1625371906 1203.15 4401000.0
	61.5377848942 253.15 4501000.0
	55.1959146935 278.15 4501000.0
	50.1519591819 303.15 4501000.0
	46.0208753896 328.15 4501000.0
	42.5620570269 353.15 4501000.0
	39.6157430931 378.15 4501000.0
	37.0708502659 403.15 4501000.0
	34.8472914019 428.15 4501000.0
	32.8856113854 453.15 4501000.0
	31.1405922767 478.15 4501000.0
	29.5771385292 503.15 4501000.0
	28.1675350953 528.15 4501000.0
	26.8895654472 553.15 4501000.0
	25.7251865811 578.15 4501000.0
	24.6595753672 603.15 4501000.0
	23.6804287798 628.15 4501000.0
	22.7774415788 653.15 4501000.0
	21.9419104727 678.15 4501000.0
	21.1664300192 703.15 4501000.0
	20.4446561155 728.15 4501000.0
	19.7711199969 753.15 4501000.0
	19.1410804651 778.15 4501000.0
	18.5504053951 803.15 4501000.0
	17.9954759054 828.15 4501000.0
	17.4731082463 853.15 4501000.0
	16.9804896654 878.15 4501000.0
	16.5151253921 903.15 4501000.0
	16.0747945386 928.15 4501000.0
	15.6575132016 953.15 4501000.0
	15.2615034185 978.15 4501000.0
	14.8851669162 1003.15 4501000.0
	14.5270628032 1028.15 4501000.0
	14.1858885285 1053.15 4501000.0
	13.8604635564 1078.15 4501000.0
	13.5497153153 1103.15 4501000.0
	13.2526670558 1128.15 4501000.0
	12.9684273213 1153.15 4501000.0
	12.6961807842 1178.15 4501000.0
	12.4351802454 1203.15 4501000.0
	62.932322626 253.15 4601000.0
	56.4301992931 278.15 4601000.0
	51.2637039431 303.15 4601000.0
	47.0350391167 328.15 4601000.0
	43.4961892169 353.15 4601000.0
	40.4827505682 378.15 4601000.0
	37.8805596712 403.15 4601000.0
	35.6073924896 428.15 4601000.0
	33.6022572926 453.15 4601000.0
	31.818798201 478.15 4601000.0
	30.2210560349 503.15 4601000.0
	28.7806465434 528.15 4601000.0
	27.4748253427 553.15 4601000.0
	26.2851265995 578.15 4601000.0
	25.1963838901 603.15 4601000.0
	24.1960121407 628.15 4601000.0
	23.2734719274 653.15 4601000.0
	22.4198636749 678.15 4601000.0
	21.6276160247 703.15 4601000.0
	20.8902435491 728.15 4601000.0
	20.2021562647 753.15 4601000.0
	19.5585083385 778.15 4601000.0
	18.9550767987 803.15 4601000.0
	18.3881634656 828.15 4601000.0
	17.8545150288 853.15 4601000.0
	17.3512574375 878.15 4601000.0
	16.8758416736 903.15 4601000.0
	16.4259986521 928.15 4601000.0
	15.9997014885 953.15 4601000.0
	15.5951337587 978.15 4601000.0
	15.2106626598 1003.15 4601000.0
	14.8448162068 1028.15 4601000.0
	14.4962637674 1053.15 4601000.0
	14.1637993776 1078.15 4601000.0
	13.8463273799 1103.15 4601000.0
	13.5428500148 1128.15 4601000.0
	13.2524566607 1153.15 4601000.0
	12.9743144696 1178.15 4601000.0
	12.7076601926 1203.15 4601000.0
	64.3275493245 253.15 4701000.0
	57.6644816837 278.15 4701000.0
	52.3750959045 303.15 4701000.0
	48.0486700092 328.15 4701000.0
	44.4296998825 353.15 4701000.0
	41.3490989159 378.15 4701000.0
	38.6896016411 403.15 4701000.0
	36.3668347719 428.15 4701000.0
	34.3182627108 453.15 4701000.0
	32.4963872768 478.15 4701000.0
	30.8643829912 503.15 4701000.0
	29.393194757 528.15 4701000.0
	28.0595493239 553.15 4701000.0
	26.8445574149 578.15 4701000.0
	25.732708951 603.15 4701000.0
	24.7111366106 628.15 4701000.0
	23.7690666892 653.15 4701000.0
	22.8974032985 678.15 4701000.0
	22.0884091758 703.15 4701000.0
	21.3354576069 728.15 4701000.0
	20.6328374434 753.15 4701000.0
	19.9755982795 778.15 4701000.0
	19.3594263626 803.15 4701000.0
	18.780544281 828.15 4701000.0
	18.2356292292 853.15 4701000.0
	17.7217459207 878.15 4701000.0
	17.2362911505 903.15 4701000.0
	16.7769476922 928.15 4701000.0
	16.3416457334 953.15 4701000.0
	15.9285304374 978.15 4701000.0
	15.5359345179 1003.15 4701000.0
	15.1623549381 1028.15 4701000.0
	14.8064330244 1053.15 4701000.0
	14.4669374204 1078.15 4701000.0
	14.1427494162 1103.15 4701000.0
	13.8328502731 1128.15 4701000.0
	13.536310233 1153.15 4701000.0
	13.2522789542 1178.15 4701000.0
	12.9799771619 1203.15 4701000.0
	65.7234291406 253.15 4801000.0
	58.8987383909 278.15 4801000.0
	53.4861193156 303.15 4801000.0
	49.0617572858 328.15 4801000.0
	45.3625815295 353.15 4801000.0
	42.214782869 378.15 4801000.0
	39.4979724484 403.15 4801000.0
	37.1256156047 428.15 4801000.0
	35.0336257682 453.15 4801000.0
	33.1733581901 478.15 4801000.0
	31.5071184901 503.15 4801000.0
	30.0051791263 528.15 4801000.0
	28.6437370008 553.15 4801000.0
	27.4034788004 578.15 4801000.0
	26.2685504438 603.15 4801000.0
	25.2258021726 628.15 4801000.0
	24.2642259135 653.15 4801000.0
	23.374529441 678.15 4801000.0
	22.5488096051 703.15 4801000.0
	21.7802984464 728.15 4801000.0
	21.0631637077 753.15 4801000.0
	20.392350474 778.15 4801000.0
	19.7634542792 803.15 4801000.0
	19.1726185475 828.15 4801000.0
	18.616451044 853.15 4801000.0
	18.0919553108 878.15 4801000.0
	17.5964740157 903.15 4801000.0
	17.1276418482 928.15 4801000.0
	16.6833461209 953.15 4801000.0
	16.2616936345 978.15 4801000.0
	15.8609826648 1003.15 4801000.0
	15.4796791661 1028.15 4801000.0
	15.1163964627 1053.15 4801000.0
	14.7698778422 1078.15 4801000.0
	14.4389815758 1103.15 4801000.0
	14.1226679768 1128.15 4801000.0
	13.8199881791 1153.15 4801000.0
	13.5300743733 1178.15 4801000.0
	13.2521312835 1203.15 4801000.0
	67.1199259397 253.15 4901000.0
	60.1329458707 278.15 4901000.0
	54.5967584284 303.15 4901000.0
	50.0742901903 328.15 4901000.0
	46.2948266934 353.15 4901000.0
	43.0797971886 378.15 4901000.0
	40.3056683906 403.15 4901000.0
	37.8837323645 428.15 4901000.0
	35.7483446102 453.15 4901000.0
	33.8497096405 478.15 4901000.0
	32.1492616351 503.15 4901000.0
	30.6165990506 528.15 4901000.0
	29.227387991 553.15 4901000.0
	27.9618905349 578.15 4901000.0
	26.8039082671 603.15 4901000.0
	25.7400088139 628.15 4901000.0
	24.7589496528 653.15 4901000.0
	23.8512422027 678.15 4901000.0
	23.0088174474 703.15 4901000.0
	22.2247662269 728.15 4901000.0
	21.4931352334 753.15 4901000.0
	20.808765109 778.15 4901000.0
	20.1671607422 803.15 4901000.0
	19.5643864618 828.15 4901000.0
	18.9969806709 853.15 4901000.0
	18.4618858039 878.15 4901000.0
	17.9563904626 903.15 4901000.0
	17.4780813097 928.15 4901000.0
	17.0248028363 953.15 4901000.0
	16.59462353 978.15 4901000.0
	16.1858072752 1003.15 4901000.0
	15.79678906 1028.15 4901000.0
	15.4261542457 1053.15 4901000.0
	15.0726208007 1078.15 4901000.0
	14.7350240108 1103.15 4901000.0
	14.4123032722 1128.15 4901000.0
	14.1034906395 1153.15 4901000.0
	13.8077008622 1178.15 4901000.0
	13.5241226873 1203.15 4901000.0
