
	6665.85447771 253.15 101000.0
	6763.94175126 278.15 101000.0
	6853.56742161 303.15 101000.0
	6936.0989559 328.15 101000.0
	7012.60544139 353.15 101000.0
	7083.94008568 378.15 101000.0
	7150.79531778 403.15 101000.0
	7213.74073697 428.15 101000.0
	7273.25002382 453.15 101000.0
	7329.72056637 478.15 101000.0
	7383.48815476 503.15 101000.0
	7434.83824851 528.15 101000.0
	7484.01479521 553.15 101000.0
	7531.22725217 578.15 101000.0
	7576.65625417 603.15 101000.0
	7620.45823748 628.15 101000.0
	7662.76924321 653.15 101000.0
	7703.70806495 678.15 101000.0
	7743.37886582 703.15 101000.0
	7781.8733623 728.15 101000.0
	7819.2726517 753.15 101000.0
	7855.64874513 778.15 101000.0
	7891.06585606 803.15 101000.0
	7925.5814857 828.15 101000.0
	7959.24733886 853.15 101000.0
	7992.1100984 878.15 101000.0
	8024.21208139 903.15 101000.0
	8055.59179624 928.15 101000.0
	8086.28441683 953.15 101000.0
	8116.32218696 978.15 101000.0
	8145.73476622 1003.15 101000.0
	8174.54952662 1028.15 101000.0
	8202.79180759 1053.15 101000.0
	8230.4851359 1078.15 101000.0
	8257.65141587 1103.15 101000.0
	8284.31109436 1128.15 101000.0
	8310.48330444 1153.15 101000.0
	8336.18599073 1178.15 101000.0
	8361.43601924 1203.15 101000.0
	6460.57730901 253.15 201000.0
	6558.86998813 278.15 201000.0
	6648.64643031 303.15 201000.0
	6731.29180209 328.15 201000.0
	6807.88626786 353.15 201000.0
	6879.29025623 378.15 201000.0
	6946.20106649 403.15 201000.0
	7009.19167909 428.15 201000.0
	7068.73818106 453.15 201000.0
	7125.23971054 478.15 201000.0
	7179.03335487 503.15 201000.0
	7230.40555133 528.15 201000.0
	7279.60099563 553.15 201000.0
	7326.82972522 578.15 201000.0
	7372.27283026 603.15 201000.0
	7416.08710842 628.15 201000.0
	7458.4088905 653.15 201000.0
	7499.35720447 678.15 201000.0
	7539.03640465 703.15 201000.0
	7577.53836472 728.15 201000.0
	7614.94431219 753.15 201000.0
	7651.32636669 778.15 201000.0
	7686.74883275 803.15 201000.0
	7721.26928838 828.15 201000.0
	7754.93950353 853.15 201000.0
	7787.80621663 878.15 201000.0
	7819.91179233 903.15 201000.0
	7851.29477997 928.15 201000.0
	7881.99038882 953.15 201000.0
	7912.03089336 978.15 201000.0
	7941.44597991 1003.15 201000.0
	7970.26304383 1028.15 201000.0
	7998.50744503 1053.15 201000.0
	8026.20272828 1078.15 201000.0
	8053.37081379 1103.15 201000.0
	8080.03216249 1128.15 201000.0
	8106.20591992 1153.15 201000.0
	8131.9100418 1178.15 201000.0
	8157.16140404 1203.15 201000.0
	6339.70510353 253.15 301000.0
	6438.20364857 278.15 301000.0
	6528.13100493 303.15 301000.0
	6610.89022152 328.15 301000.0
	6687.5726196 353.15 301000.0
	6759.04588449 378.15 301000.0
	6826.01220188 403.15 301000.0
	6889.04794038 428.15 301000.0
	6948.63159616 453.15 301000.0
	7005.1640582 478.15 301000.0
	7058.98371085 503.15 301000.0
	7110.37796857 528.15 301000.0
	7159.59227447 553.15 301000.0
	7206.83724546 578.15 301000.0
	7252.29442642 603.15 301000.0
	7296.12097584 628.15 301000.0
	7338.45351373 653.15 301000.0
	7379.41130196 678.15 301000.0
	7419.09888572 703.15 301000.0
	7457.60829557 728.15 301000.0
	7495.02088895 753.15 301000.0
	7531.40889379 778.15 301000.0
	7566.83670548 803.15 301000.0
	7601.36197865 828.15 301000.0
	7635.0365483 853.15 301000.0
	7667.90720827 878.15 301000.0
	7700.01637069 903.15 301000.0
	7731.40262576 928.15 301000.0
	7762.10121805 953.15 301000.0
	7792.14445267 978.15 301000.0
	7821.5620426 1003.15 301000.0
	7850.38140651 1028.15 301000.0
	7878.62792474 1053.15 301000.0
	7906.32516003 1078.15 301000.0
	7933.49504845 1103.15 301000.0
	7960.15806497 1128.15 301000.0
	7986.33336757 1153.15 301000.0
	8012.03892304 1178.15 301000.0
	8037.29161718 1203.15 301000.0
	6253.54554131 253.15 401000.0
	6352.25040346 278.15 401000.0
	6442.32881014 303.15 401000.0
	6525.20187493 328.15 401000.0
	6601.97215489 353.15 401000.0
	6673.51462727 378.15 401000.0
	6740.53637983 403.15 401000.0
	6803.61717614 428.15 401000.0
	6863.23792409 453.15 401000.0
	6919.80126414 478.15 401000.0
	6973.64687738 503.15 401000.0
	7025.06315484 528.15 401000.0
	7074.29628635 553.15 401000.0
	7121.55746752 578.15 401000.0
	7167.0286973 603.15 401000.0
	7210.86749442 628.15 401000.0
	7253.21076758 653.15 401000.0
	7294.17801216 678.15 401000.0
	7333.87396379 703.15 401000.0
	7372.39080965 728.15 401000.0
	7409.8100368 753.15 401000.0
	7446.20398127 778.15 401000.0
	7481.6371291 803.15 401000.0
	7516.16721141 828.15 401000.0
	7549.84612807 853.15 401000.0
	7582.72072823 878.15 401000.0
	7614.8334714 903.15 401000.0
	7646.22298856 928.15 401000.0
	7676.92455949 953.15 401000.0
	7706.97051986 978.15 401000.0
	7736.39060928 1003.15 401000.0
	7765.21226966 1028.15 401000.0
	7793.46090173 1053.15 401000.0
	7821.16008617 1078.15 401000.0
	7848.33177487 1103.15 401000.0
	7874.99645682 1128.15 401000.0
	7901.17330241 1153.15 401000.0
	7926.88028949 1178.15 401000.0
	7952.13431372 1203.15 401000.0
	6186.44292313 253.15 501000.0
	6285.35454421 278.15 501000.0
	6375.5841311 303.15 501000.0
	6458.57104353 328.15 501000.0
	6535.42915249 353.15 501000.0
	6607.04076179 378.15 501000.0
	6674.11787666 403.15 501000.0
	6737.24366213 428.15 501000.0
	6796.90144028 453.15 501000.0
	6853.49560359 478.15 501000.0
	6907.3671296 503.15 501000.0
	6958.80538526 528.15 501000.0
	7008.05730634 553.15 501000.0
	7055.33466646 578.15 501000.0
	7100.81991799 603.15 501000.0
	7144.67093927 628.15 501000.0
	7187.02492721 653.15 501000.0
	7228.00161024 678.15 501000.0
	7267.70591409 703.15 501000.0
	7306.23018219 728.15 501000.0
	7343.65603101 753.15 501000.0
	7380.05590442 778.15 501000.0
	7415.49437893 803.15 501000.0
	7450.02926198 828.15 501000.0
	7483.71251818 853.15 501000.0
	7516.59105187 878.15 501000.0
	7548.70736985 903.15 501000.0
	7580.10014376 928.15 501000.0
	7610.80468854 953.15 501000.0
	7640.85337036 978.15 501000.0
	7670.27595538 1003.15 501000.0
	7699.09990872 1028.15 501000.0
	7727.35065145 1053.15 501000.0
	7755.05178216 1078.15 501000.0
	7782.22526853 1103.15 501000.0
	7808.89161352 1128.15 501000.0
	7835.06999992 1153.15 501000.0
	7860.77841664 1178.15 501000.0
	7886.03376914 1203.15 501000.0
	6131.40735029 253.15 601000.0
	6230.52616257 278.15 601000.0
	6320.90705322 303.15 601000.0
	6404.00780873 328.15 601000.0
	6480.95369137 353.15 601000.0
	6552.63436553 378.15 601000.0
	6619.76676892 403.15 601000.0
	6682.93747434 428.15 601000.0
	6742.6322204 453.15 601000.0
	6799.25715203 478.15 601000.0
	6853.15454287 503.15 601000.0
	6904.61473513 528.15 601000.0
	6953.88540975 553.15 601000.0
	7001.17891763 578.15 601000.0
	7046.67816383 603.15 601000.0
	7090.54138577 628.15 601000.0
	7132.90606802 653.15 601000.0
	7173.89217162 678.15 601000.0
	7213.60481205 703.15 601000.0
	7252.13648866 728.15 601000.0
	7289.56894707 753.15 601000.0
	7325.97473876 778.15 601000.0
	7361.41853051 803.15 601000.0
	7395.95820594 828.15 601000.0
	7429.64579423 853.15 601000.0
	7462.52825481 878.15 601000.0
	7494.64814165 903.15 601000.0
	7526.04416699 928.15 601000.0
	7556.75168085 953.15 601000.0
	7586.80307983 978.15 601000.0
	7616.22815657 1003.15 601000.0
	7645.05439936 1028.15 601000.0
	7673.30724958 1053.15 601000.0
	7701.01032369 1078.15 601000.0
	7728.18560512 1103.15 601000.0
	7754.85361077 1128.15 601000.0
	7781.03353583 1153.15 601000.0
	7806.7433802 1178.15 601000.0
	7832.00005917 1203.15 601000.0
	6084.70506761 253.15 701000.0
	6184.03149365 278.15 701000.0
	6274.5638052 303.15 701000.0
	6357.77839524 328.15 701000.0
	6434.81199377 353.15 701000.0
	6506.56165923 378.15 701000.0
	6573.74927641 403.15 701000.0
	6636.96483204 428.15 701000.0
	6696.69648337 453.15 701000.0
	6753.3521282 478.15 701000.0
	6807.27533584 503.15 701000.0
	6858.75742304 528.15 701000.0
	6908.04681516 553.15 701000.0
	6955.35643958 578.15 701000.0
	7000.86965341 603.15 701000.0
	7044.74505253 628.15 701000.0
	7087.12040864 653.15 701000.0
	7128.11591499 678.15 701000.0
	7167.83687637 703.15 701000.0
	7206.37594781 728.15 701000.0
	7243.81500374 753.15 701000.0
	7280.22670307 778.15 701000.0
	7315.67580266 803.15 701000.0
	7350.2202621 828.15 701000.0
	7383.91217506 853.15 701000.0
	7416.79855591 878.15 701000.0
	7448.92200569 903.15 701000.0
	7480.32127716 928.15 701000.0
	7511.03175533 953.15 701000.0
	7541.08586717 978.15 701000.0
	7570.51343177 1003.15 701000.0
	7599.34196053 1028.15 701000.0
	7627.59691509 1053.15 701000.0
	7655.30192972 1078.15 701000.0
	7682.47900361 1103.15 701000.0
	7709.14866756 1128.15 701000.0
	7735.33012911 1153.15 701000.0
	7761.04139915 1178.15 701000.0
	7786.29940279 1203.15 701000.0
	6044.10532653 253.15 801000.0
	6143.63977891 278.15 801000.0
	6234.32362204 303.15 801000.0
	6317.65203406 328.15 801000.0
	6394.77328822 353.15 801000.0
	6466.5918699 378.15 801000.0
	6533.83462525 403.15 801000.0
	6597.09496078 428.15 801000.0
	6656.86345442 453.15 801000.0
	6713.54975712 478.15 801000.0
	6767.49873343 503.15 801000.0
	6819.00267388 528.15 801000.0
	6868.31074743 553.15 801000.0
	6915.63645719 578.15 801000.0
	6961.16361163 603.15 801000.0
	7005.05116446 628.15 801000.0
	7047.43717402 653.15 801000.0
	7088.4420653 678.15 801000.0
	7128.17133206 703.15 801000.0
	7166.71778464 728.15 801000.0
	7204.16342607 753.15 801000.0
	7240.58102243 778.15 801000.0
	7276.03542045 803.15 801000.0
	7310.58465558 828.15 801000.0
	7344.2808858 853.15 801000.0
	7377.17118031 878.15 801000.0
	7409.29818712 903.15 801000.0
	7440.70069943 928.15 801000.0
	7471.41413717 953.15 801000.0
	7501.4709576 978.15 801000.0
	7530.90100621 1003.15 801000.0
	7559.73181745 1028.15 801000.0
	7587.98887319 1053.15 801000.0
	7615.69582549 1078.15 801000.0
	7642.87468923 1103.15 801000.0
	7669.54600912 1128.15 801000.0
	7695.72900501 1153.15 801000.0
	7721.44169877 1178.15 801000.0
	7746.70102528 1203.15 801000.0
	6008.16831525 253.15 901000.0
	6107.91119646 278.15 901000.0
	6198.74667531 303.15 901000.0
	6282.18889269 328.15 901000.0
	6359.39773976 353.15 901000.0
	6431.28516109 378.15 901000.0
	6498.58297807 403.15 901000.0
	6561.88802262 428.15 901000.0
	6621.69329529 453.15 901000.0
	6678.41020037 478.15 901000.0
	6732.3848971 503.15 901000.0
	6783.91064906 528.15 901000.0
	6833.23736796 553.15 901000.0
	6880.57913187 578.15 901000.0
	6926.12019991 603.15 901000.0
	6970.01988302 628.15 901000.0
	7012.41652564 653.15 901000.0
	7053.43078406 678.15 901000.0
	7093.16834065 703.15 901000.0
	7131.72216073 728.15 901000.0
	7169.17437565 753.15 901000.0
	7205.59785845 778.15 901000.0
	7241.05754554 803.15 901000.0
	7275.61154804 828.15 901000.0
	7309.31208812 853.15 901000.0
	7342.2062897 878.15 901000.0
	7374.33684766 903.15 901000.0
	7405.74259553 928.15 901000.0
	7436.45898809 953.15 901000.0
	7466.51851285 978.15 901000.0
	7495.95104162 1003.15 901000.0
	7524.78413187 1028.15 901000.0
	7553.04328565 1053.15 901000.0
	7580.75217278 1078.15 901000.0
	7607.93282379 1103.15 901000.0
	7634.60579725 1128.15 901000.0
	7660.79032534 1153.15 901000.0
	7686.50444085 1178.15 901000.0
	7711.76508843 1203.15 901000.0
	5975.91046396 253.15 1001000.0
	6075.86216617 278.15 1001000.0
	6166.84937828 303.15 1001000.0
	6250.40538038 328.15 1001000.0
	6327.70175515 353.15 1001000.0
	6399.65793805 378.15 1001000.0
	6467.0107392 403.15 1001000.0
	6530.36042137 428.15 1001000.0
	6590.20240945 453.15 1001000.0
	6646.9498612 478.15 1001000.0
	6700.95023002 503.15 1001000.0
	6752.49775169 528.15 1001000.0
	6801.84307986 553.15 1001000.0
	6849.20086673 578.15 1001000.0
	6894.75582138 603.15 1001000.0
	6938.66761135 628.15 1001000.0
	6981.07486668 653.15 1001000.0
	7022.09847449 678.15 1001000.0
	7061.84430537 703.15 1001000.0
	7100.40547933 728.15 1001000.0
	7137.86425576 753.15 1001000.0
	7174.29361442 778.15 1001000.0
	7209.75858123 803.15 1001000.0
	7244.31734282 828.15 1001000.0
	7278.02218539 853.15 1001000.0
	7310.92028746 878.15 1001000.0
	7343.0543907 903.15 1001000.0
	7374.46336886 928.15 1001000.0
	7405.18271152 953.15 1001000.0
	7435.24493636 978.15 1001000.0
	7464.67994146 1003.15 1001000.0
	7493.51530726 1028.15 1001000.0
	7521.77655594 1053.15 1001000.0
	7549.48737505 1078.15 1001000.0
	7576.66981074 1103.15 1001000.0
	7603.34443544 1128.15 1001000.0
	7629.53049358 1153.15 1001000.0
	7655.24602888 1178.15 1001000.0
	7680.50799576 1203.15 1001000.0
	5946.62996978 253.15 1101000.0
	6046.79087466 278.15 1101000.0
	6137.92991093 303.15 1101000.0
	6221.59967299 328.15 1101000.0
	6298.9835078 353.15 1101000.0
	6371.00837268 378.15 1101000.0
	6438.41607963 403.15 1101000.0
	6501.81032746 428.15 1101000.0
	6561.688967 453.15 1101000.0
	6618.46690956 478.15 1101000.0
	6672.49290202 503.15 1101000.0
	6724.06215157 528.15 1101000.0
	6773.42605289 553.15 1101000.0
	6820.79983155 578.15 1101000.0
	6866.36864582 603.15 1101000.0
	6910.29251927 628.15 1101000.0
	6952.71036696 653.15 1101000.0
	6993.74330643 678.15 1101000.0
	7033.49739611 703.15 1101000.0
	7072.06591036 728.15 1101000.0
	7109.53123635 753.15 1101000.0
	7145.96646033 778.15 1101000.0
	7181.43669754 803.15 1101000.0
	7216.00020993 828.15 1101000.0
	7249.70934763 853.15 1101000.0
	7282.61134364 878.15 1101000.0
	7314.74898629 903.15 1101000.0
	7346.1611895 928.15 1101000.0
	7376.88347755 953.15 1101000.0
	7406.94839822 978.15 1101000.0
	7436.38587583 1003.15 1101000.0
	7465.22351372 1028.15 1101000.0
	7493.48685419 1053.15 1101000.0
	7521.19960244 1078.15 1101000.0
	7548.38382025 1103.15 1101000.0
	7575.06009383 1128.15 1101000.0
	7601.24767988 1153.15 1101000.0
	7626.96463304 1178.15 1101000.0
	7652.22791742 1203.15 1101000.0
	5919.80849416 253.15 1201000.0
	6020.17897268 278.15 1201000.0
	6111.46991728 303.15 1201000.0
	6195.25341048 328.15 1201000.0
	6272.72463518 353.15 1201000.0
	6344.81810095 378.15 1201000.0
	6412.28063443 403.15 1201000.0
	6475.7193754 428.15 1201000.0
	6535.63460215 453.15 1201000.0
	6592.44297944 478.15 1201000.0
	6646.49454701 503.15 1201000.0
	6698.08548255 528.15 1201000.0
	6747.4679209 553.15 1201000.0
	6794.85766016 578.15 1201000.0
	6840.4403071 603.15 1201000.0
	6884.37624066 628.15 1201000.0
	6926.80466041 653.15 1201000.0
	6967.84691385 678.15 1201000.0
	7007.60924685 703.15 1201000.0
	7046.18508781 728.15 1201000.0
	7083.65695143 753.15 1201000.0
	7120.09803021 778.15 1201000.0
	7155.5735285 803.15 1201000.0
	7190.14178346 828.15 1201000.0
	7223.85520895 853.15 1201000.0
	7256.76109236 878.15 1201000.0
	7288.90226858 903.15 1201000.0
	7320.3176916 928.15 1201000.0
	7351.04292034 953.15 1201000.0
	7381.11053261 978.15 1201000.0
	7410.55047892 1003.15 1201000.0
	7439.39038546 1028.15 1201000.0
	7467.65581459 1053.15 1201000.0
	7495.37048915 1078.15 1201000.0
	7522.55648651 1103.15 1201000.0
	7549.23440664 1128.15 1201000.0
	7575.42351848 1153.15 1201000.0
	7601.14188754 1178.15 1201000.0
	7626.40648765 1203.15 1201000.0
	5895.05231167 253.15 1301000.0
	5995.63272392 278.15 1301000.0
	6087.07565426 303.15 1301000.0
	6170.97284566 328.15 1301000.0
	6248.53138762 353.15 1301000.0
	6320.69337169 378.15 1301000.0
	6388.21065152 403.15 1301000.0
	6451.69381258 428.15 1301000.0
	6511.64556195 453.15 1301000.0
	6568.48431771 478.15 1301000.0
	6622.56141175 503.15 1301000.0
	6674.17399134 528.15 1301000.0
	6723.57493059 553.15 1301000.0
	6770.98059928 578.15 1301000.0
	6816.57705195 603.15 1301000.0
	6860.52502227 628.15 1301000.0
	6902.9639938 653.15 1301000.0
	6944.01554353 678.15 1301000.0
	6983.7861044 703.15 1301000.0
	7022.36925854 728.15 1301000.0
	7059.84764788 753.15 1301000.0
	7096.29457096 778.15 1301000.0
	7131.77532106 803.15 1301000.0
	7166.34831034 828.15 1301000.0
	7200.06601631 853.15 1301000.0
	7232.97578058 878.15 1301000.0
	7265.12048454 903.15 1301000.0
	7296.53912215 928.15 1301000.0
	7327.26728689 953.15 1301000.0
	7357.33758656 978.15 1301000.0
	7386.77999775 1003.15 1301000.0
	7415.62216951 1028.15 1301000.0
	7443.88968419 1053.15 1301000.0
	7471.60628226 1078.15 1301000.0
	7498.79405659 1103.15 1301000.0
	7525.47362094 1128.15 1301000.0
	7551.66425645 1153.15 1301000.0
	7577.38403947 1178.15 1301000.0
	7602.64995354 1203.15 1301000.0
	5872.05531444 253.15 1401000.0
	5972.84600948 278.15 1401000.0
	6064.44099612 303.15 1401000.0
	6148.45184866 328.15 1401000.0
	6226.09763277 353.15 1401000.0
	6298.32805107 378.15 1401000.0
	6365.89999616 403.15 1401000.0
	6429.42750371 428.15 1401000.0
	6489.41571078 453.15 1401000.0
	6546.28478858 478.15 1401000.0
	6600.38736035 503.15 1401000.0
	6652.02154201 528.15 1401000.0
	6701.440946 553.15 1401000.0
	6748.86251296 578.15 1401000.0
	6794.47274443 603.15 1401000.0
	6838.43272819 628.15 1401000.0
	6880.88223125 653.15 1401000.0
	6921.94305962 678.15 1401000.0
	6961.72183294 703.15 1401000.0
	7000.31228675 728.15 1401000.0
	7037.79718993 753.15 1401000.0
	7074.24994683 778.15 1401000.0
	7109.73593947 803.15 1401000.0
	7144.31365486 828.15 1401000.0
	7178.035634 853.15 1401000.0
	7210.94927264 878.15 1401000.0
	7243.09749851 903.15 1401000.0
	7274.51934551 928.15 1401000.0
	7305.25044157 953.15 1401000.0
	7335.32342442 978.15 1401000.0
	7364.76829672 1003.15 1401000.0
	7393.61273027 1028.15 1401000.0
	7421.8823274 1053.15 1401000.0
	7449.60084615 1078.15 1401000.0
	7476.79039491 1103.15 1401000.0
	7503.47160116 1128.15 1401000.0
	7529.66375821 1153.15 1401000.0
	7555.38495327 1178.15 1401000.0
	7580.65217953 1203.15 1401000.0
	5850.57480237 253.15 1501000.0
	5951.576118 278.15 1501000.0
	6043.32322461 303.15 1501000.0
	6127.4476971 328.15 1501000.0
	6205.18064577 353.15 1501000.0
	6277.47941271 378.15 1501000.0
	6345.10594108 403.15 1501000.0
	6408.67772098 428.15 1501000.0
	6468.70232053 453.15 1501000.0
	6525.60166375 478.15 1501000.0
	6579.7296644 503.15 1501000.0
	6631.3854061 528.15 1501000.0
	6680.82323868 553.15 1501000.0
	6728.26067273 578.15 1501000.0
	6773.88465609 603.15 1501000.0
	6817.85663 628.15 1501000.0
	6860.31664435 653.15 1501000.0
	6901.38673374 678.15 1501000.0
	6941.17370413 703.15 1501000.0
	6979.77144411 728.15 1501000.0
	7017.26284927 753.15 1501000.0
	7053.72142953 778.15 1501000.0
	7089.21265547 803.15 1501000.0
	7123.79508878 828.15 1501000.0
	7157.52133381 853.15 1501000.0
	7190.43884031 878.15 1501000.0
	7222.59058231 903.15 1501000.0
	7254.01563349 928.15 1501000.0
	7284.74965621 953.15 1501000.0
	7314.82531805 978.15 1501000.0
	7344.27264766 1003.15 1501000.0
	7373.11933959 1028.15 1501000.0
	7401.39101608 1053.15 1501000.0
	7429.11145271 1078.15 1501000.0
	7456.30277336 1103.15 1501000.0
	7482.98561919 1128.15 1501000.0
	7509.17929567 1153.15 1501000.0
	7534.90190083 1178.15 1501000.0
	7560.17043752 1203.15 1501000.0
	5830.41509746 253.15 1601000.0
	5931.62736007 278.15 1601000.0
	6023.52664339 303.15 1601000.0
	6107.76469048 328.15 1601000.0
	6185.58472363 353.15 1601000.0
	6257.95175216 378.15 1601000.0
	6325.63278091 403.15 1601000.0
	6389.24875849 428.15 1601000.0
	6449.30968497 453.15 1601000.0
	6506.23923679 478.15 1601000.0
	6560.3926174 503.15 1601000.0
	6612.06987706 528.15 1601000.0
	6661.52610203 553.15 1601000.0
	6708.97937202 578.15 1601000.0
	6754.61708038 603.15 1601000.0
	6798.60102116 628.15 1601000.0
	6841.0715266 653.15 1601000.0
	6882.15085942 678.15 1601000.0
	6921.9460115 703.15 1601000.0
	6960.55102419 728.15 1601000.0
	6998.04891949 753.15 1601000.0
	7034.51331269 778.15 1601000.0
	7070.0097627 803.15 1601000.0
	7104.59690575 828.15 1601000.0
	7138.3274094 853.15 1601000.0
	7171.2487773 878.15 1601000.0
	7203.40402963 903.15 1601000.0
	7234.83227982 928.15 1601000.0
	7265.56922455 953.15 1601000.0
	7295.64756119 978.15 1601000.0
	7325.09734435 1003.15 1601000.0
	7353.94629123 1028.15 1601000.0
	7382.220044 1053.15 1601000.0
	7409.94239572 1078.15 1601000.0
	7437.13548571 1103.15 1601000.0
	7463.81996881 1128.15 1601000.0
	7490.01516261 1153.15 1601000.0
	7515.73917595 1178.15 1601000.0
	7541.00902131 1203.15 1601000.0
	5811.41613147 253.15 1701000.0
	5912.83965586 278.15 1701000.0
	6004.89116563 303.15 1701000.0
	6089.24273782 328.15 1701000.0
	6167.14977289 353.15 1701000.0
	6239.58497444 378.15 1701000.0
	6307.3204198 403.15 1701000.0
	6370.98051984 428.15 1701000.0
	6431.07770739 453.15 1701000.0
	6488.03741083 478.15 1701000.0
	6542.21612234 503.15 1701000.0
	6593.91485785 528.15 1701000.0
	6643.38943902 553.15 1701000.0
	6690.8585138 578.15 1701000.0
	6736.50992028 603.15 1701000.0
	6780.50580468 628.15 1701000.0
	6822.98678102 653.15 1701000.0
	6864.0753397 678.15 1701000.0
	6903.87865813 703.15 1701000.0
	6942.49093008 728.15 1701000.0
	6979.99530372 753.15 1701000.0
	7016.46549945 778.15 1701000.0
	7051.96716434 803.15 1701000.0
	7086.55900897 828.15 1701000.0
	7120.29376399 853.15 1701000.0
	7153.21898682 878.15 1701000.0
	7185.37774371 903.15 1701000.0
	7216.80918773 928.15 1701000.0
	7247.54904983 953.15 1701000.0
	7277.6300571 978.15 1701000.0
	7307.08229004 1003.15 1701000.0
	7335.9334885 1028.15 1701000.0
	7364.20931446 1053.15 1701000.0
	7391.93357848 1078.15 1701000.0
	7419.12843528 1103.15 1701000.0
	7445.81455334 1128.15 1701000.0
	7472.01126237 1153.15 1701000.0
	7497.73668197 1178.15 1701000.0
	7523.00783425 1203.15 1701000.0
	5793.44529869 253.15 1801000.0
	5895.08038787 278.15 1801000.0
	5987.28416678 303.15 1801000.0
	6071.74921038 328.15 1801000.0
	6149.74316234 353.15 1801000.0
	6222.24644688 378.15 1801000.0
	6290.03622418 403.15 1801000.0
	6353.74037093 428.15 1801000.0
	6413.87375335 453.15 1801000.0
	6470.86355126 478.15 1801000.0
	6525.06754454 503.15 1801000.0
	6576.78771372 528.15 1801000.0
	6626.28061488 553.15 1801000.0
	6673.7654633 578.15 1801000.0
	6719.43054103 603.15 1801000.0
	6763.43834581 628.15 1801000.0
	6805.92977291 653.15 1801000.0
	6847.0275399 678.15 1801000.0
	6886.83900937 703.15 1801000.0
	6925.45852717 728.15 1801000.0
	6962.96936736 753.15 1801000.0
	6999.44535522 778.15 1801000.0
	7034.9522258 803.15 1801000.0
	7069.54876388 828.15 1801000.0
	7103.28776304 853.15 1801000.0
	7136.21683435 878.15 1801000.0
	7168.37909005 903.15 1801000.0
	7199.81372275 928.15 1801000.0
	7230.55649759 953.15 1801000.0
	7260.64017132 978.15 1801000.0
	7290.0948503 1003.15 1801000.0
	7318.94829693 1028.15 1801000.0
	7347.22619303 1053.15 1801000.0
	7374.95236656 1078.15 1801000.0
	7402.14898764 1103.15 1801000.0
	7428.83673836 1128.15 1801000.0
	7455.03496053 1153.15 1801000.0
	7480.76178448 1178.15 1801000.0
	7506.03424192 1203.15 1801000.0
	5776.39151311 253.15 1901000.0
	5878.23845817 278.15 1901000.0
	5970.59454182 303.15 1901000.0
	6055.17299897 328.15 1901000.0
	6133.2537803 353.15 1901000.0
	6205.8250563 378.15 1901000.0
	6273.66907997 403.15 1901000.0
	6337.41719716 428.15 1901000.0
	6397.58670797 453.15 1901000.0
	6454.60654297 478.15 1901000.0
	6508.83576879 503.15 1901000.0
	6560.57732943 528.15 1901000.0
	6610.08851435 553.15 1901000.0
	6657.58910527 578.15 1901000.0
	6703.26782741 603.15 1901000.0
	6747.28752936 628.15 1901000.0
	6789.78938708 653.15 1901000.0
	6830.89634487 678.15 1901000.0
	6870.71595008 703.15 1901000.0
	6909.34270035 728.15 1901000.0
	6946.85999532 753.15 1901000.0
	6983.34176496 778.15 1901000.0
	7018.85383206 803.15 1901000.0
	7053.45505547 828.15 1901000.0
	7087.19829155 853.15 1901000.0
	7120.13120492 878.15 1901000.0
	7152.29695367 903.15 1901000.0
	7183.73476991 928.15 1901000.0
	7214.48045287 953.15 1901000.0
	7244.56678892 978.15 1901000.0
	7274.02391018 1003.15 1901000.0
	7302.87960161 1028.15 1901000.0
	7331.15956478 1053.15 1901000.0
	7358.88764506 1078.15 1901000.0
	7386.0860279 1103.15 1901000.0
	7412.77540899 1128.15 1901000.0
	7438.97514219 1153.15 1901000.0
	7464.70336859 1178.15 1901000.0
	7489.97712946 1203.15 1901000.0
	5760.16079108 253.15 2001000.0
	5862.21987098 278.15 2001000.0
	5954.72828781 303.15 2001000.0
	6039.42009647 328.15 2001000.0
	6117.58761717 353.15 2001000.0
	6190.22679163 378.15 2001000.0
	6258.12497523 403.15 2001000.0
	6321.91698604 428.15 2001000.0
	6382.12255843 453.15 2001000.0
	6439.17237301 478.15 2001000.0
	6493.42678204 503.15 2001000.0
	6545.18969187 528.15 2001000.0
	6594.71912431 553.15 2001000.0
	6642.23542658 578.15 2001000.0
	6687.9277663 603.15 2001000.0
	6731.95934223 628.15 2001000.0
	6774.47161046 653.15 2001000.0
	6815.58774157 678.15 2001000.0
	6855.41546726 703.15 2001000.0
	6894.04943662 728.15 2001000.0
	6931.57317463 753.15 2001000.0
	6968.06071569 778.15 2001000.0
	7003.57797019 803.15 2001000.0
	7038.18387082 828.15 2001000.0
	7071.93133662 853.15 2001000.0
	7104.86808563 878.15 2001000.0
	7137.03732171 903.15 2001000.0
	7168.47831635 928.15 2001000.0
	7199.22690283 953.15 2001000.0
	7229.31589706 978.15 2001000.0
	7258.77545687 1003.15 2001000.0
	7287.63338973 1028.15 2001000.0
	7315.91541692 1053.15 2001000.0
	7343.64540118 1078.15 2001000.0
	7370.84554327 1103.15 2001000.0
	7397.53655244 1128.15 2001000.0
	7423.7377946 1153.15 2001000.0
	7449.46742154 1178.15 2001000.0
	7474.74248409 1203.15 2001000.0
	5744.67291219 253.15 2101000.0
	5846.94439361 278.15 2101000.0
	5939.6051649 303.15 2101000.0
	6024.4102588 328.15 2101000.0
	6102.66442639 353.15 2101000.0
	6175.37140485 378.15 2101000.0
	6243.32366104 403.15 2101000.0
	6307.15948815 428.15 2101000.0
	6367.40105499 453.15 2101000.0
	6424.48079144 478.15 2101000.0
	6478.76033426 503.15 2101000.0
	6530.54455098 528.15 2101000.0
	6580.09219469 553.15 2101000.0
	6627.62417716 578.15 2101000.0
	6673.33010764 603.15 2101000.0
	6717.37353438 628.15 2101000.0
	6759.89619305 653.15 2101000.0
	6801.02148001 678.15 2101000.0
	6840.85731093 703.15 2101000.0
	6879.49848604 728.15 2101000.0
	6917.02865538 753.15 2101000.0
	6953.52195755 778.15 2101000.0
	6989.04439031 803.15 2101000.0
	7023.65496008 828.15 2101000.0
	7057.40664842 853.15 2101000.0
	7090.34722667 878.15 2101000.0
	7122.51994437 903.15 2101000.0
	7153.96411229 928.15 2101000.0
	7184.7155977 953.15 2101000.0
	7214.80724597 978.15 2101000.0
	7244.26924061 1003.15 2101000.0
	7273.12941153 1028.15 2101000.0
	7301.4134997 1053.15 2101000.0
	7329.14538517 1078.15 2101000.0
	7356.347284 1103.15 2101000.0
	7383.03991898 1128.15 2101000.0
	7409.24266802 1153.15 2101000.0
	7434.9736936 1178.15 2101000.0
	7460.2500561 1203.15 2101000.0
	5729.85885736 253.15 2201000.0
	5832.34299454 278.15 2201000.0
	5925.15613431 303.15 2201000.0
	6010.07444299 328.15 2201000.0
	6088.41516254 353.15 2201000.0
	6161.18984904 378.15 2201000.0
	6229.19608963 403.15 2201000.0
	6293.07565517 428.15 2201000.0
	6353.35314904 453.15 2201000.0
	6410.46274948 478.15 2201000.0
	6464.76737656 503.15 2201000.0
	6516.57285781 528.15 2201000.0
	6566.13867652 553.15 2201000.0
	6613.68630807 578.15 2201000.0
	6659.40580251 603.15 2201000.0
	6703.46105691 628.15 2201000.0
	6745.99408595 653.15 2201000.0
	6787.12851132 678.15 2201000.0
	6826.97243226 703.15 2201000.0
	6865.62079981 728.15 2201000.0
	6903.15738878 753.15 2201000.0
	6939.65644174 778.15 2201000.0
	6975.18404367 803.15 2201000.0
	7009.79927452 828.15 2201000.0
	7043.55517822 853.15 2201000.0
	7076.49957934 878.15 2201000.0
	7108.67577294 903.15 2201000.0
	7140.12310905 928.15 2201000.0
	7170.87748881 953.15 2201000.0
	7200.971787 978.15 2201000.0
	7230.43621275 1003.15 2201000.0
	7259.29861838 1028.15 2201000.0
	7287.58476449 1053.15 2201000.0
	7315.31854842 1078.15 2201000.0
	7342.5222015 1103.15 2201000.0
	7369.21646001 1128.15 2201000.0
	7395.42071385 1153.15 2201000.0
	7421.15313618 1178.15 2201000.0
	7446.4307969 1203.15 2201000.0
	5715.65881661 253.15 2301000.0
	5818.35585116 278.15 2301000.0
	5911.32136617 303.15 2301000.0
	5996.35281496 328.15 2301000.0
	6074.77998904 353.15 2301000.0
	6147.62228617 378.15 2301000.0
	6215.68242208 403.15 2301000.0
	6279.60564768 428.15 2301000.0
	6339.91900085 453.15 2301000.0
	6397.05840722 478.15 2301000.0
	6451.38806893 503.15 2301000.0
	6503.21477232 528.15 2301000.0
	6552.79872974 553.15 2301000.0
	6600.36197924 578.15 2301000.0
	6646.09501086 603.15 2301000.0
	6690.1620698 628.15 2301000.0
	6732.70544918 653.15 2301000.0
	6773.84899553 678.15 2301000.0
	6813.70099131 703.15 2301000.0
	6852.35653799 728.15 2301000.0
	6889.89953491 753.15 2301000.0
	6926.4043284 778.15 2301000.0
	6961.93709041 803.15 2301000.0
	6996.55697428 828.15 2301000.0
	7030.31708621 853.15 2301000.0
	7063.26530382 878.15 2301000.0
	7095.44496765 903.15 2301000.0
	7126.89546684 928.15 2301000.0
	7157.65273637 953.15 2301000.0
	7187.74968037 978.15 2301000.0
	7217.21653354 1003.15 2301000.0
	7246.08117053 1028.15 2301000.0
	7274.36937155 1053.15 2301000.0
	7302.10505121 1078.15 2301000.0
	7329.31045603 1103.15 2301000.0
	7356.0063358 1128.15 2301000.0
	7382.21209237 1153.15 2301000.0
	7407.94590957 1178.15 2301000.0
	7433.22486678 1203.15 2301000.0
	5702.0206209 253.15 2401000.0
	5804.93078169 278.15 2401000.0
	5898.04867139 303.15 2401000.0
	5983.19318138 328.15 2401000.0
	6061.7067101 353.15 2401000.0
	6134.61651901 378.15 2401000.0
	6202.73046028 403.15 2401000.0
	6266.69726704 428.15 2401000.0
	6327.04641147 453.15 2401000.0
	6384.21556554 478.15 2401000.0
	6438.57021218 503.15 2401000.0
	6490.41809526 528.15 2401000.0
	6540.0201551 553.15 2401000.0
	6587.59899142 578.15 2401000.0
	6633.34553343 603.15 2401000.0
	6677.4243738 628.15 2401000.0
	6719.97808351 653.15 2401000.0
	6761.13073346 678.15 2401000.0
	6800.99078891 703.15 2401000.0
	6839.65350146 728.15 2401000.0
	6877.20289468 753.15 2401000.0
	6913.71341843 778.15 2401000.0
	6949.25133146 803.15 2401000.0
	6983.87586033 828.15 2401000.0
	7017.64017335 853.15 2401000.0
	7050.59220109 878.15 2401000.0
	7082.77532947 903.15 2401000.0
	7114.22898667 928.15 2401000.0
	7144.98914142 953.15 2401000.0
	7175.08872713 978.15 2401000.0
	7204.55800401 1003.15 2401000.0
	7233.42486902 1028.15 2401000.0
	7261.71512194 1053.15 2401000.0
	7289.45269457 1078.15 2401000.0
	7316.65984866 1103.15 2401000.0
	7343.35734743 1128.15 2401000.0
	7369.56460468 1153.15 2401000.0
	7395.29981486 1178.15 2401000.0
	7420.58006684 1203.15 2401000.0
	5688.8984943 253.15 2501000.0
	5792.02199724 278.15 2501000.0
	5885.2922537 303.15 2501000.0
	5970.54974178 328.15 2501000.0
	6049.1495228 353.15 2501000.0
	6122.12674315 378.15 2501000.0
	6190.29439899 403.15 2501000.0
	6254.30470749 428.15 2501000.0
	6314.68957484 453.15 2501000.0
	6371.88841819 478.15 2501000.0
	6426.26799996 503.15 2501000.0
	6478.13702025 528.15 2501000.0
	6527.75714619 553.15 2501000.0
	6575.35153821 578.15 2501000.0
	6621.11156386 603.15 2501000.0
	6665.20216258 628.15 2501000.0
	6707.76618263 653.15 2501000.0
	6748.92791881 678.15 2501000.0
	6788.79601878 703.15 2501000.0
	6827.46588395 728.15 2501000.0
	6865.02166185 753.15 2501000.0
	6901.53790562 778.15 2501000.0
	6937.08096062 803.15 2501000.0
	6971.71012648 828.15 2501000.0
	7005.47863347 853.15 2501000.0
	7038.434465 878.15 2501000.0
	7070.62105227 903.15 2501000.0
	7102.07786241 928.15 2501000.0
	7132.84089783 953.15 2501000.0
	7162.94312116 978.15 2501000.0
	7192.41481808 1003.15 2501000.0
	7221.28390778 1028.15 2501000.0
	7249.57620958 1053.15 2501000.0
	7277.31567246 1078.15 2501000.0
	7304.52457333 1103.15 2501000.0
	7331.22368884 1128.15 2501000.0
	7357.43244471 1153.15 2501000.0
	7383.16904599 1178.15 2501000.0
	7408.45059103 1203.15 2501000.0
	5676.25205076 253.15 2601000.0
	5779.58909872 278.15 2601000.0
	5873.01170664 303.15 2601000.0
	5958.38208545 328.15 2601000.0
	6037.06801396 353.15 2601000.0
	6110.11254399 378.15 2601000.0
	6178.3338227 403.15 2601000.0
	6242.38755304 428.15 2601000.0
	6302.80807466 453.15 2601000.0
	6360.03654872 478.15 2601000.0
	6414.44101572 503.15 2601000.0
	6466.33113069 528.15 2601000.0
	6515.96928639 553.15 2601000.0
	6563.579203 578.15 2601000.0
	6609.35268555 603.15 2601000.0
	6653.45501955 628.15 2601000.0
	6696.02932998 653.15 2601000.0
	6737.20013505 678.15 2601000.0
	6777.07626442 703.15 2601000.0
	6815.75326898 728.15 2601000.0
	6853.31541995 753.15 2601000.0
	6889.83737352 778.15 2601000.0
	6925.38556147 803.15 2601000.0
	6960.01935632 828.15 2601000.0
	6993.79205019 853.15 2601000.0
	7026.75167919 878.15 2601000.0
	7058.94171969 903.15 2601000.0
	7090.40167772 928.15 2601000.0
	7121.16758927 953.15 2601000.0
	7151.27244614 978.15 2601000.0
	7180.74655942 1003.15 2601000.0
	7209.61787049 1028.15 2601000.0
	7237.91221817 1053.15 2601000.0
	7265.65356858 1078.15 2601000.0
	7292.86421375 1103.15 2601000.0
	7319.56494375 1128.15 2601000.0
	7345.77519618 1153.15 2601000.0
	7371.5131867 1178.15 2601000.0
	7396.79602308 1203.15 2601000.0
	5664.04548046 253.15 2701000.0
	5767.59626303 278.15 2701000.0
	5861.17119968 303.15 2701000.0
	5946.65437765 328.15 2701000.0
	6025.42634639 353.15 2701000.0
	6098.53808287 378.15 2701000.0
	6166.81289194 403.15 2701000.0
	6230.90996367 428.15 2701000.0
	6291.36607063 453.15 2701000.0
	6348.62411666 478.15 2701000.0
	6403.05341889 503.15 2701000.0
	6454.96458596 528.15 2701000.0
	6504.62073509 553.15 2701000.0
	6552.24614517 578.15 2701000.0
	6598.03305789 603.15 2701000.0
	6642.14710413 628.15 2701000.0
	6684.73168499 653.15 2701000.0
	6725.91154163 678.15 2701000.0
	6765.79568531 703.15 2701000.0
	6804.47981606 728.15 2701000.0
	6842.04832852 753.15 2701000.0
	6878.57598169 778.15 2701000.0
	6914.12929358 803.15 2701000.0
	6948.76770945 828.15 2701000.0
	6982.5445831 853.15 2701000.0
	7015.50800326 878.15 2701000.0
	7047.70149137 903.15 2701000.0
	7079.16459224 928.15 2701000.0
	7109.9333754 953.15 2701000.0
	7140.04086174 978.15 2701000.0
	7169.5173877 1003.15 2701000.0
	7198.39091684 1028.15 2701000.0
	7226.6873074 1053.15 2701000.0
	7254.43054261 1078.15 2701000.0
	7281.64292963 1103.15 2701000.0
	7308.34527186 1128.15 2701000.0
	7334.55701882 1153.15 2701000.0
	7360.2963967 1178.15 2701000.0
	7385.58052272 1203.15 2701000.0
	5652.24688393 253.15 2801000.0
	5756.01157736 278.15 2801000.0
	5849.73881254 303.15 2801000.0
	5935.33469385 328.15 2801000.0
	6014.19259311 353.15 2801000.0
	6087.37143141 378.15 2801000.0
	6155.69967745 403.15 2801000.0
	6219.84000964 428.15 2801000.0
	6280.33163269 453.15 2801000.0
	6337.61919176 478.15 2801000.0
	6392.07327916 503.15 2801000.0
	6444.00545571 528.15 2801000.0
	6493.67956192 553.15 2801000.0
	6541.32043436 578.15 2801000.0
	6587.12075052 603.15 2801000.0
	6631.24648597 628.15 2801000.0
	6673.84131735 653.15 2801000.0
	6715.03020827 678.15 2801000.0
	6754.92235118 703.15 2801000.0
	6793.61359495 728.15 2801000.0
	6831.18845734 753.15 2801000.0
	6867.72179993 778.15 2801000.0
	6903.28022678 803.15 2801000.0
	6937.9232557 828.15 2801000.0
	6971.70430207 853.15 2801000.0
	7004.67150709 878.15 2801000.0
	7036.86843719 903.15 2801000.0
	7068.33467587 928.15 2801000.0
	7099.10632611 953.15 2801000.0
	7129.21643787 978.15 2801000.0
	7158.69537286 1003.15 2801000.0
	7187.57111675 1028.15 2801000.0
	7215.8695472 1053.15 2801000.0
	7243.61466451 1078.15 2801000.0
	7270.82879091 1103.15 2801000.0
	7297.53274315 1128.15 2801000.0
	7323.74598258 1153.15 2801000.0
	7349.48674596 1178.15 2801000.0
	7374.77215992 1203.15 2801000.0
	5640.82772321 253.15 2901000.0
	5744.80649022 278.15 2901000.0
	5838.68598626 303.15 2901000.0
	5924.39447086 328.15 2901000.0
	6003.33818849 353.15 2901000.0
	6076.58402251 378.15 2901000.0
	6144.96561129 403.15 2901000.0
	6209.1491225 428.15 2901000.0
	6269.67619213 453.15 2901000.0
	6326.99320516 478.15 2901000.0
	6381.47202754 503.15 2901000.0
	6433.42517091 528.15 2901000.0
	6483.11719782 553.15 2901000.0
	6530.77350152 578.15 2901000.0
	6576.58719444 603.15 2901000.0
	6620.72459609 628.15 2901000.0
	6663.32965809 653.15 2901000.0
	6704.52756601 678.15 2901000.0
	6744.42769312 703.15 2901000.0
	6783.12603675 728.15 2901000.0
	6820.70723751 753.15 2901000.0
	6857.24625937 778.15 2901000.0
	6892.8097922 803.15 2901000.0
	6927.45742624 828.15 2901000.0
	6961.24263827 853.15 2901000.0
	6994.21362188 878.15 2901000.0
	7026.41398835 903.15 2901000.0
	7057.88335982 928.15 2901000.0
	7088.65787265 953.15 2901000.0
	7118.77060578 978.15 2901000.0
	7148.25194614 1003.15 2901000.0
	7177.1299015 1028.15 2901000.0
	7205.43036886 1053.15 2901000.0
	7233.17736556 1078.15 2901000.0
	7260.39322888 1103.15 2901000.0
	7287.09878889 1128.15 2901000.0
	7313.31351877 1153.15 2901000.0
	7339.05566579 1178.15 2901000.0
	7364.34236598 1203.15 2901000.0
	5629.76236596 253.15 3001000.0
	5733.9553556 278.15 3001000.0
	5827.98706729 303.15 3001000.0
	5913.80805091 328.15 3001000.0
	5992.83747232 353.15 3001000.0
	6066.15019456 378.15 3001000.0
	6134.58503101 403.15 3001000.0
	6198.81163931 428.15 3001000.0
	6259.37408568 453.15 3001000.0
	6316.72049341 478.15 3001000.0
	6371.22400052 503.15 3001000.0
	6423.198068 528.15 3001000.0
	6472.90797925 553.15 3001000.0
	6520.57968309 578.15 3001000.0
	6566.40672608 603.15 3001000.0
	6610.55577096 628.15 3001000.0
	6653.1710437 653.15 3001000.0
	6694.37795138 678.15 3001000.0
	6734.28604766 703.15 3001000.0
	6772.99147801 728.15 3001000.0
	6810.57900563 753.15 3001000.0
	6847.12369662 778.15 3001000.0
	6882.69232648 803.15 3001000.0
	6917.34455771 828.15 3001000.0
	6951.13392836 853.15 3001000.0
	6984.10868429 878.15 3001000.0
	7016.31248154 903.15 3001000.0
	7047.78498079 928.15 3001000.0
	7078.56235173 953.15 3001000.0
	7108.67770217 978.15 3001000.0
	7138.16144427 1003.15 3001000.0
	7167.04160781 1028.15 3001000.0
	7195.3441091 1053.15 3001000.0
	7223.0929825 1078.15 3001000.0
	7250.31058029 1103.15 3001000.0
	7277.01774585 1128.15 3001000.0
	7303.23396414 1153.15 3001000.0
	7328.97749295 1178.15 3001000.0
	7354.26547768 1203.15 3001000.0
	5619.02770434 253.15 3101000.0
	5723.43505187 278.15 3101000.0
	5817.61892647 303.15 3101000.0
	5903.55230059 328.15 3101000.0
	5982.66730876 353.15 3101000.0
	6056.04681029 378.15 3101000.0
	6124.53479851 403.15 3101000.0
	6188.80442146 428.15 3101000.0
	6249.40217447 453.15 3101000.0
	6306.77791748 478.15 3101000.0
	6361.30605896 503.15 3101000.0
	6413.30100782 528.15 3101000.0
	6463.028767 553.15 3101000.0
	6510.7158399 578.15 3101000.0
	6556.55620628 603.15 3101000.0
	6600.71687141 628.15 3101000.0
	6643.34233505 653.15 3101000.0
	6684.55822526 678.15 3101000.0
	6724.47427571 703.15 3101000.0
	6763.18677967 728.15 3101000.0
	6800.78062266 753.15 3101000.0
	6837.33097265 778.15 3101000.0
	6872.90469062 803.15 3101000.0
	6907.56151113 828.15 3101000.0
	6941.35503338 853.15 3101000.0
	6974.33355537 878.15 3101000.0
	7006.54077782 903.15 3101000.0
	7038.01639986 928.15 3101000.0
	7068.79662441 953.15 3101000.0
	7098.91458815 978.15 3101000.0
	7128.40072836 1003.15 3101000.0
	7157.28309679 1028.15 3101000.0
	7185.58762905 1053.15 3101000.0
	7213.33837646 1078.15 3101000.0
	7240.55770628 1103.15 3101000.0
	7267.26647516 1128.15 3101000.0
	7293.48417983 1153.15 3101000.0
	7319.22908858 1178.15 3101000.0
	7344.51835617 1203.15 3101000.0
	5608.60283441 253.15 3201000.0
	5713.22466117 278.15 3201000.0
	5807.56063835 303.15 3201000.0
	5893.60629022 328.15 3201000.0
	5972.80676573 353.15 3201000.0
	6046.25293621 378.15 3201000.0
	6114.79397945 403.15 3201000.0
	6179.10653414 428.15 3201000.0
	6239.73952338 453.15 3201000.0
	6297.1445421 478.15 3201000.0
	6351.69726752 503.15 3201000.0
	6403.71305497 528.15 3201000.0
	6453.45862566 553.15 3201000.0
	6501.16103652 578.15 3201000.0
	6547.01469963 603.15 3201000.0
	6591.18696208 628.15 3201000.0
	6633.82259679 653.15 3201000.0
	6675.04745233 678.15 3201000.0
	6714.97144197 703.15 3201000.0
	6753.69100646 728.15 3201000.0
	6791.29115333 753.15 3201000.0
	6827.84715223 778.15 3201000.0
	6863.42594939 803.15 3201000.0
	6898.08735128 828.15 3201000.0
	6931.88501813 853.15 3201000.0
	6964.86729995 878.15 3201000.0
	6997.07794203 903.15 3201000.0
	7028.55668187 928.15 3201000.0
	7059.33975556 953.15 3201000.0
	7089.46032858 978.15 3201000.0
	7118.94886327 1003.15 3201000.0
	7147.83343332 1028.15 3201000.0
	7176.13999359 1053.15 3201000.0
	7203.89261233 1078.15 3201000.0
	7231.11367174 1103.15 3201000.0
	7257.82404172 1128.15 3201000.0
	7284.04323077 1153.15 3201000.0
	7309.78951761 1178.15 3201000.0
	7335.08006636 1203.15 3201000.0
	5598.46878488 253.15 3301000.0
	5703.30519812 278.15 3301000.0
	5797.79320997 303.15 3301000.0
	5883.95102264 328.15 3301000.0
	5963.23684363 353.15 3301000.0
	6036.74957132 378.15 3301000.0
	6105.34357202 403.15 3301000.0
	6169.69897503 428.15 3301000.0
	6230.36712982 453.15 3301000.0
	6287.8013645 478.15 3301000.0
	6342.37862333 503.15 3301000.0
	6394.41520654 528.15 3301000.0
	6444.17855233 553.15 3301000.0
	6491.89627006 578.15 3301000.0
	6537.76320327 603.15 3301000.0
	6581.9470401 628.15 3301000.0
	6624.59282607 653.15 3301000.0
	6665.82662977 678.15 3301000.0
	6705.75854364 703.15 3301000.0
	6744.48515559 728.15 3301000.0
	6782.09159488 753.15 3301000.0
	6818.65323262 778.15 3301000.0
	6854.23710007 803.15 3301000.0
	6888.90307547 828.15 3301000.0
	6922.70487993 853.15 3301000.0
	6955.69091534 878.15 3301000.0
	6987.90497149 903.15 3301000.0
	7019.38682417 928.15 3301000.0
	7050.17274254 953.15 3301000.0
	7080.29592082 978.15 3301000.0
	7109.78684638 1003.15 3301000.0
	7138.6736148 1028.15 3301000.0
	7166.98220012 1053.15 3301000.0
	7194.73668751 1078.15 3301000.0
	7221.95947409 1103.15 3301000.0
	7248.67144296 1128.15 3301000.0
	7274.89211435 1153.15 3301000.0
	7300.63977746 1178.15 3301000.0
	7325.93160569 1203.15 3301000.0
	5588.60828629 253.15 3401000.0
	5693.65937911 278.15 3401000.0
	5788.2993501 303.15 3401000.0
	5874.56920236 328.15 3401000.0
	5953.94024457 353.15 3401000.0
	6027.51941634 378.15 3401000.0
	6096.1662761 403.15 3401000.0
	6160.56444355 428.15 3401000.0
	6221.26769291 453.15 3401000.0
	6278.73108366 478.15 3401000.0
	6333.33282529 503.15 3401000.0
	6385.39016138 528.15 3401000.0
	6435.17124584 553.15 3401000.0
	6482.90423936 578.15 3401000.0
	6528.78441603 603.15 3401000.0
	6572.97980434 628.15 3401000.0
	6615.63572179 653.15 3401000.0
	6656.87845649 678.15 3401000.0
	6696.81827966 703.15 3401000.0
	6735.55192602 728.15 3401000.0
	6773.16464631 753.15 3401000.0
	6809.73191281 778.15 3401000.0
	6845.32084168 803.15 3401000.0
	6879.99138274 828.15 3401000.0
	6913.79731782 853.15 3401000.0
	6946.78710063 878.15 3401000.0
	6979.00456531 903.15 3401000.0
	7010.48952585 928.15 3401000.0
	7041.27828446 953.15 3401000.0
	7071.404064 978.15 3401000.0
	7100.89737683 1003.15 3401000.0
	7129.78634035 1028.15 3401000.0
	7158.09694778 1053.15 3401000.0
	7185.85330115 1078.15 3401000.0
	7213.07781247 1103.15 3401000.0
	7239.79137802 1128.15 3401000.0
	7266.01352976 1153.15 3401000.0
	7291.76256729 1178.15 3401000.0
	7317.05567333 1203.15 3401000.0
	5579.00557371 253.15 3501000.0
	5684.27142489 278.15 3501000.0
	5779.06327185 303.15 3501000.0
	5865.4450383 328.15 3501000.0
	5944.90117509 353.15 3501000.0
	6018.54667639 378.15 3501000.0
	6087.24629603 403.15 3501000.0
	6151.68714353 428.15 3501000.0
	6212.42541623 453.15 3501000.0
	6269.91790297 478.15 3501000.0
	6324.5440767 503.15 3501000.0
	6376.62212279 528.15 3501000.0
	6426.42090946 553.15 3501000.0
	6474.16914769 578.15 3501000.0
	6520.06254121 603.15 3501000.0
	6564.26945811 628.15 3501000.0
	6606.93548727 653.15 3501000.0
	6648.18713584 678.15 3501000.0
	6688.13485341 703.15 3501000.0
	6726.87552116 728.15 3501000.0
	6764.49451102 753.15 3501000.0
	6801.06739625 778.15 3501000.0
	6836.66137767 803.15 3501000.0
	6871.33647654 828.15 3501000.0
	6905.14653529 853.15 3501000.0
	6938.14005929 878.15 3501000.0
	6970.36092697 903.15 3501000.0
	7001.84899043 928.15 3501000.0
	7032.64058484 953.15 3501000.0
	7062.76896164 978.15 3501000.0
	7092.26465814 1003.15 3501000.0
	7121.15581353 1028.15 3501000.0
	7149.46844013 1053.15 3501000.0
	7177.22665681 1078.15 3501000.0
	7204.45289045 1103.15 3501000.0
	7231.16805049 1128.15 3501000.0
	7257.39168057 1153.15 3501000.0
	7283.14209069 1178.15 3501000.0
	7308.43647286 1203.15 3501000.0
	5569.64621723 253.15 3601000.0
	5675.12689113 278.15 3601000.0
	5770.07052324 303.15 3601000.0
	5856.56407425 328.15 3601000.0
	5936.10517658 353.15 3601000.0
	6009.81689151 378.15 3601000.0
	6078.569171 403.15 3601000.0
	6143.05261371 428.15 3601000.0
	6203.82583822 453.15 3601000.0
	6261.34736073 478.15 3601000.0
	6315.99791579 503.15 3601000.0
	6368.09662891 528.15 3601000.0
	6417.91308135 553.15 3601000.0
	6465.67653321 578.15 3601000.0
	6511.58311697 603.15 3601000.0
	6555.80153959 628.15 3601000.0
	6598.47766073 653.15 3601000.0
	6639.73820606 678.15 3601000.0
	6679.69380313 703.15 3601000.0
	6718.44147927 728.15 3601000.0
	6756.06672731 753.15 3601000.0
	6792.64522125 778.15 3601000.0
	6828.24424638 803.15 3601000.0
	6862.92389524 828.15 3601000.0
	6896.73807071 853.15 3601000.0
	6929.73532972 878.15 3601000.0
	6961.95959487 903.15 3601000.0
	6993.45075632 928.15 3601000.0
	7024.24518209 953.15 3601000.0
	7054.37615219 978.15 3601000.0
	7083.87422877 1003.15 3601000.0
	7112.76757278 1028.15 3601000.0
	7141.08221562 1053.15 3601000.0
	7168.84229296 1078.15 3601000.0
	7196.07024651 1103.15 3601000.0
	7222.78699884 1128.15 3601000.0
	7249.01210526 1153.15 3601000.0
	7274.76388614 1178.15 3601000.0
	7300.05954278 1203.15 3601000.0
	5560.51697558 253.15 3701000.0
	5666.21252205 278.15 3701000.0
	5761.30784081 303.15 3701000.0
	5847.91304256 328.15 3701000.0
	5927.53897901 353.15 3701000.0
	6001.31679028 378.15 3701000.0
	6070.12162881 403.15 3701000.0
	6134.64758141 428.15 3701000.0
	6195.45568592 453.15 3701000.0
	6253.00618383 478.15 3701000.0
	6307.68106936 503.15 3701000.0
	6359.80040653 528.15 3701000.0
	6409.63448826 553.15 3701000.0
	6457.41312267 578.15 3701000.0
	6503.33287009 603.15 3701000.0
	6547.56277559 628.15 3701000.0
	6590.24896899 653.15 3701000.0
	6631.51839399 678.15 3701000.0
	6671.4818557 703.15 3701000.0
	6710.23652725 728.15 3701000.0
	6747.86802209 753.15 3701000.0
	6784.45211473 778.15 3701000.0
	6820.05617476 803.15 3701000.0
	6854.7403658 828.15 3701000.0
	6888.55865105 853.15 3701000.0
	6921.5596389 878.15 3701000.0
	6953.78729603 903.15 3701000.0
	6985.28155053 928.15 3701000.0
	7016.07880325 953.15 3701000.0
	7046.21236266 978.15 3701000.0
	7075.71281574 1003.15 3701000.0
	7104.60834514 1028.15 3701000.0
	7132.9250013 1053.15 3701000.0
	7160.68693665 1078.15 3701000.0
	7187.9166077 1103.15 3701000.0
	7214.63495014 1128.15 3701000.0
	7240.8615309 1153.15 3701000.0
	7266.61468073 1178.15 3701000.0
	7291.91161016 1203.15 3701000.0
	5551.60566943 253.15 3801000.0
	5657.51612365 278.15 3801000.0
	5752.76302289 303.15 3801000.0
	5839.47973735 328.15 3801000.0
	5919.19037413 353.15 3801000.0
	5993.03416311 378.15 3801000.0
	6061.89145906 403.15 3801000.0
	6126.45983576 428.15 3801000.0
	6187.3027482 453.15 3801000.0
	6244.88216097 478.15 3801000.0
	6299.58132602 503.15 3801000.0
	6351.72124422 528.15 3801000.0
	6401.57291876 553.15 3801000.0
	6449.36670467 578.15 3801000.0
	6495.29958917 603.15 3801000.0
	6539.54095471 628.15 3801000.0
	6582.23720067 653.15 3801000.0
	6623.51548828 678.15 3801000.0
	6663.48679979 703.15 3801000.0
	6702.24845379 728.15 3801000.0
	6739.88618408 753.15 3801000.0
	6776.47586544 778.15 3801000.0
	6812.08495155 803.15 3801000.0
	6846.77367697 828.15 3801000.0
	6880.5960651 853.15 3801000.0
	6913.60077562 878.15 3801000.0
	6945.83181924 903.15 3801000.0
	6977.32916188 928.15 3801000.0
	7008.12923713 953.15 3801000.0
	7038.2653819 978.15 3801000.0
	7067.76820792 1003.15 3801000.0
	7096.66591948 1028.15 3801000.0
	7124.98458604 1053.15 3801000.0
	7152.74837676 1078.15 3801000.0
	7179.97976291 1103.15 3801000.0
	7206.69969327 1128.15 3801000.0
	7232.92774638 1153.15 3801000.0
	7258.68226334 1178.15 3801000.0
	7283.98046391 1203.15 3801000.0
	5542.90107098 253.15 3901000.0
	5649.02645339 278.15 3901000.0
	5744.42481925 303.15 3901000.0
	5831.25290421 328.15 3901000.0
	5911.04810519 353.15 3901000.0
	5984.95775185 378.15 3901000.0
	6053.86740281 403.15 3901000.0
	6118.47811736 428.15 3901000.0
	6179.35576539 453.15 3901000.0
	6236.96403235 478.15 3901000.0
	6291.68742588 503.15 3901000.0
	6343.84788205 528.15 3901000.0
	6393.71711291 553.15 3901000.0
	6441.52601925 578.15 3901000.0
	6487.47201427 603.15 3901000.0
	6531.72481705 628.15 3901000.0
	6574.4310959 653.15 3901000.0
	6615.71822907 678.15 3901000.0
	6655.69737556 703.15 3901000.0
	6694.46599907 728.15 3901000.0
	6732.10995347 753.15 3901000.0
	6768.70521359 778.15 3901000.0
	6804.31931699 803.15 3901000.0
	6839.01256902 828.15 3901000.0
	6872.83905311 853.15 3901000.0
	6905.84748018 878.15 3901000.0
	6938.08190479 903.15 3901000.0
	6969.58233067 928.15 3901000.0
	7000.38522407 953.15 3901000.0
	7030.52395024 978.15 3901000.0
	7060.02914562 1003.15 3901000.0
	7088.92903613 1028.15 3901000.0
	7117.24971019 1053.15 3901000.0
	7145.01535363 1078.15 3901000.0
	7172.24845249 1103.15 3901000.0
	7198.96996859 1128.15 3901000.0
	7225.19949206 1153.15 3901000.0
	7250.95537434 1178.15 3901000.0
	7276.2548444 1203.15 3901000.0
	5534.39280762 253.15 4001000.0
	5640.73312384 278.15 4001000.0
	5736.28283475 303.15 4001000.0
	5823.2221438 328.15 4001000.0
	5903.1017705 353.15 4001000.0
	5977.0771535 378.15 4001000.0
	6046.03905628 403.15 4001000.0
	6110.69202195 428.15 4001000.0
	6171.60433297 453.15 4001000.0
	6229.24139327 478.15 4001000.0
	6283.98896419 503.15 4001000.0
	6336.16991522 528.15 4001000.0
	6386.0566659 553.15 4001000.0
	6433.88066161 578.15 4001000.0
	6479.83974061 603.15 4001000.0
	6524.10395783 628.15 4001000.0
	6566.82024991 653.15 4001000.0
	6608.11621163 678.15 4001000.0
	6648.1031783 703.15 4001000.0
	6686.87875841 728.15 4001000.0
	6724.52892561 753.15 4001000.0
	6761.12975454 778.15 4001000.0
	6796.74886645 803.15 4001000.0
	6831.44663733 828.15 4001000.0
	6865.2772105 853.15 4001000.0
	6898.28934798 878.15 4001000.0
	6930.52714812 903.15 4001000.0
	6962.03065234 928.15 4001000.0
	6992.83635949 953.15 4001000.0
	7022.97766312 978.15 4001000.0
	7052.48522432 1003.15 4001000.0
	7081.38729057 1028.15 4001000.0
	7109.70996922 1053.15 4001000.0
	7137.47746276 1078.15 4001000.0
	7164.71227194 1103.15 4001000.0
	7191.4353716 1128.15 4001000.0
	7217.66636346 1153.15 4001000.0
	7243.42360925 1178.15 4001000.0
	7268.72434714 1203.15 4001000.0
	5526.07127749 253.15 4101000.0
	5632.62651819 278.15 4101000.0
	5728.32744486 303.15 4101000.0
	5815.37782746 328.15 4101000.0
	5895.34173905 353.15 4101000.0
	5969.38273568 378.15 4101000.0
	6038.39678631 403.15 4101000.0
	6103.09191593 428.15 4101000.0
	6164.03881706 453.15 4101000.0
	6221.70460972 478.15 4101000.0
	6276.47630684 503.15 4101000.0
	6328.67770961 528.15 4101000.0
	6378.58194359 553.15 4101000.0
	6426.42099762 578.15 4101000.0
	6472.39313407 603.15 4101000.0
	6516.66874296 628.15 4101000.0
	6559.39502864 653.15 4101000.0
	6600.6998019 678.15 4101000.0
	6640.69457398 703.15 4101000.0
	6679.47709779 728.15 4101000.0
	6717.13346649 753.15 4101000.0
	6753.7398543 778.15 4101000.0
	6789.36396598 803.15 4101000.0
	6824.06624795 828.15 4101000.0
	6857.90090334 853.15 4101000.0
	6890.91674511 878.15 4101000.0
	6923.15791532 903.15 4101000.0
	6954.66449301 928.15 4101000.0
	6985.47300953 953.15 4101000.0
	7015.61688667 978.15 4101000.0
	7045.12681015 1003.15 4101000.0
	7074.03104894 1028.15 4101000.0
	7102.35572928 1053.15 4101000.0
	7130.1250703 1078.15 4101000.0
	7157.36158741 1103.15 4101000.0
	7184.08626847 1128.15 4101000.0
	7210.31872675 1153.15 4101000.0
	7236.07733424 1178.15 4101000.0
	7261.37933831 1203.15 4101000.0
	5517.92757516 253.15 4201000.0
	5624.69771597 278.15 4201000.0
	5720.54972142 303.15 4201000.0
	5807.71102283 328.15 4201000.0
	5887.75907617 353.15 4201000.0
	5961.86556242 378.15 4201000.0
	6030.93165614 403.15 4201000.0
	6095.66886209 428.15 4201000.0
	6156.65028019 453.15 4201000.0
	6214.34474409 478.15 4201000.0
	6269.14051614 503.15 4201000.0
	6321.36232747 528.15 4201000.0
	6371.28400824 553.15 4201000.0
	6419.13808953 578.15 4201000.0
	6465.12325692 603.15 4201000.0
	6509.41023473 628.15 4201000.0
	6552.14649439 653.15 4201000.0
	6593.46006222 678.15 4201000.0
	6633.46262495 703.15 4201000.0
	6672.25207959 728.15 4201000.0
	6709.91463852 753.15 4201000.0
	6746.5265753 778.15 4201000.0
	6782.155678 803.15 4201000.0
	6816.86246335 828.15 4201000.0
	6850.70119408 853.15 4201000.0
	6883.72073405 878.15 4201000.0
	6915.96526889 903.15 4201000.0
	6947.47491516 928.15 4201000.0
	6978.28623669 953.15 4201000.0
	7008.43268343 978.15 4201000.0
	7037.94496563 1003.15 4201000.0
	7066.85137377 1028.15 4201000.0
	7095.17805292 1053.15 4201000.0
	7122.94923879 1078.15 4201000.0
	7150.18746146 1103.15 4201000.0
	7176.91372176 1128.15 4201000.0
	7203.14764448 1153.15 4201000.0
	7228.90761188 1178.15 4201000.0
	7254.21088049 1203.15 4201000.0
	5509.95342606 253.15 4301000.0
	5616.93842753 278.15 4301000.0
	5712.94136704 303.15 4301000.0
	5800.21342841 328.15 4301000.0
	5880.34547804 353.15 4301000.0
	5954.51732855 378.15 4301000.0
	6023.63535985 403.15 4301000.0
	6088.41455407 428.15 4301000.0
	6149.43041574 453.15 4301000.0
	6207.15348959 478.15 4301000.0
	6261.97328524 503.15 4301000.0
	6314.21546192 528.15 4301000.0
	6364.15455294 553.15 4301000.0
	6412.02363046 578.15 4301000.0
	6458.02180228 603.15 4301000.0
	6502.32012627 628.15 4301000.0
	6545.06634033 653.15 4301000.0
	6586.38868578 678.15 4301000.0
	6626.39902442 703.15 4301000.0
	6665.19539703 728.15 4301000.0
	6702.86413494 753.15 4301000.0
	6739.4816108 778.15 4301000.0
	6775.1156958 803.15 4301000.0
	6809.8269768 828.15 4301000.0
	6843.66977604 853.15 4301000.0
	6876.69300811 878.15 4301000.0
	6908.94090214 903.15 4301000.0
	6940.45361215 928.15 4301000.0
	6971.26773432 953.15 4301000.0
	7001.41674674 978.15 4301000.0
	7030.93138415 1003.15 4301000.0
	7059.83995845 1028.15 4301000.0
	7088.16863353 1053.15 4301000.0
	7115.94166164 1078.15 4301000.0
	7143.1815875 1103.15 4301000.0
	7169.90942488 1128.15 4301000.0
	7196.14481007 1153.15 4301000.0
	7221.90613559 1178.15 4301000.0
	7247.2106671 1203.15 4301000.0
	5502.14112852 253.15 4401000.0
	5609.34093599 278.15 4401000.0
	5705.49465714 303.15 4401000.0
	5792.87731545 328.15 4401000.0
	5873.09321363 353.15 4401000.0
	5947.33030174 378.15 4401000.0
	6016.50016435 403.15 4401000.0
	6081.32125831 428.15 4401000.0
	6142.3714899 453.15 4401000.0
	6200.12311229 478.15 4401000.0
	6254.96688011 503.15 4401000.0
	6307.22937892 528.15 4401000.0
	6357.18584364 553.15 4401000.0
	6405.06988635 578.15 4401000.0
	6451.08103611 603.15 4401000.0
	6495.39068356 628.15 4401000.0
	6538.14683245 653.15 4401000.0
	6579.47793859 678.15 4401000.0
	6619.49603844 703.15 4401000.0
	6658.29931618 728.15 4401000.0
	6695.97422183 753.15 4401000.0
	6732.59722689 778.15 4401000.0
	6768.2362855 803.15 4401000.0
	6802.95205445 828.15 4401000.0
	6836.79891536 853.15 4401000.0
	6869.82583346 878.15 4401000.0
	6902.07708126 903.15 4401000.0
	6933.59285015 928.15 4401000.0
	6964.40976863 953.15 4401000.0
	6994.56134281 978.15 4401000.0
	7024.07833191 1003.15 4401000.0
	7052.9890692 1028.15 4401000.0
	7081.31973732 1053.15 4401000.0
	7109.09460507 1078.15 4401000.0
	7136.33623175 1103.15 4401000.0
	7163.06564405 1128.15 4401000.0
	7189.30248976 1153.15 4401000.0
	7215.0651716 1178.15 4401000.0
	7240.37096437 1203.15 4401000.0
	5494.48350223 253.15 4501000.0
	5601.89804577 278.15 4501000.0
	5698.20238841 303.15 4501000.0
	5785.69547655 328.15 4501000.0
	5865.99507323 353.15 4501000.0
	5940.29727099 378.15 4501000.0
	6009.51885787 403.15 4501000.0
	6074.38176262 428.15 4501000.0
	6135.46629023 453.15 4501000.0
	6193.2463996 478.15 4501000.0
	6248.1140881 503.15 4501000.0
	6300.39686574 528.15 4501000.0
	6350.37066762 553.15 4501000.0
	6398.2696445 578.15 4501000.0
	6444.29374572 603.15 4501000.0
	6488.61469394 628.15 4501000.0
	6531.38075811 653.15 4501000.0
	6572.72060802 678.15 4501000.0
	6612.74645438 703.15 4501000.0
	6651.55662446 728.15 4501000.0
	6689.23768662 753.15 4501000.0
	6725.86621104 778.15 4501000.0
	6761.51023455 803.15 4501000.0
	6796.23048378 828.15 4501000.0
	6830.08139955 853.15 4501000.0
	6863.11199761 878.15 4501000.0
	6895.36659377 903.15 4501000.0
	6926.8854167 928.15 4501000.0
	6957.70512714 953.15 4501000.0
	6987.85925919 978.15 4501000.0
	7017.37859646 1003.15 4501000.0
	7046.29149357 1028.15 4501000.0
	7074.62415187 1053.15 4501000.0
	7102.40085666 1078.15 4501000.0
	7129.6441818 1103.15 4501000.0
	7156.37516689 1128.15 4501000.0
	7182.61347115 1153.15 4501000.0
	7208.37750753 1178.15 4501000.0
	7233.68455993 1203.15 4501000.0
	5486.97384239 253.15 4601000.0
	5594.60303675 278.15 4601000.0
	5691.05783301 303.15 4601000.0
	5778.66117976 328.15 4601000.0
	5859.04432264 353.15 4601000.0
	5933.41150079 378.15 4601000.0
	6002.68470416 403.15 4601000.0
	6067.58933031 428.15 4601000.0
	6128.70807979 453.15 4601000.0
	6186.51661442 478.15 4601000.0
	6241.40817204 503.15 4601000.0
	6293.71118522 528.15 4601000.0
	6343.70228768 553.15 4601000.0
	6391.61616771 578.15 4601000.0
	6437.65319393 603.15 4601000.0
	6481.98542025 628.15 4601000.0
	6524.76138016 653.15 4601000.0
	6566.10995696 678.15 4601000.0
	6606.14353517 703.15 4601000.0
	6644.96058478 728.15 4601000.0
	6682.64779226 753.15 4601000.0
	6719.28182619 778.15 4601000.0
	6754.93080595 803.15 4601000.0
	6789.65552778 828.15 4601000.0
	6823.51049161 853.15 4601000.0
	6856.54476357 878.15 4601000.0
	6888.8027027 903.15 4601000.0
	6920.32457485 928.15 4601000.0
	6951.14707292 953.15 4601000.0
	6981.30375895 978.15 4601000.0
	7010.82544089 1003.15 4601000.0
	7039.74049464 1028.15 4601000.0
	7068.07514027 1053.15 4601000.0
	7095.8536795 1078.15 4601000.0
	7123.09870075 1103.15 4601000.0
	7149.83125647 1128.15 4601000.0
	7176.07101734 1153.15 4601000.0
	7201.83640648 1178.15 4601000.0
	7227.14471689 1203.15 4601000.0
	5479.60587884 253.15 4701000.0
	5587.44962335 278.15 4701000.0
	5684.05469766 303.15 4701000.0
	5771.76812772 328.15 4701000.0
	5852.23466223 353.15 4701000.0
	5926.66669022 378.15 4701000.0
	5995.99140156 403.15 4701000.0
	6060.9376593 428.15 4701000.0
	6122.09055623 453.15 4701000.0
	6179.92745429 478.15 4701000.0
	6234.84282939 503.15 4701000.0
	6287.16603476 528.15 4701000.0
	6337.17440125 553.15 4701000.0
	6385.1031534 578.15 4701000.0
	6431.15307818 603.15 4701000.0
	6475.49655993 628.15 4701000.0
	6518.28239609 653.15 4701000.0
	6559.6396829 678.15 4701000.0
	6599.68097831 703.15 4701000.0
	6638.50489468 728.15 4701000.0
	6676.19823631 753.15 4701000.0
	6712.83776993 778.15 4701000.0
	6748.49169727 803.15 4701000.0
	6783.22088405 828.15 4701000.0
	6817.07988915 853.15 4701000.0
	6850.11782899 878.15 4701000.0
	6882.3791057 903.15 4701000.0
	6913.90402224 928.15 4701000.0
	6944.72930362 953.15 4701000.0
	6974.88853975 978.15 4701000.0
	7004.41256287 1003.15 4701000.0
	7033.32977011 1028.15 4701000.0
	7061.6664002 1053.15 4701000.0
	7089.4467713 1078.15 4701000.0
	7116.6934863 1103.15 4701000.0
	7143.42761053 1128.15 4701000.0
	7169.66882606 1153.15 4701000.0
	7195.43556618 1178.15 4701000.0
	7220.74513296 1203.15 4701000.0
	5472.3737394 253.15 4801000.0
	5580.43191795 278.15 4801000.0
	5677.18708703 303.15 4801000.0
	5765.01042101 328.15 4801000.0
	5845.56019034 353.15 4801000.0
	5920.05693637 378.15 4801000.0
	5989.43304643 403.15 4801000.0
	6054.4208455 428.15 4801000.0
	6115.60781524 453.15 4801000.0
	6173.47301475 478.15 4801000.0
	6228.41215562 503.15 4801000.0
	6280.75550982 528.15 4801000.0
	6330.78110376 553.15 4801000.0
	6378.72469701 578.15 4801000.0
	6424.78749391 603.15 4801000.0
	6469.14220846 628.15 4801000.0
	6511.93790138 653.15 4801000.0
	6553.30388136 678.15 4801000.0
	6593.35287934 703.15 4801000.0
	6632.18364972 728.15 4801000.0
	6669.88311433 753.15 4801000.0
	6706.52813785 778.15 4801000.0
	6742.18700414 803.15 4801000.0
	6776.92064823 828.15 4801000.0
	6810.78368782 853.15 4801000.0
	6843.82528951 878.15 4801000.0
	6876.08989842 903.15 4801000.0
	6907.61785455 928.15 4801000.0
	6938.44591494 953.15 4801000.0
	6968.60769729 978.15 4801000.0
	6998.13405809 1003.15 4801000.0
	7027.05341568 1028.15 4801000.0
	7055.39202739 1053.15 4801000.0
	7083.17422777 1078.15 4801000.0
	7110.42263418 1103.15 4801000.0
	7137.15832478 1128.15 4801000.0
	7163.40099302 1153.15 4801000.0
	7189.16908235 1178.15 4801000.0
	7214.47990389 1203.15 4801000.0
	5465.27191709 253.15 4901000.0
	5573.54439803 278.15 4901000.0
	5670.44947091 303.15 4901000.0
	5758.38252538 328.15 4901000.0
	5839.01537049 353.15 4901000.0
	5913.57670149 378.15 4901000.0
	5983.00410029 403.15 4901000.0
	6048.03335003 428.15 4901000.0
	6109.25431769 453.15 4901000.0
	6167.14775653 478.15 4901000.0
	6222.11061139 503.15 4901000.0
	6274.474071 528.15 4901000.0
	6324.51685581 553.15 4901000.0
	6372.47525916 578.15 4901000.0
	6418.55090178 603.15 4901000.0
	6462.91682649 628.15 4901000.0
	6505.72235671 653.15 4901000.0
	6547.09701304 678.15 4901000.0
	6587.15369898 703.15 4901000.0
	6625.99131064 728.15 4901000.0
	6663.69688709 753.15 4901000.0
	6700.34739072 778.15 4901000.0
	6736.01118733 803.15 4901000.0
	6770.74928111 828.15 4901000.0
	6804.61634844 853.15 4901000.0
	6837.66160596 878.15 4901000.0
	6869.92954171 903.15 4901000.0
	6901.46053263 928.15 4901000.0
	6932.29136772 953.15 4901000.0
	6962.45569244 978.15 4901000.0
	6991.98438744 1003.15 4901000.0
	7020.90589224 1028.15 4901000.0
	7049.24648273 1053.15 4901000.0
	7077.03050981 1078.15 4901000.0
	7104.28060529 1103.15 4901000.0
	7131.01786013 1128.15 4901000.0
	7157.26197916 1153.15 4901000.0
	7183.03141593 1178.15 4901000.0
	7208.34349061 1203.15 4901000.0
