
	10590.2320342 15 10000.0
	10539.8337637 16 10000.0
	10496.9123218 17 10000.0
	10463.4396501 18 10000.0
	10438.2435358 19 10000.0
	10419.4360719 20 10000.0
	10405.2856375 21 10000.0
	10394.4427952 22 10000.0
	10385.9304224 23 10000.0
	10379.0673874 24 10000.0
	10373.3884568 25 10000.0
	10368.5792587 26 10000.0
	10364.4286728 27 10000.0
	10360.7958346 28 10000.0
	10357.5880229 29 10000.0
	10354.7461834 30 10000.0
	10352.235622 31 10000.0
	10350.0401112 32 10000.0
	7291.38635343 15 60000.0
	7650.38427546 16 60000.0
	8054.90580966 17 60000.0
	8509.47423829 18 60000.0
	11364.6747466 19 60000.0
	11161.3098619 20 60000.0
	11017.3776664 21 60000.0
	10912.8806235 22 60000.0
	10834.8528915 23 60000.0
	10774.8549715 24 60000.0
	10727.3633833 25 60000.0
	10688.7357354 26 60000.0
	10656.5467794 27 60000.0
	10629.1628407 28 60000.0
	10605.4688752 29 60000.0
	10584.6930552 30 60000.0
	10566.2936574 31 60000.0
	10549.8857941 32 60000.0
	7283.27985537 15 110000.0
	7639.78405752 16 110000.0
	8041.84324914 17 110000.0
	8493.57433016 18 110000.0
	8998.23021486 19 110000.0
	9560.82275785 20 110000.0
	11967.3966315 21 110000.0
	11663.3242146 22 110000.0
	11447.9744451 23 110000.0
	11289.903698 24 110000.0
	11169.9319577 25 110000.0
	11076.0172452 26 110000.0
	11000.4184624 27 110000.0
	10938.0535091 28 110000.0
	10885.5190467 29 110000.0
	10840.4915302 30 110000.0
	10801.3543804 31 110000.0
	10766.9622424 32 110000.0
	7275.24670415 15 160000.0
	7629.28806478 16 160000.0
	8028.92424955 17 160000.0
	8477.87226222 18 160000.0
	8979.02956645 19 160000.0
	9536.99696162 20 160000.0
	10160.9334319 21 160000.0
	12785.412645 22 160000.0
	12306.1639287 23 160000.0
	11973.4040765 24 160000.0
	11732.2115176 25 160000.0
	11550.7529958 26 160000.0
	11409.6895941 27 160000.0
	11296.8418921 28 160000.0
	11204.3080796 29 160000.0
	11126.8266529 30 160000.0
	11060.8104412 31 160000.0
	11003.7596254 32 160000.0
	7267.28566298 15 210000.0
	7618.89440054 16 210000.0
	8016.14592278 17 210000.0
	8462.36358602 18 210000.0
	8960.09867366 19 210000.0
	9513.55621233 20 210000.0
	10131.3358872 21 210000.0
	10829.3126649 22 210000.0
	11634.8994075 23 210000.0
	12907.162247 24 210000.0
	12462.1809166 25 210000.0
	12142.4752877 26 210000.0
	11903.2530993 27 210000.0
	11718.0029476 28 210000.0
	11570.2940148 29 210000.0
	11449.5632846 30 210000.0
	11348.8078174 31 210000.0
	11263.258235 32 210000.0
	7259.39552589 15 260000.0
	7608.60121875 16 260000.0
	8003.50546511 17 260000.0
	8447.04399704 18 260000.0
	8941.43077602 19 260000.0
	9490.48954477 20 260000.0
	10102.2863918 21 260000.0
	10791.8445397 22 260000.0
	11585.0878611 23 260000.0
	14240.3273327 24 260000.0
	13438.6652209 25 260000.0
	12896.0747397 26 260000.0
	12508.148741 27 260000.0
	12218.5543218 28 260000.0
	11994.5723506 29 260000.0
	11816.1495105 30 260000.0
	11670.4697798 31 260000.0
	11549.0560401 32 260000.0
	7251.5751167 15 310000.0
	7598.40672228 16 310000.0
	7991.00015397 17 310000.0
	8431.90932865 18 310000.0
	8923.01935518 19 310000.0
	9467.78643756 20 310000.0
	10073.7672564 21 310000.0
	10755.1790464 22 310000.0
	11536.5504214 23 310000.0
	12459.5312134 24 310000.0
	14802.8065647 25 310000.0
	13883.8893386 26 310000.0
	13264.7006601 27 310000.0
	12822.4120764 28 310000.0
	12492.0223475 29 310000.0
	12236.2016837 30 310000.0
	12032.2073543 31 310000.0
	11865.538836 32 310000.0
	7243.82328812 15 360000.0
	7588.30916122 16 360000.0
	7978.62734493 17 360000.0
	8416.95554635 18 360000.0
	8904.85812363 19 360000.0
	9445.43678999 20 360000.0
	10045.7615995 21 360000.0
	10719.2865011 22 360000.0
	11489.2313241 23 360000.0
	12394.8068315 24 360000.0
	13504.4606431 25 360000.0
	15231.9433285 26 360000.0
	14236.2688462 27 360000.0
	13564.4341827 28 360000.0
	13083.1261154 29 360000.0
	12722.3761482 30 360000.0
	12442.1585876 31 360000.0
	12218.1107915 32 360000.0
	7236.13892079 15 410000.0
	7578.30683127 16 410000.0
	7966.38446874 17 410000.0
	8402.17874231 18 410000.0
	8886.94101415 19 410000.0
	9423.4309002 20 410000.0
	10018.2533002 21 410000.0
	10684.1387673 22 410000.0
	11443.0782299 23 410000.0
	12332.0187884 24 410000.0
	13414.8148003 25 410000.0
	14810.5585636 26 410000.0
	15529.4732019 27 410000.0
	14497.79448 28 410000.0
	13796.9822097 29 410000.0
	13291.7094554 30 410000.0
	12910.8246658 31 410000.0
	12613.5123251 32 410000.0
	7228.52092241 15 460000.0
	7568.39807219 16 460000.0
	7954.26902856 17 460000.0
	8387.57513025 18 460000.0
	8869.26216977 19 460000.0
	9401.75944488 20 460000.0
	9991.22695401 21 460000.0
	10649.7091523 22 460000.0
	11398.0419552 23 460000.0
	12271.0687627 24 460000.0
	13328.4396127 25 460000.0
	14679.7238948 26 460000.0
	17341.4313141 27 460000.0
	15708.4990606 28 460000.0
	14676.5648522 29 460000.0
	13967.7559836 30 460000.0
	13452.0159327 31 460000.0
	13060.2670533 32 460000.0
	7220.96822691 15 510000.0
	7558.58126631 16 510000.0
	7942.27859729 17 510000.0
	8373.14104049 18 510000.0
	8851.81593432 19 510000.0
	9380.41346011 20 510000.0
	9964.6678315 21 510000.0
	10615.9723119 22 510000.0
	11354.0762292 23 510000.0
	12211.8654058 24 510000.0
	13245.1343019 25 510000.0
	14554.8993708 26 510000.0
	16346.4980171 27 510000.0
	17346.9684625 28 510000.0
	15788.5127298 29 510000.0
	14784.1498803 30 510000.0
	14084.3027343 31 510000.0
	13569.3242762 32 510000.0
