
	28917.4819275 15 10000.0
	29599.327066 16 10000.0
	30236.965143 17 10000.0
	30835.9609901 18 10000.0
	31400.981982 19 10000.0
	31935.8923147 20 10000.0
	32443.9000219 21 10000.0
	32927.6931332 22 10000.0
	33389.5494427 23 10000.0
	33831.42072 24 10000.0
	34254.9964112 25 10000.0
	34661.7519631 26 10000.0
	35052.9858985 27 10000.0
	35429.8486873 28 10000.0
	35793.3655919 29 10000.0
	36144.4550242 30 10000.0
	36483.9435065 31 10000.0
	36812.5780192 32 10000.0
	-2501.12488066 15 60000.0
	-2019.31998913 16 60000.0
	-1543.62322616 17 60000.0
	-1070.5968924 18 60000.0
	23697.7604081 19 60000.0
	24275.2112524 20 60000.0
	24816.0960988 21 60000.0
	25326.0890944 22 60000.0
	25809.3844772 23 60000.0
	26269.1912882 24 60000.0
	26708.0441762 25 60000.0
	27128.0020352 26 60000.0
	27530.7775174 27 60000.0
	27917.8234488 28 60000.0
	28290.3919918 29 60000.0
	28649.5762839 30 60000.0
	28996.3405823 31 60000.0
	29331.5427055 32 60000.0
	-2508.40894218 15 110000.0
	-2027.20829293 16 110000.0
	-1552.22709869 17 110000.0
	-1080.02507076 18 110000.0
	-607.52836543 19 110000.0
	-131.937785207 20 110000.0
	22032.9837297 21 110000.0
	22582.2621843 22 110000.0
	23095.7068929 23 110000.0
	23579.4251359 24 110000.0
	24037.7636593 25 110000.0
	24473.9561469 26 110000.0
	24890.5026547 27 110000.0
	25289.4005786 28 110000.0
	25672.2900588 29 110000.0
	26040.5484739 30 110000.0
	26395.3537866 31 110000.0
	26737.7283286 32 110000.0
	-2515.65820243 15 160000.0
	-2035.0561073 16 160000.0
	-1560.78303991 17 160000.0
	-1089.39566602 18 160000.0
	-617.837596224 19 160000.0
	-143.343614302 20 160000.0
	336.77000982 21 160000.0
	20748.6335867 22 160000.0
	21305.708173 23 160000.0
	21822.0207345 24 160000.0
	22305.6622146 25 160000.0
	22762.114523 26 160000.0
	23195.2937735 27 160000.0
	23608.1260124 28 160000.0
	24002.8824182 29 160000.0
	24381.3831211 30 160000.0
	24745.1259006 31 160000.0
	25095.3702957 32 160000.0
	-2522.87304911 15 210000.0
	-2042.86391946 16 210000.0
	-1569.29167965 17 210000.0
	-1098.70951376 18 210000.0
	-628.077711714 19 210000.0
	-154.663771638 20 210000.0
	324.165378511 21 210000.0
	811.23069091 22 210000.0
	1309.91668251 23 210000.0
	20459.5314546 24 210000.0
	20976.8741284 25 210000.0
	21459.0993832 26 210000.0
	21912.670654 27 210000.0
	22342.081228 28 210000.0
	22750.6129568 29 210000.0
	23140.7640535 30 210000.0
	23514.5031644 31 210000.0
	23873.4269083 32 210000.0
	-2530.05386311 15 260000.0
	-2050.63220729 16 260000.0
	-1577.75363437 17 260000.0
	-1107.96742983 18 260000.0
	-638.249820635 19 260000.0
	-165.899809613 20 260000.0
	311.666996629 21 260000.0
	797.198330301 22 260000.0
	1293.96498168 23 260000.0
	19298.4126953 24 260000.0
	19862.3336773 25 260000.0
	20378.200804 26 260000.0
	20857.249064 27 260000.0
	21306.6676558 28 260000.0
	21731.3683012 29 260000.0
	22134.887793 30 260000.0
	22519.885663 31 260000.0
	22888.4351815 32 260000.0
	-2537.20101869 15 310000.0
	-2058.36143952 16 310000.0
	-1586.16950756 17 310000.0
	-1117.17021103 18 310000.0
	-648.355002707 19 310000.0
	-177.053234655 20 310000.0
	299.272688599 21 310000.0
	783.300458634 22 310000.0
	1278.19283992 23 310000.0
	1788.08123463 24 310000.0
	18867.6604834 25 310000.0
	19429.0513636 26 310000.0
	19940.7206178 27 310000.0
	20414.7158757 28 310000.0
	20858.6458013 29 310000.0
	21277.6597812 30 310000.0
	21675.4377432 31 310000.0
	22054.7286628 32 310000.0
	-2544.31488361 15 360000.0
	-2066.05207601 16 360000.0
	-1594.53989014 17 360000.0
	-1126.31863571 18 360000.0
	-658.39430971 19 360000.0
	-188.125509125 20 360000.0
	286.980351647 21 360000.0
	769.533925201 22 360000.0
	1262.59528365 23 360000.0
	1770.12968769 24 360000.0
	2297.74532347 25 360000.0
	18557.3058218 26 360000.0
	19112.1564067 27 360000.0
	19617.0238693 28 360000.0
	20084.1891549 29 360000.0
	20521.3735518 30 360000.0
	20933.7878383 31 360000.0
	21325.147522 32 360000.0
	-2551.39581932 15 410000.0
	-2073.70456797 16 410000.0
	-1602.86536078 17 410000.0
	-1135.41346442 18 410000.0
	-668.368766489 19 410000.0
	-199.118053121 20 410000.0
	274.787952399 21 410000.0
	755.895699777 22 410000.0
	1247.16756366 23 410000.0
	1752.41213205 24 410000.0
	2276.96722 25 410000.0
	2828.98307374 26 410000.0
	18337.0060674 27 410000.0
	18881.8155937 28 410000.0
	19377.6170577 29 410000.0
	19836.4091258 30 410000.0
	20265.7577591 31 410000.0
	20670.7823781 32 410000.0
	-2558.4441811 15 460000.0
	-2081.3193582 16 460000.0
	-1611.14648631 17 460000.0
	-1144.45544042 18 460000.0
	-678.279371925 19 460000.0
	-210.032246189 20 460000.0
	262.693523689 21 460000.0
	742.382866213 22 460000.0
	1231.90514114 23 460000.0
	1734.92104065 24 460000.0
	2256.51608643 25 460000.0
	2804.36650048 26 460000.0
	17587.0880548 27 460000.0
	18185.7269066 28 460000.0
	18717.7264757 29 460000.0
	19202.6531825 30 460000.0
	19651.8306091 31 460000.0
	20072.4632868 32 460000.0
	-2565.46031819 15 510000.0
	-2088.8968813 16 510000.0
	-1619.38382203 17 510000.0
	-1153.44529028 18 510000.0
	-688.127099858 19 510000.0
	-220.869428938 20 510000.0
	250.69516155 21 510000.0
	728.992616466 22 510000.0
	1216.80367474 23 510000.0
	1717.6492793 24 510000.0
	2236.37919032 25 510000.0
	2780.23358471 26 510000.0
	3361.10468334 27 510000.0
	17508.7377404 28 510000.0
	18088.0695768 29 510000.0
	18605.2831348 30 510000.0
	19078.0115103 31 510000.0
	19516.6518521 32 510000.0
