
	470.9140589823921 32.941 100000.0
	493.12227403332855 35.941 100000.0
	514.1843638577205 38.941 100000.0
	534.2275972213538 41.941 100000.0
	553.326996292887 44.941 100000.0
	571.522103697752 47.941 100000.0
	588.829642659196 50.941 100000.0
	605.2543479787435 53.941 100000.0
	620.7983812217207 56.941 100000.0
	635.4690683188577 59.941 100000.0
	649.2845405805982 62.941 100000.0
	662.2769775857976 65.941 100000.0
	674.4934183776347 68.941 100000.0
	685.9944213845401 71.941 100000.0
	696.851116373422 74.941 100000.0
	707.1413340578024 77.941 100000.0
	716.9454976373254 80.941 100000.0
	726.3428391002689 83.941 100000.0
	735.408314055596 86.941 100000.0
	744.2103892780468 89.941 100000.0
	752.809709971853 92.941 100000.0
	761.2585401117194 95.941 100000.0
	769.6008107009474 98.941 100000.0
	777.8725967678408 101.941 100000.0
	455.08899842279004 32.941 400000.0
	481.13127151777877 35.941 400000.0
	504.96141512048706 38.941 400000.0
	527.1035880796367 41.941 400000.0
	547.8438469555274 44.941 400000.0
	567.347701943662 47.941 400000.0
	585.7135170945719 50.941 400000.0
	603.0022163349427 53.941 400000.0
	619.2564496630214 56.941 400000.0
	634.5138082636937 59.941 400000.0
	648.8157374520816 62.941 400000.0
	662.2128204608492 65.941 400000.0
	674.7669021190884 68.941 400000.0
	686.5506136840654 71.941 400000.0
	697.6450097490896 74.941 400000.0
	708.1361074257808 77.941 400000.0
	718.1110784135917 80.941 400000.0
	727.6546983232845 83.941 400000.0
	736.8464519889137 86.941 400000.0
	745.7584830138861 89.941 400000.0
	754.4544018319779 92.941 400000.0
	762.9888490894999 95.941 400000.0
	771.4076507981634 98.941 400000.0
	779.7483870527575 101.941 400000.0
	436.97555701097724 32.941 700000.0
	468.6413785172521 35.941 700000.0
	495.8867720488319 38.941 700000.0
	520.3764303116507 41.941 700000.0
	542.8449734304305 44.941 700000.0
	563.6744955862871 47.941 700000.0
	583.0837618379181 50.941 700000.0
	601.2077765111095 53.941 700000.0
	618.1383393425502 56.941 700000.0
	633.9475924245629 59.941 700000.0
	648.7023988113435 62.941 700000.0
	662.472722474548 65.941 700000.0
	675.335597550948 68.941 700000.0
	687.3757978721299 71.941 700000.0
	698.684210005051 74.941 700000.0
	709.3548653658108 77.941 700000.0
	719.4814792499676 80.941 700000.0
	729.1541589518582 83.941 700000.0
	738.456713522928 86.941 700000.0
	747.4647724331497 89.941 700000.0
	756.2447375464744 92.941 700000.0
	764.8534703486308 95.941 700000.0
	773.3385534988857 98.941 700000.0
	781.7389500870581 101.941 700000.0
	413.96898514099865 32.941 1000000.0
	455.61058249133856 35.941 1000000.0
	487.2522145405117 38.941 1000000.0
	514.3432780812641 41.941 1000000.0
	538.5778063916597 44.941 1000000.0
	560.6990252465447 47.941 1000000.0
	581.0950494437925 50.941 1000000.0
	599.9931699282515 53.941 1000000.0
	617.5412981917043 56.941 1000000.0
	633.848625621011 59.941 1000000.0
	649.0080776012913 62.941 1000000.0
	663.1088689967836 65.941 1000000.0
	676.242787503043 68.941 1000000.0
	688.5062167047639 71.941 1000000.0
	699.9993383709079 74.941 1000000.0
	710.8236973619474 77.941 1000000.0
	721.0791024996327 80.941 1000000.0
	730.860596609761 83.941 1000000.0
	740.2559684519189 86.941 1000000.0
	749.3440359207493 89.941 1000000.0
	758.193736591361 92.941 1000000.0
	766.8639334331374 95.941 1000000.0
	775.4037777447478 98.941 1000000.0
	783.8534544330357 101.941 1000000.0
	431.45390004647794 32.941 1300000.0
	442.00329212374595 35.941 1300000.0
	479.51230685999633 38.941 1300000.0
	509.389139877575 41.941 1300000.0
	535.32900720471 44.941 1300000.0
	558.6320827359297 47.941 1300000.0
	579.9040957585705 50.941 1300000.0
	599.4768562568376 53.941 1300000.0
	617.5564334359489 56.941 1300000.0
	634.288152942426 59.941 1300000.0
	649.789357944525 62.941 1300000.0
	664.1668492286984 65.941 1300000.0
	677.5256911891024 68.941 1300000.0
	689.9726277244305 71.941 1300000.0
	701.6160980845673 74.941 1300000.0
	712.5643042587253 77.941 1300000.0
	722.9224427566511 80.941 1300000.0
	732.7899093479693 83.941 1300000.0
	742.2579904548162 86.941 1300000.0
	751.4082923507322 89.941 1300000.0
	760.3119552481036 92.941 1300000.0
	769.0295653367112 95.941 1300000.0
	777.6116092524127 98.941 1300000.0
	786.0992973883151 101.941 1300000.0
	623.6518710768031 32.941 1600000.0
	429.9993065822775 35.941 1600000.0
	473.6336195941467 38.941 1600000.0
	506.0713186130246 41.941 1600000.0
	533.4463063916803 44.941 1600000.0
	557.70357024121 47.941 1600000.0
	579.6698733997948 50.941 1600000.0
	599.7727810020406 53.941 1600000.0
	618.2678707196358 56.941 1600000.0
	635.3298583085118 59.941 1600000.0
	651.0955026475135 62.941 1600000.0
	665.6855010276885 65.941 1600000.0
	679.2154493655926 68.941 1600000.0
	691.8003816949633 71.941 1600000.0
	703.5554110666308 74.941 1600000.0
	714.5941684092727 77.941 1600000.0
	725.0262735420633 80.941 1600000.0
	734.9547095966687 83.941 1600000.0
	744.4736470217359 86.941 1600000.0
	753.666984443321 89.941 1600000.0
	762.6076607173521 92.941 1600000.0
	771.3576539562175 95.941 1600000.0
	779.9685127223593 98.941 1600000.0
	788.4822459061908 101.941 1600000.0
