
	4484.079600992136 32.941 100000.0
	4417.61045817383 35.941 100000.0
	4367.81697284152 38.941 100000.0
	4329.500933530518 41.941 100000.0
	4299.392734926424 44.941 100000.0
	4275.321655691991 47.941 100000.0
	4255.791011880604 50.941 100000.0
	4239.7390545791395 53.941 100000.0
	4226.395185999399 56.941 100000.0
	4215.189299951572 59.941 100000.0
	4205.6925594065315 62.941 100000.0
	4197.577619859538 65.941 100000.0
	4190.5912963609235 68.941 100000.0
	4184.535412358133 71.941 100000.0
	4179.253150757478 74.941 100000.0
	4174.619177447088 77.941 100000.0
	4170.532395681266 80.941 100000.0
	4166.910563352858 83.941 100000.0
	4163.686247722696 86.941 100000.0
	4160.80375261711 89.941 100000.0
	4158.216761026108 92.941 100000.0
	4155.886509731587 95.941 100000.0
	4153.780363617123 98.941 100000.0
	4151.87069308655 101.941 100000.0
	5987.171248017907 32.941 400000.0
	5534.956565717662 35.941 400000.0
	5241.899604706857 38.941 400000.0
	5036.537935640554 41.941 400000.0
	4885.172137501428 44.941 400000.0
	4769.575948047112 47.941 400000.0
	4678.919037637015 50.941 400000.0
	4606.319228174028 53.941 400000.0
	4547.180510720453 56.941 400000.0
	4498.314295171799 59.941 400000.0
	4457.440408118309 62.941 400000.0
	4422.887420988205 65.941 400000.0
	4393.404462537644 68.941 400000.0
	4368.038666930467 71.941 400000.0
	4346.05292320124 74.941 400000.0
	4326.869250224292 77.941 400000.0
	4310.0289528890025 80.941 400000.0
	4295.164048335499 83.941 400000.0
	4281.976428395522 86.941 400000.0
	4270.222435399397 89.941 400000.0
	4259.701291024101 92.941 400000.0
	4250.246309743779 95.941 400000.0
	4241.718152615178 98.941 400000.0
	4233.99959488284 101.941 400000.0
	8850.873405726 32.941 700000.0
	7243.341380251487 35.941 700000.0
	6423.225773231572 38.941 700000.0
	5920.810190916153 41.941 700000.0
	5580.38965340906 44.941 700000.0
	5334.7057148648155 47.941 700000.0
	5149.577872556441 50.941 700000.0
	5005.620023399004 53.941 700000.0
	4890.941784862721 56.941 700000.0
	4797.8142495886705 59.941 700000.0
	4720.984700444587 62.941 700000.0
	4656.755449790052 65.941 700000.0
	4602.448188086059 68.941 700000.0
	4556.076575741182 71.941 700000.0
	4516.1377741387905 74.941 700000.0
	4481.475117731588 77.941 700000.0
	4451.185015502211 80.941 700000.0
	4424.552267237982 83.941 700000.0
	4401.004155557745 86.941 700000.0
	4380.077250811353 89.941 700000.0
	4361.39300958346 92.941 700000.0
	4344.639571716891 95.941 700000.0
	4329.55800071514 98.941 700000.0
	4315.931757813911 101.941 700000.0
	16980.539231988645 32.941 1000000.0
	10223.880126150063 35.941 1000000.0
	8110.761456217575 38.941 1000000.0
	7054.1445014854935 41.941 1000000.0
	6413.825785595179 44.941 1000000.0
	5982.694675383167 47.941 1000000.0
	5672.60665826365 50.941 1000000.0
	5439.288713691702 53.941 1000000.0
	5257.876605786075 56.941 1000000.0
	5113.243826941041 59.941 1000000.0
	4995.621846239133 62.941 1000000.0
	4898.404949452454 65.941 1000000.0
	4816.960082401787 68.941 1000000.0
	4747.940000221797 71.941 1000000.0
	4688.866297172797 74.941 1000000.0
	4637.865490306908 77.941 1000000.0
	4593.496045571739 80.941 1000000.0
	4554.631606304114 83.941 1000000.0
	4520.3801378670505 86.941 1000000.0
	4490.026696296398 89.941 1000000.0
	4462.992130508197 92.941 1000000.0
	4438.802770291029 95.941 1000000.0
	4417.0678376307405 98.941 1000000.0
	4397.46238279735 101.941 1000000.0
	217583.20055330102 32.941 1300000.0
	16693.648319494252 35.941 1300000.0
	10695.86717392352 38.941 1300000.0
	8545.725735591539 41.941 1300000.0
	7422.349048770638 44.941 1300000.0
	6726.891748844235 47.941 1300000.0
	6252.628632910284 50.941 1300000.0
	5908.480323110019 53.941 1300000.0
	5647.739819697734 56.941 1300000.0
	5443.824418117132 59.941 1300000.0
	5280.414816162269 62.941 1300000.0
	5146.902335171602 65.941 1300000.0
	5036.076007028823 68.941 1300000.0
	4942.856448925297 71.941 1300000.0
	4863.560028861967 74.941 1300000.0
	4795.44979899112 77.941 1300000.0
	4736.450091476373 80.941 1300000.0
	4684.958830313256 83.941 1300000.0
	4639.720460505861 86.941 1300000.0
	4599.7377341666415 89.941 1300000.0
	4564.209121584139 92.941 1300000.0
	4532.4835450984065 95.941 1300000.0
	4504.027081620641 98.941 1300000.0
	4478.398096013299 101.941 1300000.0
	27875.043235089153 32.941 1600000.0
	37000.17872986947 35.941 1600000.0
	14971.55101342761 38.941 1600000.0
	10554.898609501128 41.941 1600000.0
	8650.03447343292 44.941 1600000.0
	7580.806431340715 47.941 1600000.0
	6893.390158746703 50.941 1600000.0
	6413.54676358073 53.941 1600000.0
	6059.710151137006 56.941 1600000.0
	5788.394645095529 59.941 1600000.0
	5574.181461857469 62.941 1600000.0
	5401.161403439298 65.941 1600000.0
	5258.839970294197 68.941 1600000.0
	5140.001073388069 71.941 1600000.0
	5039.513631708453 74.941 1600000.0
	4953.62689947752 77.941 1600000.0
	4879.534909297824 80.941 1600000.0
	4815.096752050433 83.941 1600000.0
	4758.651012919265 86.941 1600000.0
	4708.889197225366 89.941 1600000.0
	4664.767288060968 92.941 1600000.0
	4625.442632800872 95.941 1600000.0
	4590.228060703805 98.941 1600000.0
	4558.557972710985 101.941 1600000.0
