
	454175.66319465986 32.941 100000.0
	473308.08270723006 35.941 100000.0
	492357.7186613371 38.941 100000.0
	511355.3970337865 41.941 100000.0
	530332.3759151956 44.941 100000.0
	549323.695097378 47.941 100000.0
	568369.8956237745 50.941 100000.0
	587517.6679236353 53.941 100000.0
	606819.6838413974 56.941 100000.0
	626333.8003655947 59.941 100000.0
	646121.8057500462 62.941 100000.0
	666247.8658795392 65.941 100000.0
	686776.812308128 68.941 100000.0
	707772.3941731397 71.941 100000.0
	729295.5956885965 74.941 100000.0
	751403.1000707056 77.941 100000.0
	774145.9601131639 80.941 100000.0
	797568.5157559642 83.941 100000.0
	821707.5805029528 86.941 100000.0
	846591.9020792957 89.941 100000.0
	872241.8888149797 92.941 100000.0
	898669.582232742 95.941 100000.0
	925878.8483126925 98.941 100000.0
	953865.7547849952 101.941 100000.0
	435414.93778782774 32.941 400000.0
	456930.15396921936 35.941 400000.0
	477789.844997051 38.941 400000.0
	498229.6702447094 41.941 400000.0
	518390.95438616496 44.941 400000.0
	538375.5230251207 47.941 400000.0
	558268.0067370143 50.941 400000.0
	578145.958494373 53.941 400000.0
	598084.5702095426 56.941 400000.0
	618158.6402117747 59.941 400000.0
	638443.0016882854 62.941 400000.0
	659012.0529179266 65.941 400000.0
	679938.7749828661 68.941 400000.0
	701293.4920430118 71.941 400000.0
	723142.5527712158 74.941 400000.0
	745547.060642358 77.941 400000.0
	768561.7430587296 80.941 400000.0
	792234.0192371344 83.941 400000.0
	816603.3019695934 86.941 400000.0
	841700.5478400302 89.941 400000.0
	867548.0538852304 92.941 400000.0
	894159.4858583222 95.941 400000.0
	921540.1139862143 98.941 400000.0
	949687.2261036736 101.941 400000.0
	412346.4877643839 32.941 700000.0
	438209.7233746836 35.941 700000.0
	461800.9669824156 38.941 700000.0
	484182.671000528 41.941 700000.0
	505825.236724294 44.941 700000.0
	526991.0892977513 47.941 700000.0
	547854.580841399 50.941 700000.0
	568548.4318643161 53.941 700000.0
	589184.2171554393 56.941 700000.0
	609862.0180229881 59.941 700000.0
	630674.9524315055 62.941 700000.0
	651711.0606198111 65.941 700000.0
	673053.758094477 68.941 700000.0
	694781.5139344092 71.941 700000.0
	716967.1432620401 74.941 700000.0
	739676.9578677339 77.941 700000.0
	762969.9325692479 80.941 700000.0
	786896.9882393155 83.941 700000.0
	811500.4524201717 86.941 700000.0
	836813.7288712746 89.941 700000.0
	862861.1852313266 92.941 700000.0
	889658.251606919 95.941 700000.0
	917211.7113241681 98.941 700000.0
	945520.157528065 101.941 700000.0
	379854.54722835554 32.941 1000000.0
	415793.4687700172 35.941 1000000.0
	443896.9736827647 38.941 1000000.0
	469007.58027764736 41.941 1000000.0
	492543.43915663724 44.941 1000000.0
	515129.7545371529 47.941 1000000.0
	537113.1991333278 50.941 1000000.0
	558720.5300564417 53.941 1000000.0
	580119.9069961208 56.941 1000000.0
	601448.003051246 59.941 1000000.0
	622822.9271960558 62.941 1000000.0
	644350.5260419237 65.941 1000000.0
	666127.334734535 68.941 1000000.0
	688241.7537554121 71.941 1000000.0
	710774.2850403899 74.941 1000000.0
	733797.3013588324 77.941 1000000.0
	757374.6324132455 80.941 1000000.0
	781561.140920868 83.941 1000000.0
	806402.3929323318 86.941 1000000.0
	831934.4806603829 89.941 1000000.0
	858184.0242700041 92.941 1000000.0
	885168.3568315677 95.941 1000000.0
	912895.88137078 98.941 1000000.0
	941366.5790164743 101.941 1000000.0
	217434.82978106887 32.941 1300000.0
	386659.35669053614 35.941 1300000.0
	423300.9023047603 38.941 1300000.0
	452436.36687728413 41.941 1300000.0
	478442.4421610543 44.941 1300000.0
	502751.9232973479 47.941 1300000.0
	526031.1336731307 50.941 1300000.0
	548661.3838365868 53.941 1300000.0
	570895.9725508367 56.941 1300000.0
	592923.0273686006 59.941 1300000.0
	614893.9753353724 62.941 1300000.0
	636937.4102221554 65.941 1300000.0
	659166.0562266787 68.941 1300000.0
	681680.225130312 71.941 1300000.0
	704569.423386816 74.941 1300000.0
	727912.9851931322 77.941 1300000.0
	751780.2244788309 80.941 1300000.0
	776230.3942943354 83.941 1300000.0
	801312.6242476217 86.941 1300000.0
	827065.934096132 89.941 1300000.0
	853519.3746988684 92.941 1300000.0
	880692.3163947293 95.941 1300000.0
	908594.8841887461 98.941 1300000.0
	937228.5257959627 101.941 1300000.0
	173252.24557308253 32.941 1600000.0
	341940.5907067684 35.941 1600000.0
	398751.27727004566 38.941 1600000.0
	434129.59062061505 41.941 1600000.0
	463412.10028542724 44.941 1600000.0
	489822.4448952157 47.941 1600000.0
	514601.1682563939 50.941 1600000.0
	538374.6640195624 53.941 1600000.0
	561520.1373826647 56.941 1600000.0
	584295.9728895187 59.941 1600000.0
	606896.8950946382 62.941 1600000.0
	629479.9172862743 65.941 1600000.0
	652177.3556395911 68.941 1600000.0
	675103.5655698855 71.941 1600000.0
	698358.4429654347 74.941 1600000.0
	722029.2102808318 77.941 1600000.0
	746191.3018590129 80.941 1600000.0
	770908.807335611 83.941 1600000.0
	796234.7388039104 86.941 1600000.0
	822211.2752278739 89.941 1600000.0
	848870.0688373065 92.941 1600000.0
	876232.6545600872 95.941 1600000.0
	904310.975404422 98.941 1600000.0
	933108.0187949315 101.941 1600000.0
