
	586488.12217171 32.941 100000.0
	618473.9010004686 35.941 100000.0
	650292.5251424004 38.941 100000.0
	681994.9615913411 41.941 100000.0
	713626.6407644376 44.941 100000.0
	745232.9088116689 47.941 100000.0
	776861.9906277489 50.941 100000.0
	808566.4216020394 53.941 100000.0
	840403.3958449151 56.941 100000.0
	872434.3212483954 59.941 100000.0
	904723.8109215777 62.941 100000.0
	937338.3044861272 65.941 100000.0
	970344.4831166468 68.941 100000.0
	1003807.6151263441 71.941 100000.0
	1037789.9435300095 74.941 100000.0
	1072349.2030572887 77.941 100000.0
	1107537.331421412 80.941 100000.0
	1143399.418417004 83.941 100000.0
	1179972.9170092822 86.941 100000.0
	1217287.1234754317 89.941 100000.0
	1255362.9193071837 92.941 100000.0
	1294212.756258769 95.941 100000.0
	1333840.8576903571 98.941 100000.0
	1374243.6040705673 101.941 100000.0
	556236.4509414717 32.941 400000.0
	592401.2647736925 35.941 400000.0
	627415.4297709841 38.941 400000.0
	661671.7831464718 41.941 400000.0
	695404.2519485663 44.941 400000.0
	728774.40092802 47.941 400000.0
	761907.8263669461 50.941 400000.0
	794911.4212426029 53.941 400000.0
	827882.0862644861 56.941 400000.0
	860911.0963760751 59.941 400000.0
	894086.0509969703 62.941 400000.0
	927491.4115042348 65.941 400000.0
	961208.2085719743 68.941 400000.0
	995313.2878355278 71.941 400000.0
	1029878.3409327307 74.941 400000.0
	1064968.8925895498 77.941 400000.0
	1100643.3616014093 80.941 400000.0
	1136952.2742111625 83.941 400000.0
	1173937.6776709992 86.941 400000.0
	1211632.7773980885 89.941 400000.0
	1250061.8019709142 92.941 400000.0
	1289240.0856330958 95.941 400000.0
	1329174.3474905598 98.941 400000.0
	1369863.139723245 101.941 400000.0
	519790.13020382274 32.941 700000.0
	563067.2643336252 35.941 700000.0
	602640.3764232041 38.941 700000.0
	640180.2875529547 41.941 700000.0
	676439.6356749763 44.941 700000.0
	711837.6899928087 47.941 700000.0
	746646.1372972534 50.941 700000.0
	781062.7109279042 53.941 700000.0
	815244.7232745104 56.941 700000.0
	849325.6929749387 59.941 700000.0
	883423.9171036863 62.941 700000.0
	917646.8485734072 65.941 700000.0
	952093.1614953015 68.941 700000.0
	986853.5140442445 71.941 700000.0
	1022010.5938982437 74.941 700000.0
	1057638.8055318946 77.941 700000.0
	1093803.8276604335 80.941 700000.0
	1130562.1867328773 83.941 700000.0
	1167960.9368746935 86.941 700000.0
	1206037.4974709095 89.941 700000.0
	1244819.6712366822 92.941 700000.0
	1284325.8451884133 95.941 700000.0
	1324565.362616666 98.941 700000.0
	1365539.044732043 101.941 700000.0
	469928.8282015359 32.941 1000000.0
	528657.4622059447 35.941 1000000.0
	575359.1447448651 38.941 1000000.0
	617300.9353707997 41.941 1000000.0
	656660.5685440516 44.941 1000000.0
	694410.8788616686 47.941 1000000.0
	731090.1237544969 50.941 1000000.0
	767043.2811000943 53.941 1000000.0
	802517.1876544879 56.941 1000000.0
	837703.761447571 59.941 1000000.0
	872761.4785680467 62.941 1000000.0
	907826.6005010211 65.941 1000000.0
	943019.1443926592 68.941 1000000.0
	978446.0045432526 71.941 1000000.0
	1014202.4919419683 74.941 1000000.0
	1050373.0062433726 77.941 1000000.0
	1087031.2641332769 80.941 1000000.0
	1124240.3430591717 83.941 1000000.0
	1162052.6988278436 86.941 1000000.0
	1200510.2507683625 89.941 1000000.0
	1239644.5846788448 92.941 1000000.0
	1279477.294083324 95.941 1000000.0
	1320020.4601788686 98.941 1000000.0
	1361277.2576475139 101.941 1000000.0
	250653.528909708 32.941 1300000.0
	485150.36533231323 35.941 1300000.0
	544616.6150739507 38.941 1300000.0
	592749.0361765516 41.941 1300000.0
	635987.4297024875 44.941 1300000.0
	676486.48323416 47.941 1300000.0
	715258.4883546163 50.941 1300000.0
	752880.3847819901 53.941 1300000.0
	789728.1770677328 56.941 1300000.0
	826072.6021994192 59.941 1300000.0
	862123.6125358696 62.941 1300000.0
	898052.8836295179 65.941 1300000.0
	934005.8110031678 68.941 1300000.0
	970108.0792002399 71.941 1300000.0
	1006469.286682619 74.941 1300000.0
	1043184.9388588613 77.941 1300000.0
	1080337.546382382 80.941 1300000.0
	1117997.260860807 83.941 1300000.0
	1156222.3067525264 86.941 1300000.0
	1195059.3635793345 89.941 1300000.0
	1234543.9863823173 92.941 1300000.0
	1274701.1092065978 95.941 1300000.0
	1315545.6480275313 98.941 1300000.0
	1357083.2011442329 101.941 1300000.0
	206133.83686317963 32.941 1600000.0
	421234.22603657393 35.941 1600000.0
	508909.38726386055 38.941 1600000.0
	566177.3669785729 41.941 1600000.0
	614343.1390202813 44.941 1600000.0
	658066.8246788492 47.941 1600000.0
	699177.7864211196 50.941 1600000.0
	738606.3841125075 53.941 1600000.0
	776909.3787239643 56.941 1600000.0
	814461.064054773 59.941 1600000.0
	851535.8117516104 62.941 1600000.0
	888347.9433429675 65.941 1600000.0
	925072.4855735411 68.941 1600000.0
	961856.5179454744 71.941 1600000.0
	998825.5748261884 74.941 1600000.0
	1036087.3387516554 77.941 1600000.0
	1073733.8259032224 80.941 1600000.0
	1111842.7429769482 83.941 1600000.0
	1150478.4126785086 86.941 1600000.0
	1189692.5030180176 89.941 1600000.0
	1229524.6976023978 92.941 1600000.0
	1270003.3826738212 95.941 1600000.0
	1311146.3873415217 98.941 1600000.0
	1352961.7883364155 101.941 1600000.0
