
	0.026338894316767923 32.941 100000.0
	0.028450421488077197 35.941 100000.0
	0.03048454295024833 38.941 100000.0
	0.032460772781647114 41.941 100000.0
	0.03440371281218541 44.941 100000.0
	0.036338931727058765 47.941 100000.0
	0.038290256172225104 50.941 100000.0
	0.040278387234699634 53.941 100000.0
	0.042320063752586935 56.941 100000.0
	0.044428483221776 59.941 100000.0
	0.04661353242589529 62.941 100000.0
	0.04888223007971851 65.941 100000.0
	0.05123914731156829 68.941 100000.0
	0.05368675728486029 71.941 100000.0
	0.056225701918155825 74.941 100000.0
	0.058854983121046915 77.941 100000.0
	0.06157209465560604 80.941 100000.0
	0.06437311335012207 83.941 100000.0
	0.06725276787160393 86.941 100000.0
	0.07020450124902282 89.941 100000.0
	0.07322054065471609 92.941 100000.0
	0.07629198496444474 95.941 100000.0
	0.0794089174770385 98.941 100000.0
	0.08256054795763333 101.941 100000.0
	0.028497251481212266 32.941 400000.0
	0.030337146689473415 35.941 400000.0
	0.03216838214918787 38.941 400000.0
	0.03398491809325041 41.941 400000.0
	0.035797648246702084 44.941 400000.0
	0.037623763689402304 47.941 400000.0
	0.03948202560425887 50.941 400000.0
	0.04139141317736575 53.941 400000.0
	0.04336407155912936 56.941 400000.0
	0.04541141779411688 59.941 400000.0
	0.04754198234568469 62.941 400000.0
	0.049761729590255946 65.941 400000.0
	0.052074396759553915 68.941 400000.0
	0.0544817875202781 71.941 400000.0
	0.0569839991990016 74.941 400000.0
	0.05957958556980656 77.941 400000.0
	0.06226566782748205 80.941 400000.0
	0.06503801020080754 83.941 400000.0
	0.06789107689549236 86.941 400000.0
	0.07081808552401836 89.941 400000.0
	0.07381106981024592 92.941 400000.0
	0.07686096158009427 95.941 400000.0
	0.07995769905318945 98.941 400000.0
	0.08309036533253347 101.941 400000.0
	0.031492933821448965 32.941 700000.0
	0.032702688704484756 35.941 700000.0
	0.034164227156272514 38.941 700000.0
	0.03572782273283855 41.941 700000.0
	0.037352342592566645 44.941 700000.0
	0.03903027511550322 47.941 700000.0
	0.04076787453012546 50.941 700000.0
	0.042581056862076944 53.941 700000.0
	0.04447161138293137 56.941 700000.0
	0.04644786387813455 59.941 700000.0
	0.048516128627844664 62.941 700000.0
	0.05068073317383493 65.941 700000.0
	0.05294417545402441 68.941 700000.0
	0.05530730092087936 71.941 700000.0
	0.05776945254824857 74.941 700000.0
	0.060328580894057106 77.941 700000.0
	0.06298131814705576 80.941 700000.0
	0.06572302729835862 83.941 700000.0
	0.06854783977644834 86.941 700000.0
	0.07144869453102111 89.941 700000.0
	0.07441738991123982 92.941 700000.0
	0.07744465737095146 95.941 700000.0
	0.0805202633385278 98.941 700000.0
	0.08363314267147468 101.941 700000.0
	0.036920098372068805 32.941 1000000.0
	0.03594774773102692 35.941 1000000.0
	0.03663470908554306 38.941 1000000.0
	0.03777134989372147 41.941 1000000.0
	0.039114573331537825 44.941 1000000.0
	0.04058741565230944 47.941 1000000.0
	0.04216675922998574 50.941 1000000.0
	0.043861070488055084 53.941 1000000.0
	0.04565305695974652 56.941 1000000.0
	0.04754590406971668 59.941 1000000.0
	0.049542441547395975 62.941 1000000.0
	0.051644539734728975 65.941 1000000.0
	0.05385290732251028 68.941 1000000.0
	0.056167051713333846 71.941 1000000.0
	0.058585292477606125 74.941 1000000.0
	0.061104782198955335 77.941 1000000.0
	0.06372152039513725 80.941 1000000.0
	0.06643036107257741 83.941 1000000.0
	0.06922502087715902 86.941 1000000.0
	0.0720980968571121 89.941 1000000.0
	0.07504110264048759 92.941 1000000.0
	0.0780445303888142 95.941 1000000.0
	0.0810979437416847 98.941 1000000.0
	0.08419010440242033 101.941 1000000.0
	0.0903870994441818 32.941 1300000.0
	0.04116062581416959 35.941 1300000.0
	0.03986120521612857 38.941 1300000.0
	0.04022835545751057 41.941 1300000.0
	0.04114034354754623 44.941 1300000.0
	0.042326567348937465 47.941 1300000.0
	0.04369770196802314 50.941 1300000.0
	0.04524457743076289 53.941 1300000.0
	0.046917925423689 56.941 1300000.0
	0.04871272668770438 59.941 1300000.0
	0.05062653599802077 62.941 1300000.0
	0.05265765970101895 65.941 1300000.0
	0.05480430161058131 68.941 1300000.0
	0.05706415109838395 71.941 1300000.0
	0.059434172431384366 74.941 1300000.0
	0.061910484713351345 77.941 1300000.0
	0.06448828394113013 80.941 1300000.0
	0.06716178878475501 83.941 1300000.0
	0.0699242060744838 86.941 1300000.0
	0.07276771840447194 89.941 1300000.0
	0.07568349854889561 92.941 1300000.0
	0.07866175542520265 95.941 1300000.0
	0.0816918150959023 98.941 1300000.0
	0.08476223830276891 101.941 1300000.0
	0.0852360667072091 32.941 1600000.0
	0.052423026496695946 35.941 1600000.0
	0.044363787247389395 38.941 1600000.0
	0.04325452790894152 41.941 1600000.0
	0.04349498366359638 44.941 1600000.0
	0.04428039190715228 47.941 1600000.0
	0.04537881266694345 50.941 1600000.0
	0.04674338189463488 53.941 1600000.0
	0.048274407770283544 56.941 1600000.0
	0.04995430895365269 59.941 1600000.0
	0.05177295764432574 62.941 1600000.0
	0.0537236704850578 65.941 1600000.0
	0.055801255291544415 68.941 1600000.0
	0.058001001747445484 71.941 1600000.0
	0.0603181254088301 74.941 1600000.0
	0.06274743778810984 77.941 1600000.0
	0.06528313549065955 80.941 1600000.0
	0.06791865881781346 83.941 1600000.0
	0.07064659834671924 86.941 1600000.0
	0.07345864168834432 89.941 1600000.0
	0.07634555893467686 92.941 1600000.0
	0.07929722766261647 95.941 1600000.0
	0.08230269849995774 98.941 1600000.0
	0.08535030110950753 101.941 1600000.0
