	1.6671359399270309e-06 32.941 100000.0
	1.8069178872116744e-06 35.941 100000.0
	1.9418635197130716e-06 38.941 100000.0
	2.0725623865272534e-06 41.941 100000.0
	2.199470530541322e-06 44.941 100000.0
	2.3229567368968688e-06 47.941 100000.0
	2.4433282019696017e-06 50.941 100000.0
	2.560846151060357e-06 53.941 100000.0
	2.675736083473904e-06 56.941 100000.0
	2.7881949046914097e-06 59.941 100000.0
	2.8983961251600844e-06 62.941 100000.0
	3.0064937865926135e-06 65.941 100000.0
	3.112625510125375e-06 68.941 100000.0
	3.2169149148141907e-06 71.941 100000.0
	3.319473570444973e-06 74.941 100000.0
	3.420402597152884e-06 77.941 100000.0
	3.519793991565172e-06 80.941 100000.0
	3.6177317375065214e-06 83.941 100000.0
	3.7142927444975346e-06 86.941 100000.0
	3.809547646875249e-06 89.941 100000.0
	3.903561488881569e-06 92.941 100000.0
	3.996394315570174e-06 95.941 100000.0
	4.088101685274008e-06 98.941 100000.0
	4.178735116255449e-06 101.941 100000.0
	1.7077940387838733e-06 32.941 400000.0
	1.8485801986091341e-06 35.941 400000.0
	1.983274791288453e-06 38.941 400000.0
	2.113029514288504e-06 41.941 400000.0
	2.2386127555312055e-06 44.941 400000.0
	2.3605756507594267e-06 47.941 400000.0
	2.4793353262472326e-06 50.941 400000.0
	2.595220423978764e-06 53.941 400000.0
	2.7084979077198244e-06 56.941 400000.0
	2.8193898496563163e-06 59.941 400000.0
	2.92808449121047e-06 62.941 400000.0
	3.0347438435509554e-06 65.941 400000.0
	3.1395090956985945e-06 68.941 400000.0
	3.2425045770906887e-06 71.941 400000.0
	3.3438407343707076e-06 74.941 400000.0
	3.4436164163243588e-06 77.941 400000.0
	3.5419206610416425e-06 80.941 400000.0
	3.6388341170839255e-06 83.941 400000.0
	3.734430190331724e-06 86.941 400000.0
	3.828775981665992e-06 89.941 400000.0
	3.92193306267396e-06 92.941 400000.0
	4.013958124149567e-06 95.941 400000.0
	4.1049035234072e-06 98.941 400000.0
	4.194817750157152e-06 101.941 400000.0
	1.7779550501762756e-06 32.941 700000.0
	1.9107309871776707e-06 35.941 700000.0
	2.0399174077024324e-06 38.941 700000.0
	2.165296595100041e-06 41.941 700000.0
	2.287164927725808e-06 44.941 700000.0
	2.4058661149792516e-06 47.941 700000.0
	2.521708884689163e-06 50.941 700000.0
	2.6349569165172413e-06 53.941 700000.0
	2.745833710307569e-06 56.941 700000.0
	2.854529654410047e-06 59.941 700000.0
	2.961208377037461e-06 62.941 700000.0
	3.0660118855485027e-06 65.941 700000.0
	3.1690645969729175e-06 68.941 700000.0
	3.2704764771344436e-06 71.941 700000.0
	3.3703454926082302e-06 74.941 700000.0
	3.4687595399162855e-06 77.941 700000.0
	3.5657979775535665e-06 80.941 700000.0
	3.661532854981768e-06 83.941 700000.0
	3.7560299087885235e-06 86.941 700000.0
	3.849349378433103e-06 89.941 700000.0
	3.94154668091325e-06 92.941 700000.0
	4.032672974064592e-06 95.941 700000.0
	4.1227756311072885e-06 98.941 700000.0
	4.2118986437945175e-06 101.941 700000.0
	1.916366092328945e-06 32.941 1000000.0
	2.006822531319707e-06 35.941 1000000.0
	2.1181509176677945e-06 38.941 1000000.0
	2.23281782089662e-06 41.941 1000000.0
	2.3471635995720796e-06 44.941 1000000.0
	2.4600966651395534e-06 47.941 1000000.0
	2.571270800107448e-06 50.941 1000000.0
	2.6806040692125193e-06 53.941 1000000.0
	2.788117697000396e-06 56.941 1000000.0
	2.8938739724381214e-06 59.941 1000000.0
	2.99795016977568e-06 62.941 1000000.0
	3.1004270671226724e-06 65.941 1000000.0
	3.201383838229355e-06 68.941 1000000.0
	3.3008958677931514e-06 71.941 1000000.0
	3.3990339463714986e-06 74.941 1000000.0
	3.4958641205576765e-06 77.941 1000000.0
	3.5914478473705317e-06 80.941 1000000.0
	3.6858422794833984e-06 83.941 1000000.0
	3.7791005953138305e-06 86.941 1000000.0
	3.871272331987978e-06 89.941 1000000.0
	3.962403701636233e-06 92.941 1000000.0
	4.052537882955941e-06 95.941 1000000.0
	4.141715285780938e-06 98.941 1000000.0
	4.229973789234647e-06 101.941 1000000.0
	3.968252152407394e-06 32.941 1300000.0
	2.1700617591913567e-06 35.941 1300000.0
	2.228889581040461e-06 38.941 1300000.0
	2.320515113680266e-06 41.941 1300000.0
	2.4211928573937687e-06 44.941 1300000.0
	2.5247527670368974e-06 47.941 1300000.0
	2.6289279066637356e-06 50.941 1300000.0
	2.732739363409681e-06 53.941 1300000.0
	2.835729005471755e-06 56.941 1300000.0
	2.9376772621876446e-06 59.941 1300000.0
	3.03848327468311e-06 62.941 1300000.0
	3.138108662579522e-06 65.941 1300000.0
	3.236549142721582e-06 68.941 1300000.0
	3.333819393097625e-06 71.941 1300000.0
	3.4299446310251355e-06 74.941 1300000.0
	3.5249557719475075e-06 77.941 1300000.0
	3.6188865777975405e-06 80.941 1300000.0
	3.711771948852573e-06 83.941 1300000.0
	3.8036468914753492e-06 86.941 1300000.0
	3.894545894737312e-06 89.941 1300000.0
	3.984502559145807e-06 92.941 1300000.0
	4.073549383167767e-06 95.941 1300000.0
	4.161717649616821e-06 98.941 1300000.0
	4.249037375659001e-06 101.941 1300000.0
	5.369039672108623e-06 32.941 1600000.0
	2.522350423085109e-06 35.941 1600000.0
	2.3926784968810353e-06 38.941 1600000.0
	2.4355711340606697e-06 41.941 1600000.0
	2.512526391112619e-06 44.941 1600000.0
	2.6015510394898956e-06 47.941 1600000.0
	2.695661388500421e-06 50.941 1600000.0
	2.7919567055589787e-06 53.941 1600000.0
	2.88904161076254e-06 56.941 1600000.0
	2.9861814998176733e-06 59.941 1600000.0
	3.0829670434500074e-06 62.941 1600000.0
	3.1791625830057894e-06 65.941 1600000.0
	3.2746309495922297e-06 68.941 1600000.0
	3.369293457043651e-06 71.941 1600000.0
	3.4631073972746466e-06 74.941 1600000.0
	3.5560527997698273e-06 77.941 1600000.0
	3.648124347608383e-06 80.941 1600000.0
	3.739326286491489e-06 83.941 1600000.0
	3.829669133876607e-06 86.941 1600000.0
	3.919167504442251e-06 89.941 1600000.0
	4.0078386465737765e-06 92.941 1600000.0
	4.095701442470627e-06 95.941 1600000.0
	4.1827757168907055e-06 98.941 1600000.0
	4.269081755162195e-06 101.941 1600000.0
