
	0.7557867246450709 32.941 100000.0
	0.6888674012638253 35.941 100000.0
	0.6331726503365185 38.941 100000.0
	0.5860305624858256 41.941 100000.0
	0.5455708070421583 44.941 100000.0
	0.5104405152982622 47.941 100000.0
	0.47963449164868205 50.941 100000.0
	0.452388888586481 53.941 100000.0
	0.42811204232636757 56.941 100000.0
	0.40633802659695506 59.941 100000.0
	0.38669460406414724 62.941 100000.0
	0.36888058654522315 65.941 100000.0
	0.3526495094270666 68.941 100000.0
	0.3377976433953021 71.941 100000.0
	0.3241550475712662 74.941 100000.0
	0.31157879491118323 77.941 100000.0
	0.299947774915691 80.941 100000.0
	0.2891586588432016 83.941 100000.0
	0.2791227333773423 86.941 100000.0
	0.2697633911313278 89.941 100000.0
	0.2610141235826385 92.941 100000.0
	0.25281690234254917 95.941 100000.0
	0.24512086346605513 98.941 100000.0
	0.23788123035014552 101.941 100000.0
	3.3106686844033786 32.941 400000.0
	2.9526590401796007 35.941 400000.0
	2.673339593655414 38.941 400000.0
	2.447349663427453 41.941 400000.0
	2.259717238807952 44.941 400000.0
	2.1008527172307945 47.941 400000.0
	1.9642523781788217 50.941 400000.0
	1.8453124170643116 53.941 400000.0
	1.7406628533981277 56.941 400000.0
	1.647769115585265 59.941 400000.0
	1.5646816961450274 62.941 400000.0
	1.489872450925913 65.941 400000.0
	1.4221239574305795 68.941 400000.0
	1.3604526148377856 71.941 400000.0
	1.3040538973214826 74.941 400000.0
	1.2522625568878767 77.941 400000.0
	1.2045231583590086 80.941 400000.0
	1.1603679069161483 83.941 400000.0
	1.1193997197018803 86.941 400000.0
	1.0812791317962822 89.941 400000.0
	1.0457140481925873 92.941 400000.0
	1.0124516370280663 95.941 400000.0
	0.9812718538413335 98.941 400000.0
	0.9519822222893078 101.941 400000.0
	6.515043460059148 32.941 700000.0
	5.606389446915262 35.941 700000.0
	4.970199767092128 38.941 700000.0
	4.487248045644006 41.941 700000.0
	4.102819013548454 44.941 700000.0
	3.7869238458693353 47.941 700000.0
	3.5212763181692215 50.941 700000.0
	3.293896311741707 53.941 700000.0
	3.0965161142800186 56.941 700000.0
	2.9231991037490666 59.941 700000.0
	2.7695464585103675 62.941 700000.0
	2.632214360416 65.941 700000.0
	2.508606280936207 68.941 700000.0
	2.396669313514343 71.941 700000.0
	2.294755053878616 74.941 700000.0
	2.2015219912149884 77.941 700000.0
	2.115865424874509 80.941 700000.0
	2.0368661216451738 83.941 700000.0
	1.9637520301056195 86.941 700000.0
	1.8958692790957345 89.941 700000.0
	1.8326598979926438 92.941 700000.0
	1.7736444830640947 95.941 700000.0
	1.718408556739238 98.941 700000.0
	1.6665917208148116 101.941 700000.0
	11.101948183163948 32.941 1000000.0
	8.860221666422737 35.941 1000000.0
	7.606750990957064 38.941 1000000.0
	6.743390486861922 41.941 1000000.0
	6.093209183786074 44.941 1000000.0
	5.577832043210003 47.941 1000000.0
	5.155252368048253 50.941 1000000.0
	4.800243828339503 53.941 1000000.0
	4.4964578570370985 56.941 1000000.0
	4.232701064252895 59.941 1000000.0
	4.000983419767322 62.941 1000000.0
	3.795411033252061 65.941 1000000.0
	3.6115188861479526 68.941 1000000.0
	3.445848905676677 71.941 1000000.0
	3.295672509195448 74.941 1000000.0
	3.1588020955831566 77.941 1000000.0
	3.0334593749331074 80.941 1000000.0
	2.918181184501547 83.941 1000000.0
	2.8117507096810823 86.941 1000000.0
	2.713146335438805 89.941 1000000.0
	2.6215029908418925 92.941 1000000.0
	2.5360825117730594 95.941 1000000.0
	2.4562506221747493 98.941 1000000.0
	2.3814588456290817 101.941 1000000.0
	39.134584860345015 32.941 1300000.0
	13.199174401068909 35.941 1300000.0
	10.715841916317299 38.941 1300000.0
	9.265022228515088 41.941 1300000.0
	8.251611303457748 44.941 1300000.0
	7.482679326858253 47.941 1300000.0
	6.870042664752184 50.941 1300000.0
	6.365715207604742 53.941 1300000.0
	5.940624703159846 56.941 1300000.0
	5.575819732647272 59.941 1300000.0
	5.258269254125597 62.941 1300000.0
	4.978640227773436 65.941 1300000.0
	4.730028961993556 68.941 1300000.0
	4.50719298311883 71.941 1300000.0
	4.306063559645451 74.941 1300000.0
	4.123424189448646 77.941 1300000.0
	3.956691613104941 80.941 1300000.0
	3.803762526953905 83.941 1300000.0
	3.662903730393533 86.941 1300000.0
	3.532671770323935 89.941 1300000.0
	3.4118530933115307 92.941 1300000.0
	3.29941875337976 95.941 1300000.0
	3.1944896422777047 98.941 1300000.0
	3.0963094526020143 101.941 1300000.0
	48.65944552026181 32.941 1600000.0
	20.178164279454787 35.941 1600000.0
	14.524577446815632 38.941 1600000.0
	12.116826531502397 41.941 1600000.0
	10.600867875896475 44.941 1600000.0
	9.509975917517375 47.941 1600000.0
	8.668486918381381 50.941 1600000.0
	7.9907419226948715 53.941 1600000.0
	7.428411883696111 56.941 1600000.0
	6.951532015127472 59.941 1600000.0
	6.540251329854805 62.941 1600000.0
	6.180755593391023 65.941 1600000.0
	5.863058092635272 68.941 1600000.0
	5.579715873001096 71.941 1600000.0
	5.325041677908025 74.941 1600000.0
	5.094598276409973 77.941 1600000.0
	4.884861911194293 80.941 1600000.0
	4.692991318069319 83.941 1600000.0
	4.516664990795002 86.941 1600000.0
	4.353963900745718 89.941 1600000.0
	4.203285285642455 92.941 1600000.0
	4.063278161036562 95.941 1600000.0
	3.9327943267814023 98.941 1600000.0
	3.8108506248433476 101.941 1600000.0
