
	27460.211783093062 32.941 100000.0
	28389.553379472145 35.941 100000.0
	29239.867216196253 38.941 100000.0
	30024.15947432778 41.941 100000.0
	30752.608151221164 44.941 100000.0
	31433.4134125834 47.941 100000.0
	32073.33874252762 50.941 100000.0
	32678.0676843681 53.941 100000.0
	33252.444287218175 56.941 100000.0
	33800.63812878815 59.941 100000.0
	34326.25979282636 62.941 100000.0
	34832.44367027274 65.941 100000.0
	35321.909252288504 68.941 100000.0
	35797.008363891524 71.941 100000.0
	36259.76330824699 74.941 100000.0
	36711.899210767115 77.941 100000.0
	37154.87269601442 80.941 100000.0
	37589.89822864969 83.941 100000.0
	38017.97289467532 86.941 100000.0
	38439.9000211143 89.941 100000.0
	38856.31178357828 92.941 100000.0
	39267.690797814874 95.941 100000.0
	39674.390607514026 98.941 100000.0
	40076.65494625852 101.941 100000.0
	21156.630124523843 32.941 400000.0
	22207.649430869154 35.941 400000.0
	23143.49570463677 38.941 400000.0
	23991.049691994675 41.941 400000.0
	24767.928389371573 44.941 400000.0
	25486.761978221497 47.941 400000.0
	26157.147149622815 50.941 400000.0
	26786.673338018496 53.941 400000.0
	27381.51566491457 56.941 400000.0
	27946.80077391445 59.941 400000.0
	28486.84374669904 62.941 400000.0
	29005.307801908613 65.941 400000.0
	29505.31608314198 68.941 400000.0
	29989.533040299764 71.941 400000.0
	30460.226237866358 74.941 400000.0
	30919.315441856255 77.941 400000.0
	31368.413357528807 80.941 400000.0
	31808.860796894118 83.941 400000.0
	32241.758011253252 86.941 400000.0
	32667.99323554212 89.941 400000.0
	33088.26904075414 92.941 400000.0
	33503.126803388186 95.941 400000.0
	33912.96942648437 98.941 400000.0
	34318.08235017251 101.941 400000.0
	18097.259810108022 32.941 700000.0
	19355.704121247163 35.941 700000.0
	20413.681191384672 38.941 700000.0
	21342.61097565113 41.941 700000.0
	22177.760397647413 44.941 700000.0
	22940.323322923705 47.941 700000.0
	23644.628848962395 50.941 700000.0
	24301.127268296696 53.941 700000.0
	24917.838718145118 56.941 700000.0
	25501.138578532158 59.941 700000.0
	26056.219156134102 62.941 700000.0
	26587.378414091316 65.941 700000.0
	27098.210006940317 68.941 700000.0
	27591.734255107694 71.941 700000.0
	28070.492542073112 74.941 700000.0
	28536.618469255773 77.941 700000.0
	28991.89392100846 80.941 700000.0
	29437.79511134367 83.941 700000.0
	29875.531785349078 86.941 700000.0
	30306.081549973456 89.941 700000.0
	30730.220544463395 92.941 700000.0
	31148.55117465581 95.941 700000.0
	31561.527331998943 98.941 700000.0
	31969.477336048833 101.941 700000.0
	15503.18495196545 32.941 1000000.0
	17213.792975315984 35.941 1000000.0
	18462.994070558645 38.941 1000000.0
	19501.08920617763 41.941 1000000.0
	20407.76027464381 44.941 1000000.0
	21221.05902816871 47.941 1000000.0
	21963.255468902695 50.941 1000000.0
	22649.088741760395 53.941 1000000.0
	23289.125225493855 56.941 1000000.0
	23891.35952499412 59.941 1000000.0
	24462.068319258055 62.941 1000000.0
	25006.30546625983 65.941 1000000.0
	25528.2086178367 68.941 1000000.0
	26031.199896153154 71.941 1000000.0
	26518.123935459007 74.941 1000000.0
	26991.34742767787 77.941 1000000.0
	27452.834253974564 80.941 1000000.0
	27904.204686805817 83.941 1000000.0
	28346.783880748106 86.941 1000000.0
	28781.64289587152 89.941 1000000.0
	29209.634275411405 92.941 1000000.0
	29631.423434591255 95.941 1000000.0
	30047.51663924584 98.941 1000000.0
	30458.286058256257 101.941 1000000.0
	8248.418597897251 32.941 1300000.0
	15227.618615468386 35.941 1300000.0
	16820.000135352828 38.941 1300000.0
	18011.764260306285 41.941 1300000.0
	19007.959453521085 44.941 1300000.0
	19880.562684188397 47.941 1300000.0
	20665.15315652602 50.941 1300000.0
	21382.847967100657 53.941 1300000.0
	22047.691810994722 56.941 1300000.0
	22669.756445232706 59.941 1300000.0
	23256.64465387484 62.941 1300000.0
	23814.30107925928 65.941 1300000.0
	24347.48602239278 68.941 1300000.0
	24860.07091969356 71.941 1300000.0
	25355.233195894183 74.941 1300000.0
	25835.591435716717 77.941 1300000.0
	26303.303716104678 80.941 1300000.0
	26760.142405248225 83.941 1300000.0
	27207.553426458522 86.941 1300000.0
	27646.704898051827 89.941 1300000.0
	28078.528206035535 92.941 1300000.0
	28503.75342842465 95.941 1300000.0
	28922.940324439973 98.941 1300000.0
	29336.505664591805 101.941 1300000.0
	6696.591028051659 32.941 1600000.0
	12930.524801494994 35.941 1600000.0
	15284.384151968447 38.941 1600000.0
	16703.199157302224 41.941 1600000.0
	17813.18701561957 44.941 1600000.0
	18755.384281342172 47.941 1600000.0
	19587.365213347282 50.941 1600000.0
	20339.559941357675 53.941 1600000.0
	21030.68158665621 56.941 1600000.0
	21673.423950230135 59.941 1600000.0
	22276.988143625418 62.941 1600000.0
	22848.35481907374 65.941 1600000.0
	23392.98844515324 68.941 1600000.0
	23915.257406045916 71.941 1600000.0
	24418.70065603587 74.941 1600000.0
	24906.206460149537 77.941 1600000.0
	25380.138323889263 80.941 1600000.0
	25842.42791437568 83.941 1600000.0
	26294.646593550573 86.941 1600000.0
	26738.06258525593 89.941 1600000.0
	27173.688110121 92.941 1600000.0
	27602.319205712327 95.941 1600000.0
	28024.569959191354 98.941 1600000.0
	28440.902267790763 101.941 1600000.0
