
	11242.643147 24 1371367.0
	11960.9953071 25 1371367.0
	12791.0640326 26 1371367.0
	13777.8039426 27 1371367.0
	14997.1079173 28 1371367.0
	16587.409767 29 1371367.0
	18832.0094669 30 1371367.0
	22425.3680399 31 1371367.0
	29718.4251993 32 1371367.0
	58898.344506 33 1371367.0
	81221.796721 34 1371367.0
	36658.8608446 35 1371367.0
	26926.4644192 36 1371367.0
	22515.0616191 37 1371367.0
	19979.2822725 38 1371367.0
	18329.1094 39 1371367.0
	17167.770047 40 1371367.0
	16304.3044106 41 1371367.0
	15635.3816924 42 1371367.0
	15100.3153502 43 1371367.0
	14661.2254212 44 1371367.0
	14293.3171578 45 1371367.0
	13979.7237717 46 1371367.0
	13708.5961 47 1371367.0
	13471.376972 48 1371367.0
	13261.7356992 49 1371367.0
	13074.8874724 50 1371367.0
	12907.1458718 51 1371367.0
	12755.6211778 52 1371367.0
	12618.0124378 53 1371367.0
	12492.4612973 54 1371367.0
	12377.4473995 55 1371367.0
	12271.7122997 56 1371367.0
	12174.2032813 57 1371367.0
	12084.031282 58 1371367.0
	12000.4389695 59 1371367.0
	11922.7762176 60 1371367.0
	11850.4810459 61 1371367.0
	11783.0646407 62 1371367.0
	11720.0994595 63 1371367.0
	11661.2096894 64 1371367.0
	11606.0635205 65 1371367.0
	11554.3668336 66 1371367.0
	11505.8579977 67 1371367.0
	11460.3035484 68 1371367.0
	11417.4945699 69 1371367.0
	11377.2436444 70 1371367.0
	11339.3822621 71 1371367.0
	11303.7586079 72 1371367.0
	11270.2356586 73 1371367.0
	11238.6895385 74 1371367.0
	11209.0080891 75 1371367.0
	11181.0896205 76 1371367.0
	11154.8418157 77 1371367.0
	11130.1807641 78 1371367.0
	11107.0301075 79 1371367.0
	11085.3202809 80 1371367.0
