
	5369.63180702 24 1371367.0
	6028.2435008 25 1371367.0
	6800.20376935 26 1371367.0
	7730.03159405 27 1371367.0
	8892.43966075 28 1371367.0
	10423.3786733 29 1371367.0
	12601.0164206 30 1371367.0
	16108.1460185 31 1371367.0
	23262.4891171 32 1371367.0
	52085.5495218 33 1371367.0
	73182.3609918 34 1371367.0
	29281.6446462 35 1371367.0
	19889.5794003 36 1371367.0
	15673.9718817 37 1371367.0
	13257.279631 38 1371367.0
	11682.200802 39 1371367.0
	10569.7149024 40 1371367.0
	9739.13368254 41 1371367.0
	9093.29560084 42 1371367.0
	8575.30071109 43 1371367.0
	8149.61916484 44 1371367.0
	7792.91876619 45 1371367.0
	7489.23818484 46 1371367.0
	7227.28087998 47 1371367.0
	6998.81809862 48 1371367.0
	6797.70542593 49 1371367.0
	6619.25496718 50 1371367.0
	6459.82195103 51 1371367.0
	6316.52506323 52 1371367.0
	6187.05267713 53 1371367.0
	6069.52570656 54 1371367.0
	5962.39865506 55 1371367.0
	5864.38697165 56 1371367.0
	5774.41286791 57 1371367.0
	5691.56431451 58 1371367.0
	5615.06359556 59 1371367.0
	5544.24289526 60 1371367.0
	5478.52512848 61 1371367.0
	5417.40873053 62 1371367.0
	5360.45547104 63 1371367.0
	5307.28060243 64 1371367.0
	5257.54482935 65 1371367.0
	5210.94771139 66 1371367.0
	5167.22220429 67 1371367.0
	5126.13011283 68 1371367.0
	5087.45827937 69 1371367.0
	5051.01537046 70 1371367.0
	5016.6291529 71 1371367.0
	4984.14417298 72 1371367.0
	4953.41976982 73 1371367.0
	4924.32836707 74 1371367.0
	4896.75399789 75 1371367.0
	4870.59102641 76 1371367.0
	4845.7430352 77 1371367.0
	4822.12185404 78 1371367.0
	4799.64670922 79 1371367.0
	4778.2434759 80 1371367.0
