
	731856.812995 24 1371367.0
	743044.827103 25 1371367.0
	754952.168926 26 1371367.0
	767697.332575 27 1371367.0
	781450.755746 28 1371367.0
	796473.856036 29 1371367.0
	813203.458404 30 1371367.0
	832468.68412 31 1371367.0
	856230.352498 32 1371367.0
	892295.478436 33 1371367.0
	1027008.16086 34 1371367.0
	1061579.7497 35 1371367.0
	1081531.73331 36 1371367.0
	1096917.39469 37 1371367.0
	1110012.39771 38 1371367.0
	1121729.03088 39 1371367.0
	1132526.74825 40 1371367.0
	1142668.797 41 1371367.0
	1152319.33136 42 1371367.0
	1161587.15027 43 1371367.0
	1170547.82614 44 1371367.0
	1179255.87551 45 1371367.0
	1187751.88712 46 1371367.0
	1196066.90707 47 1371367.0
	1204225.2459 48 1371367.0
	1212246.3356 49 1371367.0
	1220145.99319 50 1371367.0
	1227937.30157 51 1371367.0
	1235631.23712 52 1371367.0
	1243237.1256 53 1371367.0
	1250762.97924 54 1371367.0
	1258215.75018 55 1371367.0
	1265601.52396 56 1371367.0
	1272925.66926 57 1371367.0
	1280192.95554 58 1371367.0
	1287407.64647 59 1371367.0
	1294573.57511 60 1371367.0
	1301694.20512 61 1371367.0
	1308772.68097 62 1371367.0
	1315811.86978 63 1371367.0
	1322814.39625 64 1371367.0
	1329782.6722 65 1371367.0
	1336718.92183 66 1371367.0
	1343625.20321 67 1371367.0
	1350503.42699 68 1371367.0
	1357355.37256 69 1371367.0
	1364182.70222 70 1371367.0
	1370986.97352 71 1371367.0
	1377769.65026 72 1371367.0
	1384532.11207 73 1371367.0
	1391275.66307 74 1371367.0
	1398001.53941 75 1371367.0
	1404710.91614 76 1371367.0
	1411404.91322 77 1371367.0
	1418084.60103 78 1371367.0
	1424751.00517 79 1371367.0
	1431405.11089 80 1371367.0
