
	0.106224945247 24 1371367.0
	0.105710567608 25 1371367.0
	0.10519721189 26 1371367.0
	0.104369041077 27 1371367.0
	0.10325418194 28 1371367.0
	0.101800400252 29 1371367.0
	0.0999088611329 30 1371367.0
	0.0974058472701 31 1371367.0
	0.0939959581743 32 1371367.0
	0.0901879892492 33 1371367.0
	0.062654289218 34 1371367.0
	0.0503230453067 35 1371367.0
	0.0465234244741 36 1371367.0
	0.044750729224 37 1371367.0
	0.0438347038051 38 1371367.0
	0.0433688364626 39 1371367.0
	0.043170599107 40 1371367.0
	0.043144999557 41 1371367.0
	0.0432374298903 42 1371367.0
	0.043414103343 43 1371367.0
	0.0436528708903 44 1371367.0
	0.0439384949684 45 1371367.0
	0.0442600204288 46 1371367.0
	0.0446091727784 47 1371367.0
	0.0449791554158 48 1371367.0
	0.0453628265699 49 1371367.0
	0.0457417212442 50 1371367.0
	0.0461794973999 51 1371367.0
	0.0466242698696 52 1371367.0
	0.0470746709596 53 1371367.0
	0.0475295502432 54 1371367.0
	0.0479879360735 55 1371367.0
	0.0484490055619 56 1371367.0
	0.0489120608047 57 1371367.0
	0.049376509801 58 1371367.0
	0.0498418509442 59 1371367.0
	0.0503076602778 60 1371367.0
	0.0507735809152 61 1371367.0
	0.0512393141766 62 1371367.0
	0.0517046121039 63 1371367.0
	0.0521692710923 64 1371367.0
	0.0526331264383 65 1371367.0
	0.0530960476431 66 1371367.0
	0.0535579343483 67 1371367.0
	0.0540187128013 68 1371367.0
	0.0544783327695 69 1371367.0
	0.0549367648371 70 1371367.0
	0.0553939980293 71 1371367.0
	0.0558500377195 72 1371367.0
	0.0563049037796 73 1371367.0
	0.0567586289433 74 1371367.0
	0.0572112573552 75 1371367.0
	0.057662843281 76 1371367.0
	0.0581134499606 77 1371367.0
	0.0585631485861 78 1371367.0
	0.0590120173903 79 1371367.0
	0.0594601408321 80 1371367.0
