
	498.00984403 40 1000000.0
	539.818431128 45 1000000.0
	576.577012997 50 1000000.0
	609.973946553 55 1000000.0
	640.847261077 60 1000000.0
	669.712398058 65 1000000.0
	696.912574578 70 1000000.0
	722.682744874 75 1000000.0
	747.185084369 80 1000000.0
	584.512700694 40 3000000.0
	560.303139094 45 3000000.0
	589.751675322 50 3000000.0
	623.163522949 55 3000000.0
	655.453760525 60 3000000.0
	685.931181297 65 3000000.0
	714.605942036 70 3000000.0
	741.625384055 75 3000000.0
	767.144940359 80 3000000.0
	841.379191085 40 5000000.0
	733.232450753 45 5000000.0
	690.936121214 50 5000000.0
	690.646600022 55 5000000.0
	706.892034695 60 5000000.0
	728.887568573 65 5000000.0
	752.619853186 70 5000000.0
	776.520201067 75 5000000.0
	799.933675178 80 5000000.0
	998.882849824 40 7000000.0
	900.64202855 45 7000000.0
	832.055957845 50 7000000.0
	798.484051593 55 7000000.0
	790.198767741 60 7000000.0
	796.177267405 65 7000000.0
	809.459933444 70 7000000.0
	826.29935224 75 7000000.0
	844.733554507 80 7000000.0
	1113.53765543 40 9000000.0
	1028.4739014 45 9000000.0
	958.842296417 50 9000000.0
	911.517010321 55 9000000.0
	885.976926187 60 9000000.0
	876.851772256 65 9000000.0
	878.433973371 70 9000000.0
	886.519247607 75 9000000.0
	898.392186343 80 9000000.0
	1205.51233786 40 11000000.0
	1130.637377 45 11000000.0
	1065.23903463 50 11000000.0
	1014.45161383 55 11000000.0
	980.107867322 60 11000000.0
	960.535114723 65 11000000.0
	952.347346699 70 11000000.0
	952.159847954 75 11000000.0
	957.299515781 80 11000000.0
	1283.33117056 40 13000000.0
	1216.18970644 45 13000000.0
	1155.57411431 50 13000000.0
	1105.2136144 55 13000000.0
	1067.17576644 60 13000000.0
	1041.389858 65 13000000.0
	1026.17970478 70 13000000.0
	1019.24421189 75 13000000.0
	1018.38147031 80 13000000.0
	1351.39583323 40 15000000.0
	1290.26528154 45 15000000.0
	1233.98682669 50 15000000.0
	1185.36835756 55 15000000.0
	1146.23504098 60 15000000.0
	1117.09146654 65 15000000.0
	1097.2352839 70 15000000.0
	1085.23665352 75 15000000.0
	1079.45124802 80 15000000.0
	1412.28480371 40 17000000.0
	1355.95204312 45 17000000.0
	1303.42102442 50 17000000.0
	1256.89986866 55 17000000.0
	1217.92092941 60 17000000.0
	1187.1481881 65 17000000.0
	1164.37826528 70 17000000.0
	1148.7660326 75 17000000.0
	1139.14467149 80 17000000.0
	1467.64367732 40 19000000.0
	1415.23190785 45 19000000.0
	1365.91048904 50 19000000.0
	1321.48606126 55 19000000.0
	1283.24149576 60 19000000.0
	1251.84483661 65 19000000.0
	1227.33376923 70 19000000.0
	1209.22553898 75 19000000.0
	1196.70998721 80 19000000.0
	1518.58996742 40 21000000.0
	1469.44789078 45 21000000.0
	1422.88508063 50 21000000.0
	1380.43039876 55 21000000.0
	1343.17064353 60 21000000.0
	1311.72565412 65 21000000.0
	1286.24237417 70 21000000.0
	1266.45464953 75 21000000.0
	1251.80171058 80 21000000.0
	1565.91925577 40 23000000.0
	1519.55096714 45 23000000.0
	1475.3772523 50 23000000.0
	1434.72872539 55 23000000.0
	1398.5411092 60 23000000.0
	1367.37338379 65 23000000.0
	1341.4160052 70 23000000.0
	1320.53000398 75 23000000.0
	1304.32359069 80 23000000.0
	1610.21939667 40 25000000.0
	1566.23907441 45 25000000.0
	1524.15270247 50 25000000.0
	1485.14547127 55 25000000.0
	1450.03664286 60 25000000.0
	1419.3262652 65 25000000.0
	1393.21610703 70 25000000.0
	1371.64094279 75 25000000.0
	1354.32195795 80 25000000.0
	1651.93803457 40 27000000.0
	1610.03983093 45 27000000.0
	1569.79334283 50 27000000.0
	1532.27451164 55 27000000.0
	1498.21209736 60 27000000.0
	1468.05386861 65 27000000.0
	1441.99763967 70 27000000.0
	1420.0202567 75 27000000.0
	1401.91815035 80 27000000.0
	1691.42464327 40 29000000.0
	1651.36212032 45 29000000.0
	1612.75111916 50 29000000.0
	1576.58379632 55 29000000.0
	1543.51782125 60 29000000.0
	1513.95623574 65 29000000.0
	1488.0861795 70 29000000.0
	1465.907831 75 29000000.0
	1447.26779418 80 29000000.0
	1728.95783287 40 31000000.0
	1690.52955992 45 31000000.0
	1653.38382231 50 31000000.0
	1618.4473602 55 31000000.0
	1586.32135756 60 31000000.0
	1557.37117931 65 31000000.0
	1531.77086615 70 31000000.0
	1509.53285075 75 31000000.0
	1490.53730973 80 31000000.0
	1764.7637244 40 33000000.0
	1727.80296072 45 33000000.0
	1691.97952353 50 33000000.0
	1658.16827691 55 33000000.0
	1626.92501681 60 33000000.0
	1598.58355177 65 33000000.0
	1573.30452005 70 33000000.0
	1551.10608561 75 33000000.0
	1531.89098934 80 33000000.0
	1799.02868945 40 35000000.0
	1763.39584365 45 35000000.0
	1728.77364523 50 35000000.0
	1695.99525754 55 35000000.0
	1665.57961597 60 35000000.0
	1637.83411955 65 35000000.0
	1612.90670125 70 35000000.0
	1590.81745752 75 35000000.0
	1571.4843646 80 35000000.0
	1831.90841309 40 37000000.0
	1797.4854325 45 37000000.0
	1763.96114661 50 37000000.0
	1732.13479743 55 37000000.0
	1702.49508839 60 37000000.0
	1675.32727606 65 37000000.0
	1650.76770807 70 37000000.0
	1628.83625195 75 37000000.0
	1609.46121692 80 37000000.0
	1863.53448715 40 39000000.0
	1830.22061607 45 39000000.0
	1797.70539407 50 39000000.0
	1766.76018195 55 39000000.0
	1737.84866259 60 39000000.0
	1711.23746844 65 39000000.0
	1687.05260978 70 39000000.0
	1665.31255075 75 39000000.0
	1645.95263933 80 39000000.0
	1894.01930225 40 41000000.0
	1861.72782893 45 41000000.0
	1830.14473376 50 41000000.0
	1800.01825206 55 41000000.0
	1771.79118814 60 41000000.0
	1745.71444956 65 41000000.0
	1721.9049391 70 41000000.0
	1700.37913696 75 41000000.0
	1681.07720831 80 41000000.0
