
	14241.9826919 40 1000000.0
	12903.1312855 45 1000000.0
	12198.5987026 50 1000000.0
	11755.0387833 55 1000000.0
	11451.9123519 60 1000000.0
	11235.5191534 65 1000000.0
	11077.4319554 70 1000000.0
	10961.236486 75 1000000.0
	10877.0497859 80 1000000.0
	32723.3924293 40 3000000.0
	23956.3421861 45 3000000.0
	18002.3064621 50 3000000.0
	15478.4074931 55 3000000.0
	14128.2205093 60 3000000.0
	13285.6386077 65 3000000.0
	12711.3657286 70 3000000.0
	12299.5206465 75 3000000.0
	11995.6978433 80 3000000.0
	18921.7385552 40 5000000.0
	21682.5672026 45 5000000.0
	20697.5900191 50 5000000.0
	18272.1200802 55 5000000.0
	16344.4999089 60 5000000.0
	15027.9668987 65 5000000.0
	14116.2727532 70 5000000.0
	13460.7824032 75 5000000.0
	12974.74007 80 5000000.0
	15473.3542457 40 7000000.0
	17425.5196807 45 7000000.0
	18362.2137073 50 7000000.0
	17987.413249 55 7000000.0
	16954.1926919 60 7000000.0
	15872.7136845 65 7000000.0
	14961.7865046 70 7000000.0
	14240.8268964 75 7000000.0
	13677.4138851 80 7000000.0
	13917.386245 40 9000000.0
	15343.3023504 45 9000000.0
	16348.5328969 50 9000000.0
	16693.2295394 55 9000000.0
	16440.5916597 60 9000000.0
	15867.8411053 65 9000000.0
	15214.8366797 70 9000000.0
	14603.9688703 75 9000000.0
	14076.5470236 80 9000000.0
	12999.2134547 40 11000000.0
	14149.8232749 45 11000000.0
	15040.655221 50 11000000.0
	15554.7810859 55 11000000.0
	15663.6799553 60 11000000.0
	15459.852921 65 11000000.0
	15083.5916055 70 11000000.0
	14648.871414 75 11000000.0
	14223.0399481 80 11000000.0
	12377.4922155 40 13000000.0
	13369.4513365 45 13000000.0
	14159.7485964 50 13000000.0
	14695.3204982 55 13000000.0
	14950.6137718 60 13000000.0
	14955.5772162 65 13000000.0
	14782.2420403 70 13000000.0
	14509.4294473 75 13000000.0
	14198.8700919 80 13000000.0
	11919.9052734 40 15000000.0
	12812.495053 45 15000000.0
	13529.4566923 50 15000000.0
	14050.0021188 55 15000000.0
	14361.8952093 60 15000000.0
	14477.6037706 65 15000000.0
	14435.4786837 70 15000000.0
	14286.168156 75 15000000.0
	14077.3639025 80 15000000.0
	11563.7455408 40 17000000.0
	12390.2452644 45 17000000.0
	13054.6826975 50 17000000.0
	13553.6626552 55 17000000.0
	13885.6294146 60 17000000.0
	14059.6784771 65 17000000.0
	14099.1573572 70 17000000.0
	14037.2953409 75 17000000.0
	13909.1602814 80 17000000.0
	11275.1725258 40 19000000.0
	12055.8100852 45 19000000.0
	12682.2333465 50 19000000.0
	13161.098014 55 19000000.0
	13498.2169931 60 19000000.0
	13703.3351347 65 19000000.0
	13793.4201923 70 19000000.0
	13791.8532563 75 19000000.0
	13724.6288476 80 19000000.0
	11034.1810966 40 21000000.0
	11782.0362721 45 21000000.0
	12380.5491336 50 21000000.0
	12842.5512298 55 21000000.0
	13178.8438392 60 21000000.0
	13400.7321799 65 21000000.0
	13522.6156545 70 21000000.0
	13562.4835962 75 21000000.0
	13540.3525342 80 21000000.0
	10828.1181065 40 23000000.0
	11552.0713248 45 23000000.0
	12129.8449792 50 23000000.0
	12578.2673314 55 23000000.0
	12911.5667092 60 23000000.0
	13142.6082566 65 23000000.0
	13284.8898145 70 23000000.0
	13353.4815167 75 23000000.0
	13364.600702 80 23000000.0
	10648.5520108 40 25000000.0
	11354.8734488 45 25000000.0
	11917.1169624 50 25000000.0
	12354.8131965 55 25000000.0
	12684.6041798 60 25000000.0
	12920.6883435 65 25000000.0
	13076.3845507 70 25000000.0
	13165.1946709 75 25000000.0
	13200.953538 80 25000000.0
	10489.6263818 40 27000000.0
	11182.8873464 45 27000000.0
	11733.4709758 50 27000000.0
	12162.8052374 55 27000000.0
	12489.2797409 60 27000000.0
	12728.1804429 65 27000000.0
	12892.9516573 70 27000000.0
	12996.2672256 75 27000000.0
	13050.4731936 80 27000000.0
	10347.1336299 40 29000000.0
	11030.7568334 45 29000000.0
	11572.6162307 50 29000000.0
	11995.5166264 55 29000000.0
	12319.1485569 60 29000000.0
	12559.6757428 65 29000000.0
	12730.7860093 70 29000000.0
	12844.7348409 75 29000000.0
	12912.9389359 80 29000000.0
	10217.9647751 40 31000000.0
	10894.5711754 45 31000000.0
	11429.9747353 50 31000000.0
	11848.0094808 55 31000000.0
	12169.3609295 60 31000000.0
	12410.9046077 65 31000000.0
	12586.6072205 70 31000000.0
	12708.5352446 75 31000000.0
	12787.5274168 80 31000000.0
	10099.7675906 40 33000000.0
	10771.4031024 45 33000000.0
	11302.1327638 50 33000000.0
	11716.5812192 55 33000000.0
	12036.2150412 60 33000000.0
	12278.4938838 65 33000000.0
	12457.6630534 70 33000000.0
	12585.7296924 75 33000000.0
	12673.1772825 80 33000000.0
	9990.72604294 40 35000000.0
	10659.0144094 45 35000000.0
	11186.4906431 50 35000000.0
	11598.4023996 55 35000000.0
	11916.84484 60 35000000.0
	12159.7643893 65 35000000.0
	12341.6705278 70 35000000.0
	12474.5848288 75 35000000.0
	12568.7783285 80 35000000.0
	9889.41333933 40 37000000.0
	10555.6620252 45 37000000.0
	11081.032041 50 37000000.0
	11491.2739954 55 37000000.0
	11809.0010746 60 37000000.0
	12052.5722499 65 37000000.0
	12236.7423645 70 37000000.0
	12373.5893901 75 37000000.0
	12473.2646697 80 37000000.0
	9794.69126366 40 39000000.0
	10459.9665474 45 39000000.0
	10984.1677427 50 39000000.0
	11393.460986 55 39000000.0
	11710.896052 60 39000000.0
	11955.187641 65 39000000.0
	12141.3170621 70 39000000.0
	12281.4423566 75 39000000.0
	12385.6561987 80 39000000.0
	9705.63953246 40 41000000.0
	10370.8208671 45 41000000.0
	10894.6272703 50 41000000.0
	11303.5758578 55 41000000.0
	11621.0921712 60 41000000.0
	11866.2028831 65 41000000.0
	12054.0985264 70 41000000.0
	12197.0302663 75 41000000.0
	12305.0727652 80 41000000.0
