
	7783.2019447 40 1000000.0
	6478.45129302 45 1000000.0
	5804.41258318 50 1000000.0
	5392.96466175 55 1000000.0
	5118.80332725 60 1000000.0
	4925.64980667 65 1000000.0
	4784.02292415 70 1000000.0
	4676.93064417 75 1000000.0
	4593.91668254 80 1000000.0
	25814.8040661 40 3000000.0
	17142.9397873 45 3000000.0
	11341.7972329 50 3000000.0
	8895.61856588 55 3000000.0
	7601.44452585 60 3000000.0
	6805.05092674 65 3000000.0
	6268.03170459 70 3000000.0
	5883.77540605 75 3000000.0
	5597.15787344 80 3000000.0
	12295.695564 40 5000000.0
	14945.4913227 45 5000000.0
	13953.3484848 50 5000000.0
	11584.8385132 55 5000000.0
	9715.82008976 60 5000000.0
	8448.92560979 65 5000000.0
	7578.32800846 70 5000000.0
	6955.13680097 75 5000000.0
	6491.66811718 80 5000000.0
	8849.7043289 40 7000000.0
	10730.8112623 45 7000000.0
	11636.8541912 50 7000000.0
	11272.1330176 55 7000000.0
	10273.8669543 60 7000000.0
	9233.46149729 65 7000000.0
	8360.59230338 70 7000000.0
	7671.14339956 75 7000000.0
	7130.8282836 80 7000000.0
	7268.44982596 40 9000000.0
	8630.53500142 45 9000000.0
	9611.29590013 50 9000000.0
	9958.43873947 55 9000000.0
	9727.09769937 60 9000000.0
	9185.35287907 65 9000000.0
	8564.93938422 70 9000000.0
	7982.97681617 75 9000000.0
	7477.64533499 80 9000000.0
	6323.10978824 40 11000000.0
	7405.5663249 45 11000000.0
	8272.13564519 50 11000000.0
	8788.3961096 55 11000000.0
	8915.15140173 60 11000000.0
	8737.59686518 65 11000000.0
	8390.09138109 70 11000000.0
	7981.92403029 75 11000000.0
	7577.03937678 80 11000000.0
	5676.74607914 40 13000000.0
	6592.20642038 45 13000000.0
	7354.09621431 50 13000000.0
	7890.17792773 55 13000000.0
	8162.14409081 60 13000000.0
	8191.79790598 65 13000000.0
	8045.57542076 70 13000000.0
	7798.09661452 75 13000000.0
	7507.85467425 80 13000000.0
	5197.72133282 40 15000000.0
	6003.99778528 45 15000000.0
	6686.2654864 50 15000000.0
	7203.94497427 55 15000000.0
	7530.89336681 60 15000000.0
	7670.42693844 65 15000000.0
	7654.84136532 70 15000000.0
	7530.52847721 75 15000000.0
	7341.990367 80 15000000.0
	4823.17356173 40 17000000.0
	5553.06411175 45 17000000.0
	6175.53830332 50 17000000.0
	6667.13016401 55 17000000.0
	7011.70960997 60 17000000.0
	7208.45961935 65 17000000.0
	7274.08713086 70 17000000.0
	7237.24191724 75 17000000.0
	7129.66306808 80 17000000.0
	4518.93201724 40 19000000.0
	5192.5999655 45 19000000.0
	5769.38089697 50 19000000.0
	6235.68553084 55 19000000.0
	6582.30974537 60 19000000.0
	6808.53165828 65 19000000.0
	6924.16136103 70 19000000.0
	6947.61642953 75 19000000.0
	6901.32305025 80 19000000.0
	4264.65840957 40 21000000.0
	4895.30098522 45 21000000.0
	5436.36941454 50 21000000.0
	5880.30222851 55 21000000.0
	6222.54420528 60 21000000.0
	6463.50953964 65 21000000.0
	6610.01356559 70 21000000.0
	6674.72017342 75 21000000.0
	6673.81051975 80 21000000.0
	4047.40690743 40 23000000.0
	4644.09912841 45 23000000.0
	5156.64816605 50 23000000.0
	5581.33985631 55 23000000.0
	5916.75416676 60 23000000.0
	6164.51755147 65 23000000.0
	6330.18980779 70 23000000.0
	6423.19628347 75 23000000.0
	6455.66068348 80 23000000.0
	3858.49973261 40 25000000.0
	4427.73401463 45 25000000.0
	4917.06691917 50 25000000.0
	5325.32671675 55 25000000.0
	5653.23707462 60 25000000.0
	5903.45508263 65 25000000.0
	6081.0588843 70 25000000.0
	6193.62682227 75 25000000.0
	6250.6633318 80 25000000.0
	3691.8760494 40 27000000.0
	4238.44960097 45 27000000.0
	4708.56474576 50 27000000.0
	5102.77422772 55 27000000.0
	5423.28897677 60 27000000.0
	5673.57788299 65 27000000.0
	5858.57701316 70 27000000.0
	5984.79082234 75 27000000.0
	6060.02137013 80 27000000.0
	3543.15881101 40 29000000.0
	4070.71233792 45 29000000.0
	4524.68676395 50 29000000.0
	4906.82606895 55 29000000.0
	5220.38564491 60 29000000.0
	5469.4529849 65 29000000.0
	5658.96421147 70 29000000.0
	5794.78470533 75 29000000.0
	5883.59429282 80 29000000.0
	3409.09798936 40 31000000.0
	3920.45723937 45 31000000.0
	4360.70280407 50 31000000.0
	4732.41052991 55 31000000.0
	5039.57539154 60 31000000.0
	5286.74806951 65 31000000.0
	5478.91683758 70 31000000.0
	5621.55622777 75 31000000.0
	5720.59239827 80 31000000.0
	3287.22318516 40 33000000.0
	3784.62360762 45 33000000.0
	4213.061786 50 33000000.0
	4575.69627422 55 33000000.0
	4877.04747035 60 33000000.0
	5122.00853933 65 33000000.0
	5315.63150735 70 33000000.0
	5463.14390293 75 33000000.0
	5569.95474027 80 33000000.0
	3175.61859152 40 35000000.0
	3660.85784414 45 35000000.0
	4079.04163169 50 35000000.0
	4433.73420514 55 35000000.0
	4729.82812212 60 35000000.0
	4972.46648682 65 35000000.0
	5166.75931009 70 35000000.0
	5317.77161857 75 35000000.0
	5430.5490846 80 35000000.0
	3072.77248576 40 37000000.0
	3547.31682248 45 37000000.0
	3956.51751555 50 37000000.0
	4304.21607643 55 37000000.0
	4595.56565825 60 37000000.0
	4835.8885495 65 37000000.0
	5030.34042221 70 37000000.0
	5183.87401887 75 37000000.0
	5301.27316224 80 37000000.0
	2977.47375794 40 39000000.0
	3442.53403109 45 39000000.0
	3843.80419366 50 39000000.0
	4185.30809365 55 39000000.0
	4472.37701437 60 39000000.0
	4710.45822556 65 39000000.0
	4904.73916069 70 39000000.0
	5060.0903948 75 39000000.0
	5181.10191204 80 39000000.0
	2888.73905066 40 41000000.0
	3345.32615406 45 41000000.0
	3739.54611169 50 41000000.0
	4075.53380872 55 41000000.0
	4358.7368565 60 41000000.0
	4594.685803 65 41000000.0
	4788.58655569 70 41000000.0
	4945.24570102 75 41000000.0
	5069.10567646 80 41000000.0
