
	1156892.04179 40 1000000.0
	1197216.20988 45 1000000.0
	1234663.80545 50 1000000.0
	1270458.13294 55 1000000.0
	1305163.92274 60 1000000.0
	1339108.78599 65 1000000.0
	1372507.3667 70 1000000.0
	1405512.63037 75 1000000.0
	1438242.03273 80 1000000.0
	979411.00942 40 3000000.0
	1083163.50716 45 3000000.0
	1149408.48667 50 3000000.0
	1201016.53776 55 3000000.0
	1246148.30728 60 3000000.0
	1287669.18461 65 3000000.0
	1326891.76288 70 3000000.0
	1364540.91962 75 3000000.0
	1401071.14337 80 3000000.0
	906596.492235 40 5000000.0
	987654.682067 45 5000000.0
	1065548.9128 50 5000000.0
	1131514.61644 55 5000000.0
	1187377.64207 60 5000000.0
	1236720.52159 65 5000000.0
	1281871.21188 70 5000000.0
	1324190.84422 75 5000000.0
	1364513.68171 80 5000000.0
	877740.061636 40 7000000.0
	943907.594056 45 7000000.0
	1012299.81502 50 7000000.0
	1077808.40393 55 7000000.0
	1137560.91156 60 7000000.0
	1191583.42487 65 7000000.0
	1241026.82104 70 7000000.0
	1287043.56629 75 7000000.0
	1330518.05093 80 7000000.0
	859950.127734 40 9000000.0
	918725.960112 45 9000000.0
	979983.406256 50 9000000.0
	1041114.10912 55 9000000.0
	1099787.45156 60 9000000.0
	1154861.16571 65 9000000.0
	1206282.31574 70 9000000.0
	1254522.10785 75 9000000.0
	1300168.93509 80 9000000.0
	847276.705842 40 11000000.0
	901539.604714 45 11000000.0
	958109.057271 50 11000000.0
	1015364.78106 55 11000000.0
	1071708.03016 60 11000000.0
	1125999.12168 65 11000000.0
	1177735.05485 70 11000000.0
	1226908.66109 75 11000000.0
	1273774.59488 80 11000000.0
	837600.67041 40 13000000.0
	888733.971788 45 13000000.0
	942016.772552 50 13000000.0
	996267.40595 55 13000000.0
	1050327.61756 60 13000000.0
	1103257.50468 65 13000000.0
	1154474.97485 70 13000000.0
	1203753.46348 75 13000000.0
	1251122.30999 80 13000000.0
	829914.280311 40 15000000.0
	878697.764914 45 15000000.0
	929523.521261 50 15000000.0
	981434.681306 55 15000000.0
	1033525.51135 60 15000000.0
	1085029.79359 65 15000000.0
	1135401.84338 70 15000000.0
	1184340.49891 75 15000000.0
	1231752.95849 80 15000000.0
	823654.878326 40 17000000.0
	870577.583235 45 17000000.0
	919473.589798 50 17000000.0
	969515.325253 55 17000000.0
	1019948.03715 60 17000000.0
	1070129.57485 65 17000000.0
	1119572.50234 70 17000000.0
	1167964.09337 75 17000000.0
	1215154.17415 80 17000000.0
	818474.263753 40 19000000.0
	863866.71142 45 19000000.0
	911189.704882 50 19000000.0
	959696.782338 55 19000000.0
	1008728.50821 60 19000000.0
	1057728.44602 65 19000000.0
	1106262.25639 70 19000000.0
	1154028.81644 75 19000000.0
	1200855.26013 80 19000000.0
	814140.9103 40 21000000.0
	858239.112557 45 21000000.0
	904242.879983 50 21000000.0
	951460.056997 55 21000000.0
	999294.451021 60 21000000.0
	1047249.30615 65 21000000.0
	1094932.91341 70 21000000.0
	1142062.10833 75 21000000.0
	1188458.29618 80 21000000.0
	810492.490343 40 23000000.0
	853472.1909 45 23000000.0
	898344.6781 50 23000000.0
	944455.99472 55 23000000.0
	991253.70119 60 23000000.0
	1038283.40467 65 23000000.0
	1085186.30179 70 23000000.0
	1131697.12421 75 23000000.0
	1177639.18866 80 23000000.0
	807410.459105 40 25000000.0
	849406.909358 45 25000000.0
	893291.888162 50 25000000.0
	938439.344336 55 25000000.0
	984328.158852 60 25000000.0
	1030534.65317 65 25000000.0
	1076725.17127 70 25000000.0
	1122650.17012 75 25000000.0
	1168137.89054 80 25000000.0
	804805.403223 40 27000000.0
	845925.491529 45 27000000.0
	888935.899311 50 27000000.0
	933231.572281 55 27000000.0
	978314.438405 60 27000000.0
	1023783.53118 65 27000000.0
	1069324.43902 70 27000000.0
	1114700.74734 75 27000000.0
	1159746.43565 80 27000000.0
	802608.08902 40 29000000.0
	842938.149978 45 29000000.0
	885164.678135 50 29000000.0
	928698.787664 55 29000000.0
	973059.743634 60 29000000.0
	1017863.66411 65 29000000.0
	1062810.94676 70 29000000.0
	1107675.88524 75 29000000.0
	1152298.02445 80 29000000.0
	800763.730378 40 31000000.0
	840374.777626 45 31000000.0
	881891.614796 50 31000000.0
	924738.036297 55 31000000.0
	968446.578891 60 31000000.0
	1012646.39608 65 31000000.0
	1057049.35712 70 31000000.0
	1101438.39392 75 31000000.0
	1145658.04396 80 31000000.0
	799228.173381 40 33000000.0
	838179.52517 45 33000000.0
	879048.324019 50 33000000.0
	921268.453696 55 33000000.0
	964382.749594 60 33000000.0
	1008030.42433 65 33000000.0
	1051932.28759 70 33000000.0
	1095878.20151 75 33000000.0
	1139717.00259 80 33000000.0
	797965.272939 40 35000000.0
	836307.136483 45 35000000.0
	876579.830785 50 35000000.0
	918225.359038 55 35000000.0
	960794.63027 60 35000000.0
	1003934.68553 65 35000000.0
	1047373.33558 70 35000000.0
	1090905.98439 75 35000000.0
	1134385.07969 80 35000000.0
	796945.038435 40 37000000.0
	834720.397554 45 37000000.0
	874441.251656 50 37000000.0
	915556.195346 55 37000000.0
	957622.512494 60 37000000.0
	1000293.37122 65 37000000.0
	1043302.08071 70 37000000.0
	1086448.46383 75 37000000.0
	1129587.94997 80 37000000.0
	796142.29136 40 39000000.0
	833388.314774 45 39000000.0
	872595.446391 50 39000000.0
	913217.666465 55 39000000.0
	954817.313882 60 39000000.0
	997052.365609 65 39000000.0
	1039660.45197 70 39000000.0
	1082444.90614 75 39000000.0
	1125263.58486 80 39000000.0
	795535.673213 40 41000000.0
	832284.784899 45 41000000.0
	871011.317809 50 41000000.0
	911173.672082 55 41000000.0
	952338.200441 60 41000000.0
	994166.65286 65 41000000.0
	1036400.04846 70 41000000.0
	1078844.49333 75 41000000.0
	1121359.79331 80 41000000.0
