
	1294451.80239 40 1000000.0
	1361885.11129 45 1000000.0
	1424487.15545 50 1000000.0
	1484295.65547 55 1000000.0
	1542268.47175 60 1000000.0
	1598958.06604 65 1000000.0
	1654720.21392 70 1000000.0
	1709801.858 75 1000000.0
	1764385.7223 80 1000000.0
	1059927.8128 40 3000000.0
	1205495.55272 45 3000000.0
	1308050.06455 50 3000000.0
	1390997.75412 55 3000000.0
	1464717.96538 60 3000000.0
	1533106.67213 65 3000000.0
	1598015.12889 70 3000000.0
	1660488.45918 75 3000000.0
	1721189.16043 80 3000000.0
	1003183.9516 40 5000000.0
	1105973.16524 45 5000000.0
	1213270.38096 50 5000000.0
	1310673.52317 55 5000000.0
	1396924.07978 60 5000000.0
	1475145.11931 65 5000000.0
	1547873.84702 70 5000000.0
	1616731.40556 75 5000000.0
	1682762.17326 80 5000000.0
	998813.598627 40 7000000.0
	1081293.38041 45 7000000.0
	1171341.87615 50 7000000.0
	1262662.02124 55 7000000.0
	1350130.37697 60 7000000.0
	1432148.28259 65 7000000.0
	1509151.91446 70 7000000.0
	1582084.9731 75 7000000.0
	1651822.68381 80 7000000.0
	1005660.94251 40 9000000.0
	1078922.00241 45 9000000.0
	1158392.66428 50 9000000.0
	1241285.82429 55 9000000.0
	1324316.51112 60 9000000.0
	1405162.01405 65 9000000.0
	1482868.41078 70 9000000.0
	1557385.06227 75 9000000.0
	1629049.06579 80 9000000.0
	1017125.14317 40 11000000.0
	1085080.09981 45 11000000.0
	1158191.67653 50 11000000.0
	1234853.31065 55 11000000.0
	1313056.4625 60 11000000.0
	1390966.36067 65 11000000.0
	1467369.50773 70 11000000.0
	1541707.62945 75 11000000.0
	1613875.03354 80 11000000.0
	1031023.71491 40 13000000.0
	1095464.44275 45 13000000.0
	1164382.92534 50 13000000.0
	1236635.79118 55 13000000.0
	1310865.56381 60 13000000.0
	1385722.21987 65 13000000.0
	1460123.90931 70 13000000.0
	1533379.93295 75 13000000.0
	1605156.5914 80 13000000.0
	1046382.07947 40 15000000.0
	1108282.46656 45 15000000.0
	1174214.76658 50 15000000.0
	1243249.21354 55 15000000.0
	1314365.53906 60 15000000.0
	1386539.63975 65 15000000.0
	1458877.83464 70 15000000.0
	1530716.00705 75 15000000.0
	1601641.02167 80 15000000.0
	1062686.63755 40 17000000.0
	1122638.87259 45 17000000.0
	1186319.2359 50 17000000.0
	1252909.86283 55 17000000.0
	1321576.87289 60 17000000.0
	1391502.10754 65 17000000.0
	1461948.80029 70 17000000.0
	1532324.69311 75 17000000.0
	1602211.5776 80 17000000.0
	1079636.52566 40 19000000.0
	1138029.96038 45 19000000.0
	1199937.73615 50 19000000.0
	1264606.43881 55 19000000.0
	1331312.2414 60 19000000.0
	1399368.17459 65 19000000.0
	1468153.49322 70 19000000.0
	1537149.47734 75 19000000.0
	1605962.6911 80 19000000.0
	1097042.04911 40 21000000.0
	1154147.74782 45 21000000.0
	1214613.57016 50 21000000.0
	1277725.86303 55 21000000.0
	1342829.53639 60 21000000.0
	1409323.43953 65 21000000.0
	1476669.96905 70 21000000.0
	1544412.78576 75 21000000.0
	1612191.49579 80 21000000.0
	1114776.95943 40 23000000.0
	1170792.04393 45 23000000.0
	1230054.05511 50 23000000.0
	1291875.08178 55 23000000.0
	1355644.93527 60 23000000.0
	1420820.27552 65 23000000.0
	1486922.98723 70 23000000.0
	1553546.28801 75 23000000.0
	1620362.01961 80 23000000.0
	1132753.68556 40 25000000.0
	1187826.50202 45 25000000.0
	1246062.2716 50 25000000.0
	1306790.28282 55 25000000.0
	1369430.70243 60 25000000.0
	1433480.19101 65 25000000.0
	1498503.5891 70 25000000.0
	1564132.53647 75 25000000.0
	1630067.12688 80 25000000.0
	1150909.47353 40 27000000.0
	1205154.78584 45 27000000.0
	1262500.50719 50 27000000.0
	1322287.61221 55 27000000.0
	1383957.30562 60 27000000.0
	1447034.55337 65 27000000.0
	1511115.59907 70 27000000.0
	1575861.65819 75 27000000.0
	1640996.44475 80 27000000.0
	1169198.15863 40 29000000.0
	1222706.78827 45 29000000.0
	1279269.38891 50 29000000.0
	1338234.88938 55 29000000.0
	1399059.31109 60 29000000.0
	1461288.00364 65 29000000.0
	1524540.44985 70 29000000.0
	1588500.6381 75 29000000.0
	1652911.59406 80 29000000.0
	1187585.04293 40 31000000.0
	1240430.24013 45 31000000.0
	1296295.33388 50 31000000.0
	1354534.57924 55 31000000.0
	1414614.50956 60 31000000.0
	1476095.33703 65 31000000.0
	1538613.92352 70 31000000.0
	1601871.85047 75 31000000.0
	1665627.76636 80 31000000.0
	1206043.57848 40 33000000.0
	1258285.37933 45 33000000.0
	1313522.66808 50 33000000.0
	1371113.11271 55 33000000.0
	1430530.687 60 33000000.0
	1491346.51708 65 33000000.0
	1553210.56533 70 33000000.0
	1615838.05909 75 33000000.0
	1679000.22523 80 33000000.0
	1224553.14793 40 35000000.0
	1276241.44169 45 35000000.0
	1330908.49268 50 35000000.0
	1387913.94887 55 35000000.0
	1446736.97386 60 35000000.0
	1506956.71742 65 35000000.0
	1568233.06524 70 35000000.0
	1630291.86487 75 35000000.0
	1692914.44958 80 35000000.0
	1243097.53726 40 37000000.0
	1294274.28005 45 37000000.0
	1348419.23426 50 37000000.0
	1404892.92849 55 37000000.0
	1463178.02833 60 37000000.0
	1522859.54725 65 37000000.0
	1583604.8963 70 37000000.0
	1645148.20428 75 37000000.0
	1707278.91567 80 37000000.0
	1261663.85923 40 39000000.0
	1312364.70655 45 39000000.0
	1366028.26358 50 39000000.0
	1422015.07843 55 39000000.0
	1479810.02686 60 39000000.0
	1539002.34171 65 39000000.0
	1599265.12185 70 39000000.0
	1660338.95183 75 39000000.0
	1722019.77767 80 39000000.0
	1280241.77835 40 41000000.0
	1330497.31202 45 41000000.0
	1383714.21302 50 41000000.0
	1439252.36208 55 41000000.0
	1496597.83867 60 41000000.0
	1555342.82221 65 41000000.0
	1615164.67115 70 41000000.0
	1675808.98695 75 41000000.0
	1737076.91494 80 41000000.0
