
	0.0390740575709 40 1000000.0
	0.0411023826643 45 1000000.0
	0.0434774996829 50 1000000.0
	0.0460081598734 55 1000000.0
	0.0485282885452 60 1000000.0
	0.0510048010711 65 1000000.0
	0.0534276048032 70 1000000.0
	0.0557992559532 75 1000000.0
	0.0581293412153 80 1000000.0
	0.079892373253 40 3000000.0
	0.0628304921313 45 3000000.0
	0.0573744263347 50 3000000.0
	0.0571362737636 55 3000000.0
	0.058029569921 60 3000000.0
	0.0594184762686 65 3000000.0
	0.0610536502158 70 3000000.0
	0.0628231421607 75 3000000.0
	0.0646745227396 80 3000000.0
	0.100118790162 40 5000000.0
	0.0891432512747 45 5000000.0
	0.0775939220567 50 5000000.0
	0.0719899693713 55 5000000.0
	0.069528646516 60 5000000.0
	0.0687938600417 65 5000000.0
	0.0690052119738 70 5000000.0
	0.0697671937997 75 5000000.0
	0.0708734282431 80 5000000.0
	0.1090566089 40 7000000.0
	0.102600374149 45 7000000.0
	0.0941265622719 50 7000000.0
	0.0874084877 55 7000000.0
	0.0826472660534 60 7000000.0
	0.0797598945658 65 7000000.0
	0.0782576867781 70 7000000.0
	0.0777035087036 75 7000000.0
	0.0777966975759 80 7000000.0
	0.115159939211 40 9000000.0
	0.110844054713 45 9000000.0
	0.104925565022 50 9000000.0
	0.0993525764693 55 9000000.0
	0.0944298928274 60 9000000.0
	0.090618210458 65 9000000.0
	0.0879617312236 70 9000000.0
	0.0862937747846 75 9000000.0
	0.0854066640718 80 9000000.0
	0.120060239396 40 11000000.0
	0.116967175346 45 11000000.0
	0.112627339007 50 11000000.0
	0.108232577217 55 11000000.0
	0.103929751932 60 11000000.0
	0.100127698761 65 11000000.0
	0.0970532304215 70 11000000.0
	0.0947538882046 75 11000000.0
	0.0931710445227 80 11000000.0
	0.124317914648 40 13000000.0
	0.122037022245 45 13000000.0
	0.118708193714 50 13000000.0
	0.115184910928 55 13000000.0
	0.111561126189 60 13000000.0
	0.108118993919 65 13000000.0
	0.105078380384 70 13000000.0
	0.102563223085 75 13000000.0
	0.100610644482 80 13000000.0
	0.128368965548 40 15000000.0
	0.126505817725 45 15000000.0
	0.123877978931 50 15000000.0
	0.120967304643 55 15000000.0
	0.11789910286 60 15000000.0
	0.114868311837 65 15000000.0
	0.112045945339 70 15000000.0
	0.109558507053 75 15000000.0
	0.107479758638 80 15000000.0
	0.13219687514 40 17000000.0
	0.13064062716 45 17000000.0
	0.128505235836 50 17000000.0
	0.126025012665 55 17000000.0
	0.123375278515 60 17000000.0
	0.120703282964 65 17000000.0
	0.118137947221 70 17000000.0
	0.115785557693 75 17000000.0
	0.113723400728 80 17000000.0
	0.135890945844 40 19000000.0
	0.134635511608 45 19000000.0
	0.132798481439 50 19000000.0
	0.130623775321 55 19000000.0
	0.128279254173 60 19000000.0
	0.125890109249 65 19000000.0
	0.123558219421 70 19000000.0
	0.121368763158 75 19000000.0
	0.119389911377 80 19000000.0
	0.139507268527 40 21000000.0
	0.138496739091 45 21000000.0
	0.136913445736 50 21000000.0
	0.134928906923 55 21000000.0
	0.132802922764 60 21000000.0
	0.130624658815 65 21000000.0
	0.128481717215 70 21000000.0
	0.126443819414 75 21000000.0
	0.124567880309 80 21000000.0
	0.143082879888 40 23000000.0
	0.142280949558 45 23000000.0
	0.140880985578 50 23000000.0
	0.139112863085 55 23000000.0
	0.137075425095 60 23000000.0
	0.135047407776 65 23000000.0
	0.133046004123 70 23000000.0
	0.13113183298 75 23000000.0
	0.129352615063 80 23000000.0
	0.1466431612 40 25000000.0
	0.146026317229 45 25000000.0
	0.144772050875 50 25000000.0
	0.143189684452 55 25000000.0
	0.141185671902 60 25000000.0
	0.139259151073 65 25000000.0
	0.137355918797 70 25000000.0
	0.135532825942 75 25000000.0
	0.133831631883 80 25000000.0
	0.150206002441 40 27000000.0
	0.149759407272 45 27000000.0
	0.148626592832 50 27000000.0
	0.147158669809 55 27000000.0
	0.145332227348 60 27000000.0
	0.143332944247 65 27000000.0
	0.141490701981 70 27000000.0
	0.139726717212 75 27000000.0
	0.138079955567 80 27000000.0
	0.153784286077 40 29000000.0
	0.153499166983 45 29000000.0
	0.152472182397 50 29000000.0
	0.151085073761 55 29000000.0
	0.149356808471 60 29000000.0
	0.147322437791 65 29000000.0
	0.145510354966 70 29000000.0
	0.143776524335 75 29000000.0
	0.142159812024 80 29000000.0
	0.157387439385 40 31000000.0
	0.157259368287 45 31000000.0
	0.156328581618 50 31000000.0
	0.155001765421 55 31000000.0
	0.153324714898 60 31000000.0
	0.15146792594 65 31000000.0
	0.149460591319 70 31000000.0
	0.147731762667 75 31000000.0
	0.146121997495 80 31000000.0
	0.16102244254 40 33000000.0
	0.161050165326 45 33000000.0
	0.160210259012 50 33000000.0
	0.158930851098 55 33000000.0
	0.157280854401 60 33000000.0
	0.155461394533 65 33000000.0
	0.153520920625 70 33000000.0
	0.151631388565 75 33000000.0
	0.150007691805 80 33000000.0
	0.164694504533 40 35000000.0
	0.164879122459 45 35000000.0
	0.164127961052 50 35000000.0
	0.162888189286 55 35000000.0
	0.161250365842 60 35000000.0
	0.159435496864 65 35000000.0
	0.157545880192 70 35000000.0
	0.15550616121 75 35000000.0
	0.153850210311 80 35000000.0
	0.168407528795 40 37000000.0
	0.168751912768 45 37000000.0
	0.168089749049 50 37000000.0
	0.166885485376 55 37000000.0
	0.165250477766 60 37000000.0
	0.16342203888 65 37000000.0
	0.161525598584 70 37000000.0
	0.159608379068 75 37000000.0
	0.157676521236 80 37000000.0
	0.172164441457 40 39000000.0
	0.172672804595 45 39000000.0
	0.172101707751 50 39000000.0
	0.170931516943 55 39000000.0
	0.16929373964 60 39000000.0
	0.167440318895 65 39000000.0
	0.165513399164 70 39000000.0
	0.163591635294 75 39000000.0
	0.161655048789 80 39000000.0
	0.175967427415 40 41000000.0
	0.176645007802 45 41000000.0
	0.176168442661 50 41000000.0
	0.175032926489 55 41000000.0
	0.17338954559 60 41000000.0
	0.171503897327 65 41000000.0
	0.169532484036 70 41000000.0
	0.167571359618 75 41000000.0
	0.165661899138 80 41000000.0
