
	2.15851851638e-06 40 1000000.0
	2.34910589915e-06 45 1000000.0
	2.53622855528e-06 50 1000000.0
	2.71840110205e-06 55 1000000.0
	2.89561412311e-06 60 1000000.0
	3.06817399164e-06 65 1000000.0
	3.23644049017e-06 70 1000000.0
	3.40075786678e-06 75 1000000.0
	3.56143793875e-06 80 1000000.0
	4.20027131693e-06 40 3000000.0
	3.30340397443e-06 45 3000000.0
	3.16161671062e-06 50 3000000.0
	3.19350634069e-06 55 3000000.0
	3.28189210758e-06 60 3000000.0
	3.39436453914e-06 65 3000000.0
	3.51859033153e-06 70 3000000.0
	3.6488948157e-06 75 3000000.0
	3.78233318367e-06 80 3000000.0
	6.30761682784e-06 40 5000000.0
	5.06599682155e-06 45 5000000.0
	4.3385922787e-06 50 5000000.0
	4.01454725594e-06 55 5000000.0
	3.89993852229e-06 60 5000000.0
	3.88672178064e-06 65 5000000.0
	3.92626414968e-06 70 5000000.0
	3.99567704283e-06 75 5000000.0
	4.08316011418e-06 80 5000000.0
	7.56519209388e-06 40 7000000.0
	6.37612813054e-06 45 7000000.0
	5.52120735916e-06 50 7000000.0
	4.97157564481e-06 55 7000000.0
	4.65705284302e-06 60 7000000.0
	4.49599700061e-06 65 7000000.0
	4.42909668518e-06 70 7000000.0
	4.42034771552e-06 75 7000000.0
	4.44869994965e-06 80 7000000.0
	8.56264890945e-06 40 9000000.0
	7.37159160313e-06 45 9000000.0
	6.48533962953e-06 50 9000000.0
	5.84741933276e-06 55 9000000.0
	5.4146301425e-06 60 9000000.0
	5.13896295448e-06 65 9000000.0
	4.97527534918e-06 70 9000000.0
	4.88871140541e-06 75 9000000.0
	4.85508971536e-06 80 9000000.0
	9.43807927241e-06 40 11000000.0
	8.21154500122e-06 45 11000000.0
	7.29532237937e-06 50 11000000.0
	6.61083772503e-06 55 11000000.0
	6.11137278417e-06 60 11000000.0
	5.75964762305e-06 65 11000000.0
	5.52189244594e-06 70 11000000.0
	5.36923818542e-06 75 11000000.0
	5.27906683629e-06 80 11000000.0
	1.02445125252e-05 40 13000000.0
	8.96381149045e-06 45 13000000.0
	8.00948803594e-06 50 13000000.0
	7.28735763143e-06 55 13000000.0
	6.74286028094e-06 60 13000000.0
	6.33909436465e-06 65 13000000.0
	6.04686960215e-06 70 13000000.0
	5.84174745123e-06 75 13000000.0
	5.70368923381e-06 80 13000000.0
	1.10082708082e-05 40 15000000.0
	9.66167522357e-06 45 15000000.0
	8.66189446333e-06 50 15000000.0
	7.90228932101e-06 55 15000000.0
	7.32066132282e-06 60 15000000.0
	6.87722240216e-06 65 15000000.0
	6.54339422374e-06 70 15000000.0
	6.2967563938e-06 75 15000000.0
	6.1191382568e-06 80 15000000.0
	1.17445226475e-05 40 17000000.0
	1.032381799e-05 45 17000000.0
	9.27271189658e-06 50 17000000.0
	8.47357246096e-06 55 17000000.0
	7.85716865117e-06 60 17000000.0
	7.37992883418e-06 65 17000000.0
	7.01206496939e-06 70 17000000.0
	6.73149581017e-06 75 17000000.0
	6.52093591095e-06 80 17000000.0
	1.24629182033e-05 40 19000000.0
	1.09618100367e-05 45 19000000.0
	9.85463183903e-06 50 19000000.0
	9.01342965879e-06 55 19000000.0
	8.36236513441e-06 60 19000000.0
	7.85387643467e-06 65 19000000.0
	7.45617798307e-06 70 19000000.0
	7.14656028732e-06 75 19000000.0
	6.90784922071e-06 80 19000000.0
	1.31700512974e-05 40 21000000.0
	1.15833616361e-05 45 21000000.0
	1.0416122134e-05 50 21000000.0
	9.53033763886e-06 55 21000000.0
	8.84379946225e-06 60 21000000.0
	8.30492743095e-06 65 21000000.0
	7.87959323688e-06 70 21000000.0
	7.54393019185e-06 75 21000000.0
	7.28035598075e-06 80 21000000.0
	1.38706808014e-05 40 23000000.0
	1.21939098366e-05 45 23000000.0
	1.09631227261e-05 50 23000000.0
	1.00303573373e-05 55 23000000.0
	9.30714058153e-06 60 23000000.0
	8.7378752507e-06 65 23000000.0
	8.28592753489e-06 70 23000000.0
	7.92598177754e-06 75 23000000.0
	7.63971645154e-06 80 23000000.0
	1.45683952139e-05 40 25000000.0
	1.2797466298e-05 45 25000000.0
	1.14999792609e-05 50 25000000.0
	1.05179614016e-05 55 25000000.0
	9.75669549577e-06 60 25000000.0
	9.15655784883e-06 65 25000000.0
	8.67831956925e-06 70 25000000.0
	8.29504688975e-06 75 25000000.0
	7.98746857108e-06 80 25000000.0
	1.52660006726e-05 40 27000000.0
	1.33971037284e-05 45 27000000.0
	1.20299861367e-05 50 27000000.0
	1.09965490582e-05 55 27000000.0
	1.01957950579e-05 60 27000000.0
	9.56404568611e-06 65 27000000.0
	9.05941499248e-06 70 27000000.0
	8.65324435389e-06 75 27000000.0
	8.32517499586e-06 80 27000000.0
	1.59657604613e-05 40 29000000.0
	1.3995251356e-05 45 29000000.0
	1.25557182168e-05 50 29000000.0
	1.14687735206e-05 55 29000000.0
	1.06270653826e-05 60 29000000.0
	9.96281439903e-06 65 29000000.0
	9.43142411763e-06 70 29000000.0
	9.00243573536e-06 75 29000000.0
	8.65430787961e-06 80 29000000.0
	1.66695496812e-05 40 31000000.0
	1.45938829756e-05 45 31000000.0
	1.30792422003e-05 50 31000000.0
	1.19367559538e-05 55 31000000.0
	1.105261678e-05 60 31000000.0
	1.03548830214e-05 65 31000000.0
	9.79619489816e-06 70 31000000.0
	9.34423358926e-06 75 31000000.0
	8.97620493458e-06 80 31000000.0
	1.73789589474e-05 40 33000000.0
	1.51946413659e-05 45 33000000.0
	1.36022563051e-05 50 33000000.0
	1.24022291961e-05 55 33000000.0
	1.14741761209e-05 60 33000000.0
	1.0741919529e-05 65 33000000.0
	1.01552809326e-05 70 33000000.0
	9.68002887039e-06 75 33000000.0
	9.29206053668e-06 80 33000000.0
	1.80953661458e-05 40 35000000.0
	1.57989233576e-05 45 35000000.0
	1.41261855284e-05 50 35000000.0
	1.2866636827e-05 55 35000000.0
	1.18931807868e-05 60 35000000.0
	1.11253202113e-05 65 35000000.0
	1.05099988258e-05 70 35000000.0
	1.00110227802e-05 75 35000000.0
	9.60293288375e-06 80 35000000.0
	1.88199874529e-05 40 37000000.0
	1.64079396577e-05 45 37000000.0
	1.46522484146e-05 50 37000000.0
	1.3331203092e-05 55 37000000.0
	1.23108463873e-05 60 37000000.0
	1.15062692744e-05 65 37000000.0
	1.08614746201e-05 70 37000000.0
	1.03382570115e-05 75 37000000.0
	9.90975756358e-06 80 37000000.0
	1.95539144776e-05 40 39000000.0
	1.70227579645e-05 45 39000000.0
	1.51815049897e-05 50 39000000.0
	1.37969833287e-05 55 39000000.0
	1.27282163521e-05 60 39000000.0
	1.18857838228e-05 65 39000000.0
	1.1210680736e-05 70 39000000.0
	1.06626402879e-05 75 39000000.0
	1.02133628084e-05 80 39000000.0
	2.02981418672e-05 40 41000000.0
	1.76443347136e-05 45 41000000.0
	1.57148919141e-05 50 41000000.0
	1.42649010473e-05 55 41000000.0
	1.31461988139e-05 60 41000000.0
	1.2264748084e-05 65 41000000.0
	1.15584651913e-05 70 41000000.0
	1.09849708039e-05 75 41000000.0
	1.05144842507e-05 80 41000000.0
