
	7.26956775484 40 1000000.0
	6.07279207812 45 1000000.0
	5.26805580018 50 1000000.0
	4.67644774494 55 1000000.0
	4.21754877413 60 1000000.0
	3.84838472447 65 1000000.0
	3.54342479399 70 1000000.0
	3.28634703171 75 1000000.0
	3.06613321661 80 1000000.0
	37.2593033266 40 3000000.0
	24.5234189156 45 3000000.0
	18.9105532106 50 3000000.0
	15.7910348057 55 3000000.0
	13.7256013766 60 3000000.0
	12.223071668 65 3000000.0
	11.0650736014 70 3000000.0
	10.1369317161 75 3000000.0
	9.37154374348 80 3000000.0
	51.7665547164 40 5000000.0
	42.2588243675 45 5000000.0
	33.8474837959 50 5000000.0
	27.9081854823 55 5000000.0
	23.8610594134 60 5000000.0
	20.9709906099 65 5000000.0
	18.7968062693 70 5000000.0
	17.0916469744 75 5000000.0
	15.7109935562 80 5000000.0
	57.8161022959 40 7000000.0
	50.9514134292 45 7000000.0
	44.0135141011 50 7000000.0
	37.867801031 55 7000000.0
	32.9304116487 60 7000000.0
	29.0981819471 65 7000000.0
	26.1072170106 70 7000000.0
	23.7254834012 75 7000000.0
	21.7861782361 80 7000000.0
	61.7661771618 40 9000000.0
	56.1811632228 45 9000000.0
	50.4458126194 50 9000000.0
	44.96139723 55 9000000.0
	40.0838983503 60 9000000.0
	35.956729911 65 9000000.0
	32.5395967521 70 9000000.0
	29.7164109001 75 9000000.0
	27.3655936009 80 9000000.0
	64.7636220444 40 11000000.0
	59.9322781282 45 11000000.0
	54.9772890847 50 11000000.0
	50.1165141555 55 11000000.0
	45.5772589575 60 11000000.0
	41.51456626 65 11000000.0
	37.9789071717 70 11000000.0
	34.9429353507 75 11000000.0
	32.3433866864 80 11000000.0
	67.2101922151 40 13000000.0
	62.8838116576 45 13000000.0
	58.4621348036 50 13000000.0
	54.0836515896 55 13000000.0
	49.8967623992 60 13000000.0
	46.0234475357 65 13000000.0
	42.5324564706 70 13000000.0
	39.4385803447 75 13000000.0
	36.719607909 80 13000000.0
	69.2943710702 40 15000000.0
	65.3353637777 45 15000000.0
	61.3017436758 50 15000000.0
	57.2924652886 55 15000000.0
	53.4111897166 60 15000000.0
	49.7496190963 65 15000000.0
	46.371293094 70 15000000.0
	43.3056022944 75 15000000.0
	40.5528090611 80 15000000.0
	71.1202563841 40 17000000.0
	67.4439143083 45 17000000.0
	63.7072414277 50 17000000.0
	59.9870419003 55 17000000.0
	56.3606591467 60 17000000.0
	52.8981112906 65 17000000.0
	49.6529698522 70 17000000.0
	46.6570754691 75 17000000.0
	43.9211337865 80 17000000.0
	72.7517056309 40 19000000.0
	69.3017757566 45 19000000.0
	65.8013144411 50 19000000.0
	62.3135397545 55 19000000.0
	58.8994361615 60 19000000.0
	55.6141408958 65 19000000.0
	52.501962098 70 19000000.0
	49.5927313211 75 19000000.0
	46.9011391735 80 19000000.0
	74.2308782782 40 21000000.0
	70.9678512142 45 21000000.0
	67.661028134 50 21000000.0
	64.3646977767 55 21000000.0
	61.1291273995 60 21000000.0
	57.9991721694 65 21000000.0
	55.0116885171 70 21000000.0
	52.1932761103 75 21000000.0
	49.5594870058 80 21000000.0
	75.5871637769 40 23000000.0
	72.4820706303 45 23000000.0
	69.337804699 50 23000000.0
	66.2024651401 55 23000000.0
	63.1189717233 60 23000000.0
	60.1249232495 65 23000000.0
	57.2514306838 70 23000000.0
	54.5218575116 75 23000000.0
	51.951239901 80 23000000.0
	76.8419255952 40 25000000.0
	73.8727914765 45 25000000.0
	70.8676271406 50 25000000.0
	67.8700591959 55 25000000.0
	64.9177742833 60 25000000.0
	62.0431240755 65 25000000.0
	59.2728289157 70 25000000.0
	56.6274032804 75 25000000.0
	54.1208436993 80 25000000.0
	78.0112177712 40 27000000.0
	75.1609081651 45 27000000.0
	72.2766542393 50 27000000.0
	69.3987426726 55 27000000.0
	66.5610126098 60 27000000.0
	63.7919309927 65 27000000.0
	61.1148489185 70 27000000.0
	58.5478937275 75 27000000.0
	56.1038950428 80 27000000.0
	79.1074347174 40 29000000.0
	76.3622823892 45 29000000.0
	73.5845048467 50 29000000.0
	70.8118280138 55 29000000.0
	68.0751864918 60 29000000.0
	65.400108687 65 29000000.0
	62.8073359095 70 29000000.0
	60.313034691 75 29000000.0
	57.9289131585 80 29000000.0
	80.1403619549 40 31000000.0
	77.4892556303 45 31000000.0
	74.8062784492 50 31000000.0
	72.1271506459 55 31000000.0
	69.4805652068 60 31000000.0
	66.8897849599 65 31000000.0
	64.3735070288 70 31000000.0
	61.946297942 75 31000000.0
	59.6188559912 80 31000000.0
	81.1178721021 40 33000000.0
	78.5516309128 45 33000000.0
	75.9538519381 50 33000000.0
	73.3586569032 55 33000000.0
	70.7929765468 60 33000000.0
	68.2782975676 65 33000000.0
	65.8316976129 70 33000000.0
	63.466437877 75 33000000.0
	61.1923357048 80 33000000.0
	82.0464013448 40 35000000.0
	79.557332961 45 35000000.0
	77.0367421986 50 35000000.0
	74.5174584992 55 35000000.0
	72.0250055616 60 35000000.0
	69.5794573224 65 35000000.0
	67.1965944131 70 35000000.0
	64.8886099287 75 35000000.0
	62.6645649935 80 35000000.0
	82.9312849248 40 37000000.0
	80.5128656489 45 37000000.0
	78.062697758 50 37000000.0
	75.6125536748 55 37000000.0
	73.1868189362 60 37000000.0
	70.8044295585 65 37000000.0
	68.4801169506 70 37000000.0
	66.225196328 75 37000000.0
	64.0480848694 80 37000000.0
	83.7769991595 40 39000000.0
	81.4236373017 45 39000000.0
	79.0381155067 50 39000000.0
	76.6513332874 55 39000000.0
	74.2867453892 60 39000000.0
	71.962361324 65 39000000.0
	69.6920560158 70 39000000.0
	67.4864195105 75 39000000.0
	65.3533226297 80 39000000.0
	84.5873397619 40 41000000.0
	82.2941972921 45 41000000.0
	79.9683410863 50 41000000.0
	77.6399441536 55 41000000.0
	75.3316930374 60 41000000.0
	73.0608358641 65 41000000.0
	70.8405427568 70 41000000.0
	68.6808016867 75 41000000.0
	66.5890204446 80 41000000.0
