
	18821.8924927 40 1000000.0
	20411.919458 45 1000000.0
	21731.7243737 50 1000000.0
	22872.1309566 55 1000000.0
	23881.1807608 60 1000000.0
	24788.813863 65 1000000.0
	25615.3700816 70 1000000.0
	26375.4642966 75 1000000.0
	27080.045879 80 1000000.0
	9921.62815823 40 3000000.0
	13362.0475482 45 3000000.0
	15528.5196915 50 3000000.0
	17111.5621393 55 3000000.0
	18395.3086084 60 3000000.0
	19490.5604486 65 3000000.0
	20452.8695452 70 3000000.0
	21315.0755627 75 3000000.0
	22098.6876051 80 3000000.0
	7407.41362515 40 5000000.0
	9825.48710774 45 5000000.0
	12087.4236592 50 5000000.0
	13945.9846566 55 5000000.0
	15448.1572082 60 5000000.0
	16701.0634887 65 5000000.0
	17779.4356521 70 5000000.0
	18729.8314131 75 5000000.0
	19582.3055461 80 5000000.0
	6389.21703324 40 7000000.0
	8329.88318593 45 7000000.0
	10226.5178362 50 7000000.0
	11967.5571657 55 7000000.0
	13490.3635048 60 7000000.0
	14803.9297507 65 7000000.0
	15945.6634724 70 7000000.0
	16952.3215784 75 7000000.0
	17852.6707677 80 7000000.0
	5725.35430777 40 9000000.0
	7449.4814817 45 9000000.0
	9123.15948967 50 9000000.0
	10703.0103265 55 9000000.0
	12148.0949809 60 9000000.0
	13442.6212671 65 9000000.0
	14594.6536862 70 9000000.0
	15623.1198377 75 9000000.0
	16548.3207338 80 9000000.0
	5222.2037911 40 11000000.0
	6821.65913211 45 11000000.0
	8361.44681909 50 11000000.0
	9822.38309466 55 11000000.0
	11183.2275741 60 11000000.0
	12430.561207 65 11000000.0
	13563.1506128 70 11000000.0
	14589.0835539 75 11000000.0
	15520.7470521 80 11000000.0
	4812.27110669 40 13000000.0
	6329.12786166 45 13000000.0
	7780.6526539 50 13000000.0
	9157.5329785 55 13000000.0
	10449.1387062 60 13000000.0
	11647.4823123 65 13000000.0
	12750.3137664 70 13000000.0
	13761.2510107 75 13000000.0
	14687.8308907 80 13000000.0
	4463.86574822 40 15000000.0
	5920.99615034 45 15000000.0
	7309.66430733 50 15000000.0
	8625.20674758 55 15000000.0
	9862.59562587 60 15000000.0
	11017.9360426 65 15000000.0
	12090.1229558 70 15000000.0
	13081.4467834 75 15000000.0
	13996.9985491 80 15000000.0
	4159.45004438 40 17000000.0
	5570.76529341 45 17000000.0
	6912.0293463 50 17000000.0
	8181.00416332 55 17000000.0
	9375.75675563 60 17000000.0
	10495.0648641 65 17000000.0
	11539.1792327 70 17000000.0
	12510.2909156 75 17000000.0
	13412.4147639 80 17000000.0
	3888.24221254 40 19000000.0
	5262.89060012 45 19000000.0
	6566.83786986 50 19000000.0
	7799.1922757 55 19000000.0
	8959.81220215 60 19000000.0
	10049.1789076 65 19000000.0
	11068.6458421 70 19000000.0
	12020.6927798 75 19000000.0
	12908.936826 80 19000000.0
	3643.10936569 40 21000000.0
	4987.46106021 45 21000000.0
	6261.04927786 50 21000000.0
	7463.74820743 55 21000000.0
	8596.48801069 60 21000000.0
	9660.83994051 65 21000000.0
	10658.9671456 70 21000000.0
	11593.7056904 75 21000000.0
	12468.5809899 80 21000000.0
	3419.0699877 40 23000000.0
	4737.75820735 45 23000000.0
	5985.99885421 50 23000000.0
	7164.09396642 55 23000000.0
	8273.62419583 60 23000000.0
	9316.86297944 65 23000000.0
	10296.545475 70 23000000.0
	11215.8248829 75 23000000.0
	12078.2587822 80 23000000.0
	3212.49706415 40 25000000.0
	4509.00907069 45 25000000.0
	5735.63906698 50 25000000.0
	6892.90724423 55 25000000.0
	7982.78499687 60 25000000.0
	9007.99785599 65 25000000.0
	9971.67706014 70 25000000.0
	10877.2277783 75 25000000.0
	11728.2796035 80 25000000.0
	3020.66106396 40 27000000.0
	4297.69500709 45 27000000.0
	5505.58063719 50 27000000.0
	6644.91958855 55 27000000.0
	7717.90661115 60 27000000.0
	8727.55381906 65 27000000.0
	9677.26170566 70 27000000.0
	10570.6240655 75 27000000.0
	11411.3458486 80 27000000.0
	2841.45195383 40 29000000.0
	4101.14331347 45 29000000.0
	5292.53503919 50 29000000.0
	6416.21742899 55 29000000.0
	7474.49661083 60 29000000.0
	8470.5588284 65 29000000.0
	9407.9826503 70 29000000.0
	10290.4968923 75 29000000.0
	11121.8708207 80 29000000.0
	2673.20189175 40 31000000.0
	3917.27315879 45 31000000.0
	5093.97293839 50 31000000.0
	6203.81512796 55 31000000.0
	7249.1399173 60 31000000.0
	8233.22937046 65 31000000.0
	9159.77412224 70 31000000.0
	10032.5949936 75 31000000.0
	10855.5101113 80 31000000.0
	2514.56762132 40 33000000.0
	3744.43067319 45 33000000.0
	4907.90561894 50 33000000.0
	6005.38307358 55 33000000.0
	7039.18245481 60 33000000.0
	8012.62588346 65 33000000.0
	8929.46775118 70 33000000.0
	9793.58710846 75 33000000.0
	10608.8353435 80 33000000.0
	2364.44985951 40 35000000.0
	3581.27803784 45 35000000.0
	4732.73989503 50 35000000.0
	5819.06820965 55 35000000.0
	6842.52184007 60 35000000.0
	7806.42245611 65 35000000.0
	8714.55241631 70 35000000.0
	9570.82268305 75 35000000.0
	10379.1038183 80 35000000.0
	2221.93647326 40 37000000.0
	3426.71660821 45 37000000.0
	4567.17874474 50 37000000.0
	5643.37186613 55 37000000.0
	6657.46483271 60 37000000.0
	7612.74891369 65 37000000.0
	8513.00759177 70 37000000.0
	9362.16324949 75 37000000.0
	10164.0935264 80 37000000.0
	2086.26144705 40 39000000.0
	3279.83222694 45 39000000.0
	4410.15140034 50 39000000.0
	5477.06433412 55 39000000.0
	6482.62774039 60 39000000.0
	7430.07999696 65 39000000.0
	8323.18533982 70 39000000.0
	9165.86157093 75 39000000.0
	9961.98328285 80 39000000.0
	1956.77462388 40 41000000.0
	3139.85543466 45 41000000.0
	4260.76299647 50 41000000.0
	5319.12371324 55 41000000.0
	6316.86524002 60 41000000.0
	7257.15594046 65 41000000.0
	8143.72517356 70 41000000.0
	8980.4736089 75 41000000.0
	9771.26442879 80 41000000.0
