
	362.173450821 20 50000.0
	451.014029344 30 50000.0
	522.78230197 40 50000.0
	584.103282975 50 50000.0
	635.938339144 60 50000.0
	678.592928037 70 50000.0
	713.750504295 80 50000.0
	744.137085241 90 50000.0
	1118.98644232 20 100000.0
	447.830317103 30 100000.0
	521.371197132 40 100000.0
	583.495964337 50 100000.0
	635.748935487 60 100000.0
	678.63149698 70 100000.0
	713.917723153 80 100000.0
	744.381278814 90 100000.0
	1121.65072713 20 150000.0
	444.555429366 30 150000.0
	519.960580553 40 150000.0
	582.897836387 50 150000.0
	635.567996677 60 150000.0
	678.676724707 70 150000.0
	714.090033155 80 150000.0
	744.629375681 90 150000.0
	1124.29311605 20 200000.0
	441.17920146 30 200000.0
	518.551488506 40 200000.0
	582.309638527 50 200000.0
	635.39592319 60 200000.0
	678.728837131 70 200000.0
	714.267570668 80 200000.0
	744.881463426 90 200000.0
	1126.91415314 20 250000.0
	437.689348663 30 250000.0
	517.144987462 40 250000.0
	581.732114172 50 250000.0
	635.233111261 60 250000.0
	678.788055768 70 250000.0
	714.450468737 80 250000.0
	745.137627263 90 250000.0
	1129.51436204 20 300000.0
	434.070895445 30 300000.0
	515.742176224 40 300000.0
	581.166010708 50 300000.0
	635.079952772 60 300000.0
	678.854597723 70 300000.0
	714.638857094 80 300000.0
	745.397950062 90 300000.0
	1132.09424691 20 350000.0
	430.305396398 30 350000.0
	514.344188386 40 350000.0
	580.612079441 50 350000.0
	634.93683515 60 350000.0
	678.928675674 70 350000.0
	714.83286218 80 350000.0
	745.662512365 90 350000.0
	1134.65429337 20 400000.0
	426.36984618 30 400000.0
	512.952195205 40 400000.0
	580.071075542 50 400000.0
	634.804141263 60 400000.0
	679.010497855 70 400000.0
	715.032607158 80 400000.0
	745.931392414 90 400000.0
	1137.19496936 20 450000.0
	422.235109425 30 450000.0
	511.56740898 40 450000.0
	579.543758002 50 450000.0
	634.682249305 60 450000.0
	679.100268039 70 450000.0
	715.23821193 80 450000.0
	746.204666166 90 450000.0
	1139.71672595 20 500000.0
	417.8635799 30 500000.0
	510.191087027 40 500000.0
	579.030889576 50 500000.0
	634.571532692 60 500000.0
	679.198185525 70 500000.0
	715.449793151 80 500000.0
	746.482407322 90 500000.0
