
	10981.2702597 20 50000.0
	10536.7682266 30 50000.0
	10444.4342535 40 50000.0
	10469.0737277 50 50000.0
	10667.5516065 60 50000.0
	11094.1117574 70 50000.0
	11743.1446078 80 50000.0
	12548.7698358 90 50000.0
	9565.63512037 20 100000.0
	10787.0537234 30 100000.0
	10571.5760951 40 100000.0
	10545.5914954 50 100000.0
	10718.1102732 60 100000.0
	11129.7815325 70 100000.0
	11769.5619847 80 100000.0
	12569.0738982 90 100000.0
	9541.73095813 20 150000.0
	11066.8549937 30 150000.0
	10703.5064726 40 150000.0
	10623.3796884 50 150000.0
	10769.0841673 60 150000.0
	11165.5978195 70 150000.0
	11796.0284521 80 150000.0
	12589.3888874 90 150000.0
	9518.21409131 20 200000.0
	11381.7731756 30 200000.0
	10840.5373264 40 200000.0
	10702.4670202 50 200000.0
	10820.4733967 60 200000.0
	11201.5579826 70 200000.0
	11822.5418307 80 200000.0
	12609.7132832 90 200000.0
	9495.07346297 20 250000.0
	11738.8998921 30 250000.0
	10983.0064741 40 250000.0
	10782.8826595 50 250000.0
	10872.2778744 60 250000.0
	11237.6593082 70 250000.0
	11849.0999224 80 250000.0
	12630.0455667 90 250000.0
	9472.29846489 20 300000.0
	12147.3592682 30 300000.0
	11131.2802028 40 300000.0
	10864.6562198 50 300000.0
	10924.4973137 60 300000.0
	11273.8990055 70 300000.0
	11875.7005112 80 300000.0
	12650.3842203 90 300000.0
	9449.87891399 20 350000.0
	12619.1109344 30 350000.0
	11285.7561525 40 350000.0
	10947.8177447 50 350000.0
	10977.1312225 60 350000.0
	11310.2742074 70 350000.0
	11902.3413638 80 350000.0
	12670.7277286 90 350000.0
	9427.80503035 20 400000.0
	13170.1763998 30 400000.0
	11446.8665271 40 400000.0
	11032.397691 50 400000.0
	11030.1788986 60 400000.0
	11346.7819714 70 400000.0
	11929.020231 80 400000.0
	12691.0745785 90 400000.0
	9406.06741648 20 450000.0
	13822.5797975 30 450000.0
	11615.0816709 40 450000.0
	11118.4269078 50 450000.0
	11083.6394244 60 450000.0
	11383.4192803 70 450000.0
	11955.7348484 80 450000.0
	12711.42326 90 450000.0
	9384.65703808 20 500000.0
	14607.5514932 30 500000.0
	11790.9140524 40 500000.0
	11205.9366105 50 500000.0
	11137.5116614 60 500000.0
	11420.1830437 70 500000.0
	11982.4829372 80 500000.0
	12731.7722665 90 500000.0
