
	4705.97738418 20 50000.0
	4338.37546006 30 50000.0
	4236.63351274 40 50000.0
	4192.34597785 50 50000.0
	4169.50888755 60 50000.0
	4156.33396099 70 50000.0
	4148.09012624 80 50000.0
	4142.60727955 90 50000.0
	3928.56651525 20 100000.0
	4574.05201868 30 100000.0
	4353.17916505 40 100000.0
	4261.49946528 50 100000.0
	4214.98727062 60 100000.0
	4188.35615847 70 100000.0
	4171.76068621 80 100000.0
	4160.75016469 90 100000.0
	3904.81080313 20 150000.0
	4835.46941075 30 150000.0
	4474.39339295 40 150000.0
	4331.97475832 50 150000.0
	4260.92267342 60 150000.0
	4220.55141596 70 150000.0
	4195.49696262 80 150000.0
	4178.91461702 90 150000.0
	3881.44627425 20 200000.0
	5127.60390158 30 200000.0
	4600.56742349 40 200000.0
	4403.79901385 50 200000.0
	4307.31485962 60 200000.0
	4252.91690973 70 200000.0
	4219.29665007 80 200000.0
	4197.09903041 90 200000.0
	3858.46217049 20 250000.0
	5456.81025144 30 250000.0
	4732.01712559 40 250000.0
	4476.99981108 50 250000.0
	4354.1633959 60 250000.0
	4285.44973809 70 250000.0
	4243.15742462 80 250000.0
	4215.30180014 90 250000.0
	3835.84815788 20 300000.0
	5831.33551856 30 300000.0
	4869.08555548 40 300000.0
	4551.60514214 50 300000.0
	4401.4676468 60 300000.0
	4318.14692202 70 300000.0
	4267.07694462 80 300000.0
	4233.52132339 90 300000.0
	3813.59430462 20 350000.0
	6262.08370093 30 350000.0
	5012.14579763 40 350000.0
	4627.6434001 50 350000.0
	4449.22676961 60 350000.0
	4351.00540586 70 350000.0
	4291.05285158 80 350000.0
	4251.75599969 90 350000.0
	3791.69106048 20 400000.0
	6763.78862894 30 400000.0
	5161.60413713 40 400000.0
	4705.14336391 50 400000.0
	4497.43970922 60 400000.0
	4384.02205818 70 400000.0
	4315.08277113 80 400000.0
	4270.00423142 90 400000.0
	3770.12923751 20 450000.0
	7356.87795819 30 450000.0
	5317.90360372 40 450000.0
	4784.13418007 50 450000.0
	4546.105193 60 450000.0
	4417.19367261 70 450000.0
	4339.16431384 80 450000.0
	4288.26442425 90 450000.0
	3748.89999201 20 500000.0
	8070.56278715 30 500000.0
	5481.52793172 40 500000.0
	4864.64534023 50 500000.0
	4595.22172563 60 500000.0
	4450.51696877 70 500000.0
	4363.29507626 80 500000.0
	4306.53498763 90 500000.0
