
	374642.923466 20 50000.0
	438510.987867 30 50000.0
	501306.77676 40 50000.0
	564080.804524 50 50000.0
	628069.020741 60 50000.0
	695245.225961 70 50000.0
	767884.365773 80 50000.0
	847903.712996 90 50000.0
	-4034.77783003 20 100000.0
	435303.413529 30 100000.0
	499068.274457 40 100000.0
	562387.128267 50 100000.0
	626720.116726 60 100000.0
	694131.749466 70 100000.0
	766941.067341 80 100000.0
	847088.917881 90 100000.0
	-4261.5756004 20 150000.0
	431985.799206 30 150000.0
	496803.337294 40 150000.0
	560684.521136 50 150000.0
	625367.802755 60 150000.0
	693016.988013 70 150000.0
	765997.398301 80 150000.0
	846274.169473 90 150000.0
	-4486.00835297 20 200000.0
	428545.689173 30 200000.0
	494510.947952 40 200000.0
	558972.868471 50 200000.0
	624012.083163 60 200000.0
	691900.960649 70 200000.0
	765053.375708 80 200000.0
	845459.48087 90 200000.0
	-4708.1188308 20 250000.0
	424968.336036 30 250000.0
	492190.03501 40 250000.0
	557252.056478 50 250000.0
	622652.963947 60 250000.0
	690783.687211 70 250000.0
	764109.016948 80 250000.0
	844644.865302 90 250000.0
	-4927.94851186 20 300000.0
	421236.076408 30 300000.0
	489839.468943 40 300000.0
	555521.972323 50 300000.0
	621290.452782 60 300000.0
	689665.188316 70 300000.0
	763164.339734 80 300000.0
	843830.336125 90 300000.0
	-5145.53766161 20 350000.0
	417327.470658 30 350000.0
	487458.057768 40 350000.0
	553782.504237 50 350000.0
	619924.559039 60 350000.0
	688545.485358 70 350000.0
	762219.362095 80 350000.0
	843015.906817 90 350000.0
	-5360.92538281 20 400000.0
	413216.087946 30 400000.0
	485044.542319 40 400000.0
	552033.541622 50 400000.0
	618555.293798 60 400000.0
	687424.60049 70 400000.0
	761274.102371 80 400000.0
	842201.590973 90 400000.0
	-5574.14966268 20 450000.0
	408868.740086 30 450000.0
	482597.591121 40 450000.0
	550274.975175 50 450000.0
	617182.669861 60 450000.0
	686302.556622 70 450000.0
	760328.5792 80 450000.0
	841387.402296 90 450000.0
	-5785.24741757 20 500000.0
	404242.824919 30 500000.0
	480115.794813 40 500000.0
	548506.697012 50 500000.0
	615806.701772 60 500000.0
	685179.37741 70 500000.0
	759382.811513 80 500000.0
	840573.354596 90 500000.0
