
	453375.026576 20 50000.0
	560203.279264 30 50000.0
	665014.187686 40 50000.0
	769467.72413 50 50000.0
	874976.441134 60 50000.0
	983586.45745 70 50000.0
	1097607.33241 80 50000.0
	1218974.82193 90 50000.0
 
	-2629.18274754 20 100000.0
	554904.523483 30 100000.0
	661494.364983 40 100000.0
	766935.460736 50 100000.0
	873066.639614 60 100000.0
	982101.501364 70 100000.0
	1096429.42329 80 100000.0
	1218028.55137 90 100000.0
 
	-2155.18195463 20 150000.0
	549442.065785 30 150000.0
	657938.740366 40 150000.0
	764393.262918 50 150000.0
	871154.467487 60 150000.0
	980616.749291 70 150000.0
	1095252.61925 80 150000.0
	1217083.65729 90 150000.0
 
	-1680.12470797 20 200000.0
	543797.776393 30 200000.0
	654346.145838 40 200000.0
	761841.142036 50 200000.0
	869240.03196 60 200000.0
	979132.289784 70 200000.0
	1094076.98413 80 200000.0
	1216140.18514 90 200000.0
 
	-1204.03628229 20 250000.0
	537950.159724 30 250000.0
	650715.34621 40 250000.0
	759279.111605 50 250000.0
	867323.441628 60 250000.0
	977648.211445 70 250000.0
	1092902.58138 80 250000.0
	1215198.1799 90 250000.0
 
	-726.941142637 20 300000.0
	531873.439395 30 300000.0
	647045.034158 40 300000.0
	756707.187413 50 300000.0
	865404.806468 60 300000.0
	976164.602899 70 300000.0
	1091729.47406 80 300000.0
	1214257.68611 90 300000.0
 
	-248.862979178 20 350000.0
	525536.298859 30 350000.0
	643333.824886 40 350000.0
	754125.387644 50 350000.0
	863484.237833 60 350000.0
	974681.552777 70 350000.0
	1090557.72482 80 350000.0
	1213318.74784 90 350000.0
 
	230.175259843 20 400000.0
	518900.104855 30 400000.0
	639580.250374 40 400000.0
	751533.733017 50 400000.0
	861561.84844 60 400000.0
	973199.149695 70 400000.0
	1089387.39588 80 400000.0
	1212381.40867 90 400000.0
 
	710.15133696 20 450000.0
	511916.328077 30 450000.0
	635782.753185 40 450000.0
	748932.246931 50 450000.0
	859637.752359 60 450000.0
	971717.482235 70 450000.0
	1088218.54903 80 450000.0
	1211445.71173 90 450000.0
 
	1191.04369597 20 500000.0
	504522.668218 30 500000.0
	631939.6798 40 500000.0
	746320.955628 50 500000.0
	857712.065001 60 500000.0
	970236.638918 70 500000.0
	1087051.24563 80 500000.0
	1210511.69966 90 500000.0
 
