
	0.0162892444767 20 50000.0
	0.0238279808732 30 50000.0
	0.0308730191537 40 50000.0
	0.0374652882553 50 50000.0
	0.043732306412 60 50000.0
	0.0498196450878 70 50000.0
	0.055863485624 80 50000.0
	0.0619702270409 90 50000.0
	0.103372536227 20 100000.0
	0.0243342276802 30 100000.0
	0.0312472475878 40 100000.0
	0.0377659669705 50 100000.0
	0.0439856214607 60 100000.0
	0.0500395165435 70 100000.0
	0.0560584286733 80 100000.0
	0.0621458489423 90 100000.0
	0.10346090091 20 150000.0
	0.024853432371 30 150000.0
	0.031622354004 40 150000.0
	0.0380651836462 50 150000.0
	0.0442371473126 60 150000.0
	0.0502576332059 70 150000.0
	0.0562517477114 80 150000.0
	0.0623199943294 90 150000.0
	0.103548781257 20 200000.0
	0.0253882865117 30 200000.0
	0.0319986458778 40 200000.0
	0.0383630342448 50 200000.0
	0.0444869458058 60 200000.0
	0.0504740414447 70 200000.0
	0.0564434794906 80 200000.0
	0.062492693136 90 200000.0
	0.103636187798 20 250000.0
	0.0259421507922 30 250000.0
	0.0323764533416 40 250000.0
	0.0386596170857 50 250000.0
	0.0447350791952 60 250000.0
	0.0506887875732 70 250000.0
	0.0566336605765 80 250000.0
	0.0626639750845 90 250000.0
	0.103723130729 20 300000.0
	0.0265192907538 30 300000.0
	0.0327561320024 40 300000.0
	0.0389550329201 50 300000.0
	0.0449816101538 60 300000.0
	0.0509019178457 70 300000.0
	0.0568223273464 80 300000.0
	0.0628338696852 90 300000.0
	0.103809619921 20 350000.0
	0.0271252145391 30 350000.0
	0.0331380656959 40 350000.0
	0.0392493850015 50 350000.0
	0.0452266017726 60 350000.0
	0.0511134784543 70 350000.0
	0.0570095159881 80 350000.0
	0.0630024062371 90 350000.0
	0.103895664939 20 400000.0
	0.0277671732368 30 400000.0
	0.0335226694079 40 400000.0
	0.0395427791529 50 400000.0
	0.045470117558 60 400000.0
	0.0513235155246 70 400000.0
	0.0571952624981 80 400000.0
	0.0631696138268 90 400000.0
	0.103981275053 20 450000.0
	0.02845492603 30 450000.0
	0.0339103924519 40 450000.0
	0.0398353238301 50 450000.0
	0.0457122214265 60 450000.0
	0.0515320751104 70 450000.0
	0.0573796026787 80 450000.0
	0.063335521328 90 450000.0
	0.104066459249 20 500000.0
	0.0292019533542 30 500000.0
	0.0343017219624 40 500000.0
	0.0401271301796 50 500000.0
	0.0459529776983 60 500000.0
	0.0517392031885 70 500000.0
	0.0575625721366 80 500000.0
	0.0635001574012 90 500000.0
