	9.8771601676e-07 20 50000.0
	1.52073724486e-06 30 50000.0
	1.98269722611e-06 40 50000.0
	2.40039967416e-06 50 50000.0
	2.78555366183e-06 60 50000.0
	3.14548411257e-06 70 50000.0
	3.48520838572e-06 80 50000.0
	3.80833658288e-06 90 50000.0
	1.38115542877e-05 20 100000.0
	1.52462351462e-06 30 100000.0
	1.988459452e-06 40 100000.0
	2.40589036252e-06 50 100000.0
	2.79038342445e-06 60 100000.0
	3.14964407022e-06 70 100000.0
	3.48877850477e-06 80 100000.0
	3.81140834503e-06 90 100000.0
	1.38664316091e-05 20 150000.0
	1.52905445706e-06 30 150000.0
	1.99451106926e-06 40 150000.0
	2.41154506093e-06 50 150000.0
	2.79531531152e-06 60 150000.0
	3.15387280089e-06 70 150000.0
	3.49239790825e-06 80 150000.0
	3.81451720518e-06 90 150000.0
	1.39211614075e-05 20 200000.0
	1.53409212082e-06 30 200000.0
	2.00086511912e-06 40 200000.0
	2.41736737529e-06 50 200000.0
	2.80035050498e-06 60 200000.0
	3.15817072566e-06 70 200000.0
	3.49606674416e-06 80 200000.0
	3.8176632045e-06 90 200000.0
	1.39757471631e-05 20 250000.0
	1.53981019435e-06 30 250000.0
	2.00753546751e-06 40 250000.0
	2.42336099541e-06 50 250000.0
	2.80549019121e-06 60 250000.0
	3.16253826168e-06 70 250000.0
	3.49978515703e-06 80 250000.0
	3.82084638191e-06 90 250000.0
	1.40301922448e-05 20 300000.0
	1.54629727074e-06 30 300000.0
	2.01453687255e-06 40 300000.0
	2.42952969587e-06 50 300000.0
	2.81073556044e-06 60 300000.0
	3.16697582184e-06 70 300000.0
	3.50355328782e-06 80 300000.0
	3.82406677399e-06 90 300000.0
	1.40844999154e-05 20 350000.0
	1.55366138365e-06 30 350000.0
	2.02188505901e-06 40 350000.0
	2.43587733687e-06 50 350000.0
	2.81608780597e-06 60 350000.0
	3.17148381451e-06 70 350000.0
	3.50737127382e-06 80 350000.0
	3.82732441499e-06 90 350000.0
	1.4138673336e-05 20 400000.0
	1.56203646956e-06 30 400000.0
	2.02959680094e-06 40 400000.0
	2.44240786506e-06 50 400000.0
	2.82154812354e-06 60 400000.0
	3.17606264321e-06 70 400000.0
	3.51123924852e-06 80 400000.0
	3.83061933675e-06 90 400000.0
	1.41927155704e-05 20 450000.0
	1.57159184766e-06 30 450000.0
	2.03769001305e-06 40 450000.0
	2.44912531424e-06 50 450000.0
	2.82711771055e-06 60 450000.0
	3.18071270635e-06 70 450000.0
	3.51515734151e-06 80 450000.0
	3.83395156868e-06 90 450000.0
	1.42466295893e-05 20 500000.0
	1.58254661695e-06 30 500000.0
	2.04618385247e-06 40 500000.0
	2.45603380599e-06 50 500000.0
	2.83279776535e-06 60 500000.0
	3.18543439692e-06 70 500000.0
	3.5191256784e-06 80 500000.0
	3.83732113773e-06 90 500000.0
