
	0.635064961113 20 50000.0
	0.410872368547 30 50000.0
	0.305422947666 40 50000.0
	0.243442961685 50 50000.0
	0.202505051977 60 50000.0
	0.173405654619 70 50000.0
	0.151642454602 80 50000.0
	0.134745063134 90 50000.0
 
	71.1442443459 20 100000.0
	0.836112641754 30 100000.0
	0.615664636612 40 100000.0
	0.488882010393 50 100000.0
	0.405932256838 60 100000.0
	0.347258694154 70 100000.0
	0.303500861847 80 100000.0
	0.269585644053 90 100000.0
 
	71.2117605851 20 150000.0
	1.27707106967 30 150000.0
	0.930894124695 40 150000.0
	0.736345424786 50 150000.0
	0.610285347106 60 150000.0
	0.521558151974 70 150000.0
	0.455573641529 80 150000.0
	0.404520393698 90 150000.0
 
	71.2787931733 20 200000.0
	1.73532649017 30 200000.0
	1.25128884404 40 200000.0
	0.985861399051 50 200000.0
	0.81556772375 60 200000.0
	0.696302874071 70 200000.0
	0.60785911674 80 200000.0
	0.539547911983 90 200000.0
 
	71.3453511838 20 250000.0
	2.21274530574 30 250000.0
	1.57703522615 40 250000.0
	1.23745802186 50 250000.0
	1.02178244948 60 250000.0
	0.871491519097 70 250000.0
	0.760355514964 80 250000.0
	0.674666748752 90 250000.0
 
	71.4114434072 20 300000.0
	2.71156137403 30 300000.0
	1.90832938764 40 300000.0
	1.49116325405 50 300000.0
	1.22893224208 60 300000.0
	1.04712255848 70 300000.0
	0.913060969213 80 300000.0
	0.809875404743 90 300000.0
 
	71.4770783642 20 350000.0
	3.23448655549 30 350000.0
	2.24537788311 40 350000.0
	1.74700490503 50 350000.0
	1.43701946781 60 350000.0
	1.22319427662 70 350000.0
	1.06597351919 80 350000.0
	0.945172332554 90 350000.0
 
	71.542264317 20 400000.0
	3.78486749177 30 400000.0
	2.58839853283 40 400000.0
	2.00501060777 50 400000.0
	1.6460461348 60 400000.0
	1.39970477116 70 400000.0
	1.21909111247 80 400000.0
	1.08055593762 90 400000.0
 
	71.60700928 20 450000.0
	4.36691443992 30 450000.0
	2.93762133314 40 450000.0
	2.2652077924 50 450000.0
	1.85601388663 60 450000.0
	1.57665195341 70 450000.0
	1.37241160574 80 450000.0
	1.21602457917 90 450000.0
 
	71.6713210304 20 500000.0
	4.9860468819 30 500000.0
	3.29328945867 40 500000.0
	2.52762365815 50 500000.0
	2.06692399592 60 500000.0
	1.75403354875 70 500000.0
	1.52593276601 80 500000.0
	1.35157657125 90 500000.0
 
