
	25085.754838 20 50000.0
	29422.8422023 30 50000.0
	32438.700455 40 50000.0
	34769.4207155 50 50000.0
	36692.5288655 60 50000.0
	38365.9175349 70 50000.0
	39887.4896517 80 50000.0
	41316.0602017 90 50000.0
	-129.646198811 20 100000.0
	26455.8207903 30 100000.0
	29523.687839 40 100000.0
	31876.6534054 50 100000.0
	33811.181953 60 100000.0
	35491.149027 70 100000.0
	37016.8348975 80 100000.0
	38448.1408101 90 100000.0
	-141.069352732 20 150000.0
	24670.7240876 30 150000.0
	27794.4372348 40 150000.0
	30170.239406 50 150000.0
	32116.3285735 60 150000.0
	33802.9142639 70 150000.0
	35332.7260631 80 150000.0
	36766.7705786 90 150000.0
	-152.406518722 20 200000.0
	23366.2582844 30 200000.0
	26550.1741689 40 200000.0
	28949.4316445 50 200000.0
	30907.2234763 60 200000.0
	32600.4677122 70 200000.0
	34134.4172844 80 200000.0
	35571.2034258 90 200000.0
	-163.659258612 20 250000.0
	22322.1653451 30 250000.0
	25571.2626936 40 250000.0
	27994.6232119 50 250000.0
	29964.2615617 60 250000.0
	31664.203969 70 250000.0
	33202.3028219 80 250000.0
	34641.8333937 90 250000.0
	-174.829087868 20 300000.0
	21439.8418376 30 300000.0
	24759.8529598 40 300000.0
	27207.995057 50 300000.0
	29189.6255733 60 300000.0
	30896.3054532 70 300000.0
	32438.5647523 80 300000.0
	33880.84234 90 300000.0
	-185.917477518 20 350000.0
	20666.1504048 30 350000.0
	24063.7324115 40 350000.0
	26537.367312 50 350000.0
	28531.1374209 60 350000.0
	30244.5937288 70 350000.0
	31791.0242914 80 350000.0
	33236.051261 90 350000.0
	-196.925855971 20 400000.0
	19968.757158 30 400000.0
	23451.7194439 40 400000.0
	25951.5930924 50 400000.0
	27957.6519776 60 400000.0
	29677.9233011 70 400000.0
	31228.5355911 80 400000.0
	32676.3140883 90 400000.0
	-207.855610752 20 450000.0
	19326.072922 30 450000.0
	22903.6866612 40 450000.0
	25430.5819073 50 450000.0
	27449.0804871 60 450000.0
	29176.2050247 70 450000.0
	30731.0091472 80 450000.0
	32181.5410968 90 450000.0
	-218.708090133 20 500000.0
	18722.4457473 30 500000.0
	22405.8770869 40 500000.0
	24960.6160338 50 500000.0
	26991.7069349 60 500000.0
	28725.7224741 70 500000.0
	30284.7281701 80 500000.0
	31738.0152757 90 500000.0
