
	10639.4581718 15 12867.7284758
	10774.7845587 16 12867.7284758
	10956.5869722 17 12867.7284758
	11184.3244652 18 12867.7284758
	11465.2393108 19 12867.7284758
	11813.2535199 20 12867.7284758
	12247.5517372 21 12867.7284758
	12792.315787 22 12867.7284758
	13478.249882 23 12867.7284758
	14346.4319334 24 12867.7284758
	15455.61493 25 12867.7284758
	16895.6848419 26 12867.7284758
	18813.8350313 27 12867.7284758
	21470.4146448 28 12867.7284758
	25373.9841838 29 12867.7284758
	31669.4262636 30 12867.7284758
	43587.1235475 31 12867.7284758
	75153.7427674 32 12867.7284758
	10639.4581718 15 27654.9555158
	10774.7845587 16 27654.9555158
	10956.5869722 17 27654.9555158
	11184.3244652 18 27654.9555158
	11465.2393108 19 27654.9555158
	11813.2535199 20 27654.9555158
	12247.5517372 21 27654.9555158
	12792.315787 22 27654.9555158
	13478.249882 23 27654.9555158
	14346.4319334 24 27654.9555158
	15455.61493 25 27654.9555158
	16895.6848419 26 27654.9555158
	18813.8350313 27 27654.9555158
	21470.4146448 28 27654.9555158
	25373.9841838 29 27654.9555158
	31669.4262636 30 27654.9555158
	43587.1235475 31 27654.9555158
	75153.7427674 32 27654.9555158
	10639.4581718 15 46988.3429898
	10774.7845587 16 46988.3429898
	10956.5869722 17 46988.3429898
	11184.3244652 18 46988.3429898
	11465.2393108 19 46988.3429898
	11813.2535199 20 46988.3429898
	12247.5517372 21 46988.3429898
	12792.315787 22 46988.3429898
	13478.249882 23 46988.3429898
	14346.4319334 24 46988.3429898
	15455.61493 25 46988.3429898
	16895.6848419 26 46988.3429898
	18813.8350313 27 46988.3429898
	21470.4146448 28 46988.3429898
	25373.9841838 29 46988.3429898
	31669.4262636 30 46988.3429898
	43587.1235475 31 46988.3429898
	75153.7427674 32 46988.3429898
	10639.4581718 15 71618.6700037
	10774.7845587 16 71618.6700037
	10956.5869722 17 71618.6700037
	11184.3244652 18 71618.6700037
	11465.2393108 19 71618.6700037
	11813.2535199 20 71618.6700037
	12247.5517372 21 71618.6700037
	12792.315787 22 71618.6700037
	13478.249882 23 71618.6700037
	14346.4319334 24 71618.6700037
	15455.61493 25 71618.6700037
	16895.6848419 26 71618.6700037
	18813.8350313 27 71618.6700037
	21470.4146448 28 71618.6700037
	25373.9841838 29 71618.6700037
	31669.4262636 30 71618.6700037
	43587.1235475 31 71618.6700037
	75153.7427674 32 71618.6700037
	10639.4581718 15 102317.291853
	10774.7845587 16 102317.291853
	10956.5869722 17 102317.291853
	11184.3244652 18 102317.291853
	11465.2393108 19 102317.291853
	11813.2535199 20 102317.291853
	12247.5517372 21 102317.291853
	12792.315787 22 102317.291853
	13478.249882 23 102317.291853
	14346.4319334 24 102317.291853
	15455.61493 25 102317.291853
	16895.6848419 26 102317.291853
	18813.8350313 27 102317.291853
	21470.4146448 28 102317.291853
	25373.9841838 29 102317.291853
	31669.4262636 30 102317.291853
	43587.1235475 31 102317.291853
	75153.7427674 32 102317.291853
	10639.4581718 15 139871.095625
	10774.7845587 16 139871.095625
	10956.5869722 17 139871.095625
	11184.3244652 18 139871.095625
	11465.2393108 19 139871.095625
	11813.2535199 20 139871.095625
	12247.5517372 21 139871.095625
	12792.315787 22 139871.095625
	13478.249882 23 139871.095625
	14346.4319334 24 139871.095625
	15455.61493 25 139871.095625
	16895.6848419 26 139871.095625
	18813.8350313 27 139871.095625
	21470.4146448 28 139871.095625
	25373.9841838 29 139871.095625
	31669.4262636 30 139871.095625
	43587.1235475 31 139871.095625
	75153.7427674 32 139871.095625
	10639.4581718 15 185079.09658
	10774.7845587 16 185079.09658
	10956.5869722 17 185079.09658
	11184.3244652 18 185079.09658
	11465.2393108 19 185079.09658
	11813.2535199 20 185079.09658
	12247.5517372 21 185079.09658
	12792.315787 22 185079.09658
	13478.249882 23 185079.09658
	14346.4319334 24 185079.09658
	15455.61493 25 185079.09658
	16895.6848419 26 185079.09658
	18813.8350313 27 185079.09658
	21470.4146448 28 185079.09658
	25373.9841838 29 185079.09658
	31669.4262636 30 185079.09658
	43587.1235475 31 185079.09658
	75153.7427674 32 185079.09658
	10639.4581718 15 238750.954275
	10774.7845587 16 238750.954275
	10956.5869722 17 238750.954275
	11184.3244652 18 238750.954275
	11465.2393108 19 238750.954275
	11813.2535199 20 238750.954275
	12247.5517372 21 238750.954275
	12792.315787 22 238750.954275
	13478.249882 23 238750.954275
	14346.4319334 24 238750.954275
	15455.61493 25 238750.954275
	16895.6848419 26 238750.954275
	18813.8350313 27 238750.954275
	21470.4146448 28 238750.954275
	25373.9841838 29 238750.954275
	31669.4262636 30 238750.954275
	43587.1235475 31 238750.954275
	75153.7427674 32 238750.954275
	10639.4581718 15 301707.742329
	10774.7845587 16 301707.742329
	10956.5869722 17 301707.742329
	11184.3244652 18 301707.742329
	11465.2393108 19 301707.742329
	11813.2535199 20 301707.742329
	12247.5517372 21 301707.742329
	12792.315787 22 301707.742329
	13478.249882 23 301707.742329
	14346.4319334 24 301707.742329
	15455.61493 25 301707.742329
	16895.6848419 26 301707.742329
	18813.8350313 27 301707.742329
	21470.4146448 28 301707.742329
	25373.9841838 29 301707.742329
	31669.4262636 30 301707.742329
	43587.1235475 31 301707.742329
	75153.7427674 32 301707.742329
	10639.4581718 15 374785.393765
	10774.7845587 16 374785.393765
	10956.5869722 17 374785.393765
	11184.3244652 18 374785.393765
	11465.2393108 19 374785.393765
	11813.2535199 20 374785.393765
	12247.5517372 21 374785.393765
	12792.315787 22 374785.393765
	13478.249882 23 374785.393765
	14346.4319334 24 374785.393765
	15455.61493 25 374785.393765
	16895.6848419 26 374785.393765
	18813.8350313 27 374785.393765
	21470.4146448 28 374785.393765
	25373.9841838 29 374785.393765
	31669.4262636 30 374785.393765
	43587.1235475 31 374785.393765
	75153.7427674 32 374785.393765
	10639.4581718 15 458841.448339
	10774.7845587 16 458841.448339
	10956.5869722 17 458841.448339
	11184.3244652 18 458841.448339
	11465.2393108 19 458841.448339
	11813.2535199 20 458841.448339
	12247.5517372 21 458841.448339
	12792.315787 22 458841.448339
	13478.249882 23 458841.448339
	14346.4319334 24 458841.448339
	15455.61493 25 458841.448339
	16895.6848419 26 458841.448339
	18813.8350313 27 458841.448339
	21470.4146448 28 458841.448339
	25373.9841838 29 458841.448339
	31669.4262636 30 458841.448339
	43587.1235475 31 458841.448339
	75153.7427674 32 458841.448339
	10639.4581718 15 554766.22248
	10774.7845587 16 554766.22248
	10956.5869722 17 554766.22248
	11184.3244652 18 554766.22248
	11465.2393108 19 554766.22248
	11813.2535199 20 554766.22248
	12247.5517372 21 554766.22248
	12792.315787 22 554766.22248
	13478.249882 23 554766.22248
	14346.4319334 24 554766.22248
	15455.61493 25 554766.22248
	16895.6848419 26 554766.22248
	18813.8350313 27 554766.22248
	21470.4146448 28 554766.22248
	25373.9841838 29 554766.22248
	31669.4262636 30 554766.22248
	43587.1235475 31 554766.22248
	75153.7427674 32 554766.22248
	10639.4581718 15 663500.731221
	10774.7845587 16 663500.731221
	10956.5869722 17 663500.731221
	11184.3244652 18 663500.731221
	11465.2393108 19 663500.731221
	11813.2535199 20 663500.731221
	12247.5517372 21 663500.731221
	12792.315787 22 663500.731221
	13478.249882 23 663500.731221
	14346.4319334 24 663500.731221
	15455.61493 25 663500.731221
	16895.6848419 26 663500.731221
	18813.8350313 27 663500.731221
	21470.4146448 28 663500.731221
	25373.9841838 29 663500.731221
	31669.4262636 30 663500.731221
	43587.1235475 31 663500.731221
	75153.7427674 32 663500.731221
	10639.4581718 15 786066.838275
	10774.7845587 16 786066.838275
	10956.5869722 17 786066.838275
	11184.3244652 18 786066.838275
	11465.2393108 19 786066.838275
	11813.2535199 20 786066.838275
	12247.5517372 21 786066.838275
	12792.315787 22 786066.838275
	13478.249882 23 786066.838275
	14346.4319334 24 786066.838275
	15455.61493 25 786066.838275
	16895.6848419 26 786066.838275
	18813.8350313 27 786066.838275
	21470.4146448 28 786066.838275
	25373.9841838 29 786066.838275
	31669.4262636 30 786066.838275
	43587.1235475 31 786066.838275
	75153.7427674 32 786066.838275
	10639.4581718 15 923624.384563
	10774.7845587 16 923624.384563
	10956.5869722 17 923624.384563
	11184.3244652 18 923624.384563
	11465.2393108 19 923624.384563
	11813.2535199 20 923624.384563
	12247.5517372 21 923624.384563
	12792.315787 22 923624.384563
	13478.249882 23 923624.384563
	14346.4319334 24 923624.384563
	15455.61493 25 923624.384563
	16895.6848419 26 923624.384563
	18813.8350313 27 923624.384563
	21470.4146448 28 923624.384563
	25373.9841838 29 923624.384563
	31669.4262636 30 923624.384563
	43587.1235475 31 923624.384563
	75153.7427674 32 923624.384563
	10639.4581718 15 1077604.15848
	10774.7845587 16 1077604.15848
	10956.5869722 17 1077604.15848
	11184.3244652 18 1077604.15848
	11465.2393108 19 1077604.15848
	11813.2535199 20 1077604.15848
	12247.5517372 21 1077604.15848
	12792.315787 22 1077604.15848
	13478.249882 23 1077604.15848
	14346.4319334 24 1077604.15848
	15455.61493 25 1077604.15848
	16895.6848419 26 1077604.15848
	18813.8350313 27 1077604.15848
	21470.4146448 28 1077604.15848
	25373.9841838 29 1077604.15848
	31669.4262636 30 1077604.15848
	43587.1235475 31 1077604.15848
	75153.7427674 32 1077604.15848
