
	1112911.61619 15 12867.7284758
	1123511.97822 16 12867.7284758
	1134049.46138 17 12867.7284758
	1144538.87427 18 12867.7284758
	1154991.39993 19 12867.7284758
	1165416.68287 20 12867.7284758
	1175822.64895 21 12867.7284758
	1186215.34227 22 12867.7284758
	1196599.07532 23 12867.7284758
	1206976.75518 24 12867.7284758
	1217350.24287 25 12867.7284758
	1227720.66923 26 12867.7284758
	1238088.68164 27 12867.7284758
	1248454.62313 28 12867.7284758
	1258818.65544 29 12867.7284758
	1269180.83999 30 12867.7284758
	1279541.18901 31 12867.7284758
	1289899.69628 32 12867.7284758
	658293.451274 15 185428.153148
	665859.255905 16 185428.153148
	673781.129855 17 185428.153148
	682098.698568 18 185428.153148
	690853.69964 19 185428.153148
	700094.335227 20 185428.153148
	709878.234184 21 185428.153148
	720276.675676 22 185428.153148
	1168420.0631 23 185428.153148
	1181007.65401 24 185428.153148
	1193134.39983 25 185428.153148
	1204955.58869 26 185428.153148
	1216566.2613 27 185428.153148
	1228026.06345 28 185428.153148
	1239373.1859 29 185428.153148
	1250632.55625 30 185428.153148
	1261820.79402 31 185428.153148
	1272949.26306 32 185428.153148
	660171.443604 15 357988.57782
	667711.707581 16 357988.57782
	675599.378155 17 357988.57782
	683873.418917 18 357988.57782
	692574.135595 19 357988.57782
	701747.282613 20 357988.57782
	711446.667171 21 357988.57782
	721737.688721 22 357988.57782
	732703.288743 23 357988.57782
	744454.271188 24 357988.57782
	757148.068311 25 357988.57782
	1174919.80358 26 357988.57782
	1189667.91712 27 357988.57782
	1203489.6347 28 357988.57782
	1216706.16314 29 357988.57782
	1229503.41553 30 357988.57782
	1241995.58606 31 357988.57782
	1254256.01748 32 357988.57782
	662050.17127 15 530549.002492
	669565.915424 16 530549.002492
	677420.755386 17 530549.002492
	685653.086441 18 530549.002492
	694301.951968 19 530549.002492
	703410.938023 20 530549.002492
	713030.487274 21 530549.002492
	723220.890707 22 530549.002492
	734057.197789 23 530549.002492
	745637.511951 24 530549.002492
	758097.534654 25 530549.002492
	771637.956321 26 530549.002492
	786582.028487 27 530549.002492
	1170973.78283 28 530549.002492
	1188483.61479 29 530549.002492
	1204303.40159 30 530549.002492
	1219076.27096 31 530549.002492
	1233144.24396 32 530549.002492
	663929.546072 15 703109.427165
	671421.735094 16 703109.427165
	679245.036338 17 703109.427165
	687437.358275 18 703109.427165
	696036.630598 19 703109.427165
	705084.514035 20 703109.427165
	714628.478376 21 703109.427165
	724724.353259 22 703109.427165
	735440.41527 23 703109.427165
	746864.126402 24 703109.427165
	759113.56605 25 703109.427165
	772358.017025 26 703109.427165
	786858.603987 27 703109.427165
	803059.956104 28 703109.427165
	821844.044185 29 703109.427165
	1171347.10296 30 703109.427165
	1190986.14193 31 703109.427165
	1208351.0442 32 703109.427165
	665809.486132 15 875669.851837
	673279.032618 16 875669.851837
	681072.012581 17 875669.851837
	689225.91871 18 875669.851837
	697777.697755 19 875669.851837
	706767.297437 20 875669.851837
	716239.552066 21 875669.851837
	726246.376792 22 875669.851837
	736850.198056 23 875669.851837
	748129.481274 24 875669.851837
	760187.831743 25 875669.851837
	773169.739813 26 875669.851837
	787290.018191 27 875669.851837
	802895.225675 28 875669.851837
	820614.032668 29 875669.851837
	841834.371833 30 875669.851837
	1151640.19259 31 875669.851837
	1177004.8259 32 875669.851837
	667689.915368 15 1048230.27651
	675137.6835 16 1048230.27651
	682901.490928 17 1048230.27651
	691018.476493 18 1048230.27651
	699524.71929 19 1048230.27651
	708458.64023 20 1048230.27651
	717862.730289 21 1048230.27651
	727785.455322 22 1048230.27651
	738284.159022 23 1048230.27651
	749429.639548 24 1048230.27651
	761313.479447 25 1048230.27651
	774060.27669 26 1048230.27651
	787849.443533 27 1048230.27651
	802957.790393 28 1048230.27651
	819854.051429 29 1048230.27651
	839452.966184 30 1048230.27651
	864070.023705 31 1048230.27651
	1128681.18412 32 1048230.27651
