
	656416.289377 15 12867.7284758
	664092.654138 16 12867.7284758
	672163.766255 17 12867.7284758
	680673.218364 18 12867.7284758
	689665.474584 19 12867.7284758
	699189.089728 20 12867.7284758
	709297.871657 21 12867.7284758
	720052.223187 22 12867.7284758
	731521.468159 23 12867.7284758
	743787.657424 24 12867.7284758
	756951.57868 25 12867.7284758
	771142.364818 26 12867.7284758
	786533.549167 27 12867.7284758
	803371.779953 28 12867.7284758
	822033.180096 29 12867.7284758
	843149.171266 30 12867.7284758
	867946.754477 31 12867.7284758
	899529.42174 32 12867.7284758
	656416.289377 15 27654.9555158
	664092.654138 16 27654.9555158
	672163.766255 17 27654.9555158
	680673.218364 18 27654.9555158
	689665.474584 19 27654.9555158
	699189.089728 20 27654.9555158
	709297.871657 21 27654.9555158
	720052.223187 22 27654.9555158
	731521.468159 23 27654.9555158
	743787.657424 24 27654.9555158
	756951.57868 25 27654.9555158
	771142.364818 26 27654.9555158
	786533.549167 27 27654.9555158
	803371.779953 28 27654.9555158
	822033.180096 29 27654.9555158
	843149.171266 30 27654.9555158
	867946.754477 31 27654.9555158
	899529.42174 32 27654.9555158
	656416.289377 15 46988.3429898
	664092.654138 16 46988.3429898
	672163.766255 17 46988.3429898
	680673.218364 18 46988.3429898
	689665.474584 19 46988.3429898
	699189.089728 20 46988.3429898
	709297.871657 21 46988.3429898
	720052.223187 22 46988.3429898
	731521.468159 23 46988.3429898
	743787.657424 24 46988.3429898
	756951.57868 25 46988.3429898
	771142.364818 26 46988.3429898
	786533.549167 27 46988.3429898
	803371.779953 28 46988.3429898
	822033.180096 29 46988.3429898
	843149.171266 30 46988.3429898
	867946.754477 31 46988.3429898
	899529.42174 32 46988.3429898
	656416.289377 15 71618.6700037
	664092.654138 16 71618.6700037
	672163.766255 17 71618.6700037
	680673.218364 18 71618.6700037
	689665.474584 19 71618.6700037
	699189.089728 20 71618.6700037
	709297.871657 21 71618.6700037
	720052.223187 22 71618.6700037
	731521.468159 23 71618.6700037
	743787.657424 24 71618.6700037
	756951.57868 25 71618.6700037
	771142.364818 26 71618.6700037
	786533.549167 27 71618.6700037
	803371.779953 28 71618.6700037
	822033.180096 29 71618.6700037
	843149.171266 30 71618.6700037
	867946.754477 31 71618.6700037
	899529.42174 32 71618.6700037
	656416.289377 15 102317.291853
	664092.654138 16 102317.291853
	672163.766255 17 102317.291853
	680673.218364 18 102317.291853
	689665.474584 19 102317.291853
	699189.089728 20 102317.291853
	709297.871657 21 102317.291853
	720052.223187 22 102317.291853
	731521.468159 23 102317.291853
	743787.657424 24 102317.291853
	756951.57868 25 102317.291853
	771142.364818 26 102317.291853
	786533.549167 27 102317.291853
	803371.779953 28 102317.291853
	822033.180096 29 102317.291853
	843149.171266 30 102317.291853
	867946.754477 31 102317.291853
	899529.42174 32 102317.291853
	656416.289377 15 139871.095625
	664092.654138 16 139871.095625
	672163.766255 17 139871.095625
	680673.218364 18 139871.095625
	689665.474584 19 139871.095625
	699189.089728 20 139871.095625
	709297.871657 21 139871.095625
	720052.223187 22 139871.095625
	731521.468159 23 139871.095625
	743787.657424 24 139871.095625
	756951.57868 25 139871.095625
	771142.364818 26 139871.095625
	786533.549167 27 139871.095625
	803371.779953 28 139871.095625
	822033.180096 29 139871.095625
	843149.171266 30 139871.095625
	867946.754477 31 139871.095625
	899529.42174 32 139871.095625
	656416.289377 15 185079.09658
	664092.654138 16 185079.09658
	672163.766255 17 185079.09658
	680673.218364 18 185079.09658
	689665.474584 19 185079.09658
	699189.089728 20 185079.09658
	709297.871657 21 185079.09658
	720052.223187 22 185079.09658
	731521.468159 23 185079.09658
	743787.657424 24 185079.09658
	756951.57868 25 185079.09658
	771142.364818 26 185079.09658
	786533.549167 27 185079.09658
	803371.779953 28 185079.09658
	822033.180096 29 185079.09658
	843149.171266 30 185079.09658
	867946.754477 31 185079.09658
	899529.42174 32 185079.09658
	656416.289377 15 238750.954275
	664092.654138 16 238750.954275
	672163.766255 17 238750.954275
	680673.218364 18 238750.954275
	689665.474584 19 238750.954275
	699189.089728 20 238750.954275
	709297.871657 21 238750.954275
	720052.223187 22 238750.954275
	731521.468159 23 238750.954275
	743787.657424 24 238750.954275
	756951.57868 25 238750.954275
	771142.364818 26 238750.954275
	786533.549167 27 238750.954275
	803371.779953 28 238750.954275
	822033.180096 29 238750.954275
	843149.171266 30 238750.954275
	867946.754477 31 238750.954275
	899529.42174 32 238750.954275
	656416.289377 15 301707.742329
	664092.654138 16 301707.742329
	672163.766255 17 301707.742329
	680673.218364 18 301707.742329
	689665.474584 19 301707.742329
	699189.089728 20 301707.742329
	709297.871657 21 301707.742329
	720052.223187 22 301707.742329
	731521.468159 23 301707.742329
	743787.657424 24 301707.742329
	756951.57868 25 301707.742329
	771142.364818 26 301707.742329
	786533.549167 27 301707.742329
	803371.779953 28 301707.742329
	822033.180096 29 301707.742329
	843149.171266 30 301707.742329
	867946.754477 31 301707.742329
	899529.42174 32 301707.742329
	656416.289377 15 374785.393765
	664092.654138 16 374785.393765
	672163.766255 17 374785.393765
	680673.218364 18 374785.393765
	689665.474584 19 374785.393765
	699189.089728 20 374785.393765
	709297.871657 21 374785.393765
	720052.223187 22 374785.393765
	731521.468159 23 374785.393765
	743787.657424 24 374785.393765
	756951.57868 25 374785.393765
	771142.364818 26 374785.393765
	786533.549167 27 374785.393765
	803371.779953 28 374785.393765
	822033.180096 29 374785.393765
	843149.171266 30 374785.393765
	867946.754477 31 374785.393765
	899529.42174 32 374785.393765
	656416.289377 15 458841.448339
	664092.654138 16 458841.448339
	672163.766255 17 458841.448339
	680673.218364 18 458841.448339
	689665.474584 19 458841.448339
	699189.089728 20 458841.448339
	709297.871657 21 458841.448339
	720052.223187 22 458841.448339
	731521.468159 23 458841.448339
	743787.657424 24 458841.448339
	756951.57868 25 458841.448339
	771142.364818 26 458841.448339
	786533.549167 27 458841.448339
	803371.779953 28 458841.448339
	822033.180096 29 458841.448339
	843149.171266 30 458841.448339
	867946.754477 31 458841.448339
	899529.42174 32 458841.448339
	656416.289377 15 554766.22248
	664092.654138 16 554766.22248
	672163.766255 17 554766.22248
	680673.218364 18 554766.22248
	689665.474584 19 554766.22248
	699189.089728 20 554766.22248
	709297.871657 21 554766.22248
	720052.223187 22 554766.22248
	731521.468159 23 554766.22248
	743787.657424 24 554766.22248
	756951.57868 25 554766.22248
	771142.364818 26 554766.22248
	786533.549167 27 554766.22248
	803371.779953 28 554766.22248
	822033.180096 29 554766.22248
	843149.171266 30 554766.22248
	867946.754477 31 554766.22248
	899529.42174 32 554766.22248
	656416.289377 15 663500.731221
	664092.654138 16 663500.731221
	672163.766255 17 663500.731221
	680673.218364 18 663500.731221
	689665.474584 19 663500.731221
	699189.089728 20 663500.731221
	709297.871657 21 663500.731221
	720052.223187 22 663500.731221
	731521.468159 23 663500.731221
	743787.657424 24 663500.731221
	756951.57868 25 663500.731221
	771142.364818 26 663500.731221
	786533.549167 27 663500.731221
	803371.779953 28 663500.731221
	822033.180096 29 663500.731221
	843149.171266 30 663500.731221
	867946.754477 31 663500.731221
	899529.42174 32 663500.731221
	656416.289377 15 786066.838275
	664092.654138 16 786066.838275
	672163.766255 17 786066.838275
	680673.218364 18 786066.838275
	689665.474584 19 786066.838275
	699189.089728 20 786066.838275
	709297.871657 21 786066.838275
	720052.223187 22 786066.838275
	731521.468159 23 786066.838275
	743787.657424 24 786066.838275
	756951.57868 25 786066.838275
	771142.364818 26 786066.838275
	786533.549167 27 786066.838275
	803371.779953 28 786066.838275
	822033.180096 29 786066.838275
	843149.171266 30 786066.838275
	867946.754477 31 786066.838275
	899529.42174 32 786066.838275
	656416.289377 15 923624.384563
	664092.654138 16 923624.384563
	672163.766255 17 923624.384563
	680673.218364 18 923624.384563
	689665.474584 19 923624.384563
	699189.089728 20 923624.384563
	709297.871657 21 923624.384563
	720052.223187 22 923624.384563
	731521.468159 23 923624.384563
	743787.657424 24 923624.384563
	756951.57868 25 923624.384563
	771142.364818 26 923624.384563
	786533.549167 27 923624.384563
	803371.779953 28 923624.384563
	822033.180096 29 923624.384563
	843149.171266 30 923624.384563
	867946.754477 31 923624.384563
	899529.42174 32 923624.384563
	656416.289377 15 1077604.15848
	664092.654138 16 1077604.15848
	672163.766255 17 1077604.15848
	680673.218364 18 1077604.15848
	689665.474584 19 1077604.15848
	699189.089728 20 1077604.15848
	709297.871657 21 1077604.15848
	720052.223187 22 1077604.15848
	731521.468159 23 1077604.15848
	743787.657424 24 1077604.15848
	756951.57868 25 1077604.15848
	771142.364818 26 1077604.15848
	786533.549167 27 1077604.15848
	803371.779953 28 1077604.15848
	822033.180096 29 1077604.15848
	843149.171266 30 1077604.15848
	867946.754477 31 1077604.15848
	899529.42174 32 1077604.15848
