
	1112911.61619 15 12867.7284758
	1121752.56356 16 12867.7284758
	1130099.82875 17 12867.7284758
	1137864.70568 18 12867.7284758
	1144951.42161 19 12867.7284758
	1151261.89531 20 12867.7284758
	1156698.36301 21 12867.7284758
	1161162.89922 22 12867.7284758
	1164553.85857 23 12867.7284758
	1166759.38819 24 12867.7284758
	1167647.68144 25 12867.7284758
	1167052.60427 26 12867.7284758
	1164751.31471 27 12867.7284758
	1160426.11298 28 12867.7284758
	1153591.65524 29 12867.7284758
	1143435.32346 30 12867.7284758
	1128392.85928 31 12867.7284758
	1104593.34291 32 12867.7284758
	1112911.61619 15 27654.9555158
	1121752.56356 16 27654.9555158
	1130099.82875 17 27654.9555158
	1137864.70568 18 27654.9555158
	1144951.42161 19 27654.9555158
	1151261.89531 20 27654.9555158
	1156698.36301 21 27654.9555158
	1161162.89922 22 27654.9555158
	1164553.85857 23 27654.9555158
	1166759.38819 24 27654.9555158
	1167647.68144 25 27654.9555158
	1167052.60427 26 27654.9555158
	1164751.31471 27 27654.9555158
	1160426.11298 28 27654.9555158
	1153591.65524 29 27654.9555158
	1143435.32346 30 27654.9555158
	1128392.85928 31 27654.9555158
	1104593.34291 32 27654.9555158
	1112911.61619 15 46988.3429898
	1121752.56356 16 46988.3429898
	1130099.82875 17 46988.3429898
	1137864.70568 18 46988.3429898
	1144951.42161 19 46988.3429898
	1151261.89531 20 46988.3429898
	1156698.36301 21 46988.3429898
	1161162.89922 22 46988.3429898
	1164553.85857 23 46988.3429898
	1166759.38819 24 46988.3429898
	1167647.68144 25 46988.3429898
	1167052.60427 26 46988.3429898
	1164751.31471 27 46988.3429898
	1160426.11298 28 46988.3429898
	1153591.65524 29 46988.3429898
	1143435.32346 30 46988.3429898
	1128392.85928 31 46988.3429898
	1104593.34291 32 46988.3429898
	1112911.61619 15 71618.6700037
	1121752.56356 16 71618.6700037
	1130099.82875 17 71618.6700037
	1137864.70568 18 71618.6700037
	1144951.42161 19 71618.6700037
	1151261.89531 20 71618.6700037
	1156698.36301 21 71618.6700037
	1161162.89922 22 71618.6700037
	1164553.85857 23 71618.6700037
	1166759.38819 24 71618.6700037
	1167647.68144 25 71618.6700037
	1167052.60427 26 71618.6700037
	1164751.31471 27 71618.6700037
	1160426.11298 28 71618.6700037
	1153591.65524 29 71618.6700037
	1143435.32346 30 71618.6700037
	1128392.85928 31 71618.6700037
	1104593.34291 32 71618.6700037
	1112911.61619 15 102317.291853
	1121752.56356 16 102317.291853
	1130099.82875 17 102317.291853
	1137864.70568 18 102317.291853
	1144951.42161 19 102317.291853
	1151261.89531 20 102317.291853
	1156698.36301 21 102317.291853
	1161162.89922 22 102317.291853
	1164553.85857 23 102317.291853
	1166759.38819 24 102317.291853
	1167647.68144 25 102317.291853
	1167052.60427 26 102317.291853
	1164751.31471 27 102317.291853
	1160426.11298 28 102317.291853
	1153591.65524 29 102317.291853
	1143435.32346 30 102317.291853
	1128392.85928 31 102317.291853
	1104593.34291 32 102317.291853
	1112911.61619 15 139871.095625
	1121752.56356 16 139871.095625
	1130099.82875 17 139871.095625
	1137864.70568 18 139871.095625
	1144951.42161 19 139871.095625
	1151261.89531 20 139871.095625
	1156698.36301 21 139871.095625
	1161162.89922 22 139871.095625
	1164553.85857 23 139871.095625
	1166759.38819 24 139871.095625
	1167647.68144 25 139871.095625
	1167052.60427 26 139871.095625
	1164751.31471 27 139871.095625
	1160426.11298 28 139871.095625
	1153591.65524 29 139871.095625
	1143435.32346 30 139871.095625
	1128392.85928 31 139871.095625
	1104593.34291 32 139871.095625
	1112911.61619 15 185079.09658
	1121752.56356 16 185079.09658
	1130099.82875 17 185079.09658
	1137864.70568 18 185079.09658
	1144951.42161 19 185079.09658
	1151261.89531 20 185079.09658
	1156698.36301 21 185079.09658
	1161162.89922 22 185079.09658
	1164553.85857 23 185079.09658
	1166759.38819 24 185079.09658
	1167647.68144 25 185079.09658
	1167052.60427 26 185079.09658
	1164751.31471 27 185079.09658
	1160426.11298 28 185079.09658
	1153591.65524 29 185079.09658
	1143435.32346 30 185079.09658
	1128392.85928 31 185079.09658
	1104593.34291 32 185079.09658
	1112911.61619 15 238750.954275
	1121752.56356 16 238750.954275
	1130099.82875 17 238750.954275
	1137864.70568 18 238750.954275
	1144951.42161 19 238750.954275
	1151261.89531 20 238750.954275
	1156698.36301 21 238750.954275
	1161162.89922 22 238750.954275
	1164553.85857 23 238750.954275
	1166759.38819 24 238750.954275
	1167647.68144 25 238750.954275
	1167052.60427 26 238750.954275
	1164751.31471 27 238750.954275
	1160426.11298 28 238750.954275
	1153591.65524 29 238750.954275
	1143435.32346 30 238750.954275
	1128392.85928 31 238750.954275
	1104593.34291 32 238750.954275
	1112911.61619 15 301707.742329
	1121752.56356 16 301707.742329
	1130099.82875 17 301707.742329
	1137864.70568 18 301707.742329
	1144951.42161 19 301707.742329
	1151261.89531 20 301707.742329
	1156698.36301 21 301707.742329
	1161162.89922 22 301707.742329
	1164553.85857 23 301707.742329
	1166759.38819 24 301707.742329
	1167647.68144 25 301707.742329
	1167052.60427 26 301707.742329
	1164751.31471 27 301707.742329
	1160426.11298 28 301707.742329
	1153591.65524 29 301707.742329
	1143435.32346 30 301707.742329
	1128392.85928 31 301707.742329
	1104593.34291 32 301707.742329
	1112911.61619 15 374785.393765
	1121752.56356 16 374785.393765
	1130099.82875 17 374785.393765
	1137864.70568 18 374785.393765
	1144951.42161 19 374785.393765
	1151261.89531 20 374785.393765
	1156698.36301 21 374785.393765
	1161162.89922 22 374785.393765
	1164553.85857 23 374785.393765
	1166759.38819 24 374785.393765
	1167647.68144 25 374785.393765
	1167052.60427 26 374785.393765
	1164751.31471 27 374785.393765
	1160426.11298 28 374785.393765
	1153591.65524 29 374785.393765
	1143435.32346 30 374785.393765
	1128392.85928 31 374785.393765
	1104593.34291 32 374785.393765
	1112911.61619 15 458841.448339
	1121752.56356 16 458841.448339
	1130099.82875 17 458841.448339
	1137864.70568 18 458841.448339
	1144951.42161 19 458841.448339
	1151261.89531 20 458841.448339
	1156698.36301 21 458841.448339
	1161162.89922 22 458841.448339
	1164553.85857 23 458841.448339
	1166759.38819 24 458841.448339
	1167647.68144 25 458841.448339
	1167052.60427 26 458841.448339
	1164751.31471 27 458841.448339
	1160426.11298 28 458841.448339
	1153591.65524 29 458841.448339
	1143435.32346 30 458841.448339
	1128392.85928 31 458841.448339
	1104593.34291 32 458841.448339
	1112911.61619 15 554766.22248
	1121752.56356 16 554766.22248
	1130099.82875 17 554766.22248
	1137864.70568 18 554766.22248
	1144951.42161 19 554766.22248
	1151261.89531 20 554766.22248
	1156698.36301 21 554766.22248
	1161162.89922 22 554766.22248
	1164553.85857 23 554766.22248
	1166759.38819 24 554766.22248
	1167647.68144 25 554766.22248
	1167052.60427 26 554766.22248
	1164751.31471 27 554766.22248
	1160426.11298 28 554766.22248
	1153591.65524 29 554766.22248
	1143435.32346 30 554766.22248
	1128392.85928 31 554766.22248
	1104593.34291 32 554766.22248
	1112911.61619 15 663500.731221
	1121752.56356 16 663500.731221
	1130099.82875 17 663500.731221
	1137864.70568 18 663500.731221
	1144951.42161 19 663500.731221
	1151261.89531 20 663500.731221
	1156698.36301 21 663500.731221
	1161162.89922 22 663500.731221
	1164553.85857 23 663500.731221
	1166759.38819 24 663500.731221
	1167647.68144 25 663500.731221
	1167052.60427 26 663500.731221
	1164751.31471 27 663500.731221
	1160426.11298 28 663500.731221
	1153591.65524 29 663500.731221
	1143435.32346 30 663500.731221
	1128392.85928 31 663500.731221
	1104593.34291 32 663500.731221
	1112911.61619 15 786066.838275
	1121752.56356 16 786066.838275
	1130099.82875 17 786066.838275
	1137864.70568 18 786066.838275
	1144951.42161 19 786066.838275
	1151261.89531 20 786066.838275
	1156698.36301 21 786066.838275
	1161162.89922 22 786066.838275
	1164553.85857 23 786066.838275
	1166759.38819 24 786066.838275
	1167647.68144 25 786066.838275
	1167052.60427 26 786066.838275
	1164751.31471 27 786066.838275
	1160426.11298 28 786066.838275
	1153591.65524 29 786066.838275
	1143435.32346 30 786066.838275
	1128392.85928 31 786066.838275
	1104593.34291 32 786066.838275
	1112911.61619 15 923624.384563
	1121752.56356 16 923624.384563
	1130099.82875 17 923624.384563
	1137864.70568 18 923624.384563
	1144951.42161 19 923624.384563
	1151261.89531 20 923624.384563
	1156698.36301 21 923624.384563
	1161162.89922 22 923624.384563
	1164553.85857 23 923624.384563
	1166759.38819 24 923624.384563
	1167647.68144 25 923624.384563
	1167052.60427 26 923624.384563
	1164751.31471 27 923624.384563
	1160426.11298 28 923624.384563
	1153591.65524 29 923624.384563
	1143435.32346 30 923624.384563
	1128392.85928 31 923624.384563
	1104593.34291 32 923624.384563
	1112911.61619 15 1077604.15848
	1121752.56356 16 1077604.15848
	1130099.82875 17 1077604.15848
	1137864.70568 18 1077604.15848
	1144951.42161 19 1077604.15848
	1151261.89531 20 1077604.15848
	1156698.36301 21 1077604.15848
	1161162.89922 22 1077604.15848
	1164553.85857 23 1077604.15848
	1166759.38819 24 1077604.15848
	1167647.68144 25 1077604.15848
	1167052.60427 26 1077604.15848
	1164751.31471 27 1077604.15848
	1160426.11298 28 1077604.15848
	1153591.65524 29 1077604.15848
	1143435.32346 30 1077604.15848
	1128392.85928 31 1077604.15848
	1104593.34291 32 1077604.15848
