
	0.0116911988788 15 12867.7284758
	0.012699209478 16 12867.7284758
	0.0137445225001 17 12867.7284758
	0.0148362162422 18 12867.7284758
	0.0159837765323 19 12867.7284758
	0.0171973031416 20 12867.7284758
	0.0184878801687 21 12867.7284758
	0.0198681983031 22 12867.7284758
	0.0213535853738 23 12867.7284758
	0.0229637241293 24 12867.7284758
	0.0247255702905 25 12867.7284758
	0.026678459995 26 12867.7284758
	0.0288834335152 27 12867.7284758
	0.0314412704204 28 12867.7284758
	0.0345303384473 29 12867.7284758
	0.0384963123743 30 12867.7284758
	0.0441117796813 31 12867.7284758
	0.0536635844021 32 12867.7284758
	0.0116911988788 15 27654.9555158
	0.012699209478 16 27654.9555158
	0.0137445225001 17 27654.9555158
	0.0148362162422 18 27654.9555158
	0.0159837765323 19 27654.9555158
	0.0171973031416 20 27654.9555158
	0.0184878801687 21 27654.9555158
	0.0198681983031 22 27654.9555158
	0.0213535853738 23 27654.9555158
	0.0229637241293 24 27654.9555158
	0.0247255702905 25 27654.9555158
	0.026678459995 26 27654.9555158
	0.0288834335152 27 27654.9555158
	0.0314412704204 28 27654.9555158
	0.0345303384473 29 27654.9555158
	0.0384963123743 30 27654.9555158
	0.0441117796813 31 27654.9555158
	0.0536635844021 32 27654.9555158
	0.0116911988788 15 46988.3429898
	0.012699209478 16 46988.3429898
	0.0137445225001 17 46988.3429898
	0.0148362162422 18 46988.3429898
	0.0159837765323 19 46988.3429898
	0.0171973031416 20 46988.3429898
	0.0184878801687 21 46988.3429898
	0.0198681983031 22 46988.3429898
	0.0213535853738 23 46988.3429898
	0.0229637241293 24 46988.3429898
	0.0247255702905 25 46988.3429898
	0.026678459995 26 46988.3429898
	0.0288834335152 27 46988.3429898
	0.0314412704204 28 46988.3429898
	0.0345303384473 29 46988.3429898
	0.0384963123743 30 46988.3429898
	0.0441117796813 31 46988.3429898
	0.0536635844021 32 46988.3429898
	0.0116911988788 15 71618.6700037
	0.012699209478 16 71618.6700037
	0.0137445225001 17 71618.6700037
	0.0148362162422 18 71618.6700037
	0.0159837765323 19 71618.6700037
	0.0171973031416 20 71618.6700037
	0.0184878801687 21 71618.6700037
	0.0198681983031 22 71618.6700037
	0.0213535853738 23 71618.6700037
	0.0229637241293 24 71618.6700037
	0.0247255702905 25 71618.6700037
	0.026678459995 26 71618.6700037
	0.0288834335152 27 71618.6700037
	0.0314412704204 28 71618.6700037
	0.0345303384473 29 71618.6700037
	0.0384963123743 30 71618.6700037
	0.0441117796813 31 71618.6700037
	0.0536635844021 32 71618.6700037
	0.0116911988788 15 102317.291853
	0.012699209478 16 102317.291853
	0.0137445225001 17 102317.291853
	0.0148362162422 18 102317.291853
	0.0159837765323 19 102317.291853
	0.0171973031416 20 102317.291853
	0.0184878801687 21 102317.291853
	0.0198681983031 22 102317.291853
	0.0213535853738 23 102317.291853
	0.0229637241293 24 102317.291853
	0.0247255702905 25 102317.291853
	0.026678459995 26 102317.291853
	0.0288834335152 27 102317.291853
	0.0314412704204 28 102317.291853
	0.0345303384473 29 102317.291853
	0.0384963123743 30 102317.291853
	0.0441117796813 31 102317.291853
	0.0536635844021 32 102317.291853
	0.0116911988788 15 139871.095625
	0.012699209478 16 139871.095625
	0.0137445225001 17 139871.095625
	0.0148362162422 18 139871.095625
	0.0159837765323 19 139871.095625
	0.0171973031416 20 139871.095625
	0.0184878801687 21 139871.095625
	0.0198681983031 22 139871.095625
	0.0213535853738 23 139871.095625
	0.0229637241293 24 139871.095625
	0.0247255702905 25 139871.095625
	0.026678459995 26 139871.095625
	0.0288834335152 27 139871.095625
	0.0314412704204 28 139871.095625
	0.0345303384473 29 139871.095625
	0.0384963123743 30 139871.095625
	0.0441117796813 31 139871.095625
	0.0536635844021 32 139871.095625
	0.0116911988788 15 185079.09658
	0.012699209478 16 185079.09658
	0.0137445225001 17 185079.09658
	0.0148362162422 18 185079.09658
	0.0159837765323 19 185079.09658
	0.0171973031416 20 185079.09658
	0.0184878801687 21 185079.09658
	0.0198681983031 22 185079.09658
	0.0213535853738 23 185079.09658
	0.0229637241293 24 185079.09658
	0.0247255702905 25 185079.09658
	0.026678459995 26 185079.09658
	0.0288834335152 27 185079.09658
	0.0314412704204 28 185079.09658
	0.0345303384473 29 185079.09658
	0.0384963123743 30 185079.09658
	0.0441117796813 31 185079.09658
	0.0536635844021 32 185079.09658
	0.0116911988788 15 238750.954275
	0.012699209478 16 238750.954275
	0.0137445225001 17 238750.954275
	0.0148362162422 18 238750.954275
	0.0159837765323 19 238750.954275
	0.0171973031416 20 238750.954275
	0.0184878801687 21 238750.954275
	0.0198681983031 22 238750.954275
	0.0213535853738 23 238750.954275
	0.0229637241293 24 238750.954275
	0.0247255702905 25 238750.954275
	0.026678459995 26 238750.954275
	0.0288834335152 27 238750.954275
	0.0314412704204 28 238750.954275
	0.0345303384473 29 238750.954275
	0.0384963123743 30 238750.954275
	0.0441117796813 31 238750.954275
	0.0536635844021 32 238750.954275
	0.0116911988788 15 301707.742329
	0.012699209478 16 301707.742329
	0.0137445225001 17 301707.742329
	0.0148362162422 18 301707.742329
	0.0159837765323 19 301707.742329
	0.0171973031416 20 301707.742329
	0.0184878801687 21 301707.742329
	0.0198681983031 22 301707.742329
	0.0213535853738 23 301707.742329
	0.0229637241293 24 301707.742329
	0.0247255702905 25 301707.742329
	0.026678459995 26 301707.742329
	0.0288834335152 27 301707.742329
	0.0314412704204 28 301707.742329
	0.0345303384473 29 301707.742329
	0.0384963123743 30 301707.742329
	0.0441117796813 31 301707.742329
	0.0536635844021 32 301707.742329
	0.0116911988788 15 374785.393765
	0.012699209478 16 374785.393765
	0.0137445225001 17 374785.393765
	0.0148362162422 18 374785.393765
	0.0159837765323 19 374785.393765
	0.0171973031416 20 374785.393765
	0.0184878801687 21 374785.393765
	0.0198681983031 22 374785.393765
	0.0213535853738 23 374785.393765
	0.0229637241293 24 374785.393765
	0.0247255702905 25 374785.393765
	0.026678459995 26 374785.393765
	0.0288834335152 27 374785.393765
	0.0314412704204 28 374785.393765
	0.0345303384473 29 374785.393765
	0.0384963123743 30 374785.393765
	0.0441117796813 31 374785.393765
	0.0536635844021 32 374785.393765
	0.0116911988788 15 458841.448339
	0.012699209478 16 458841.448339
	0.0137445225001 17 458841.448339
	0.0148362162422 18 458841.448339
	0.0159837765323 19 458841.448339
	0.0171973031416 20 458841.448339
	0.0184878801687 21 458841.448339
	0.0198681983031 22 458841.448339
	0.0213535853738 23 458841.448339
	0.0229637241293 24 458841.448339
	0.0247255702905 25 458841.448339
	0.026678459995 26 458841.448339
	0.0288834335152 27 458841.448339
	0.0314412704204 28 458841.448339
	0.0345303384473 29 458841.448339
	0.0384963123743 30 458841.448339
	0.0441117796813 31 458841.448339
	0.0536635844021 32 458841.448339
	0.0116911988788 15 554766.22248
	0.012699209478 16 554766.22248
	0.0137445225001 17 554766.22248
	0.0148362162422 18 554766.22248
	0.0159837765323 19 554766.22248
	0.0171973031416 20 554766.22248
	0.0184878801687 21 554766.22248
	0.0198681983031 22 554766.22248
	0.0213535853738 23 554766.22248
	0.0229637241293 24 554766.22248
	0.0247255702905 25 554766.22248
	0.026678459995 26 554766.22248
	0.0288834335152 27 554766.22248
	0.0314412704204 28 554766.22248
	0.0345303384473 29 554766.22248
	0.0384963123743 30 554766.22248
	0.0441117796813 31 554766.22248
	0.0536635844021 32 554766.22248
	0.0116911988788 15 663500.731221
	0.012699209478 16 663500.731221
	0.0137445225001 17 663500.731221
	0.0148362162422 18 663500.731221
	0.0159837765323 19 663500.731221
	0.0171973031416 20 663500.731221
	0.0184878801687 21 663500.731221
	0.0198681983031 22 663500.731221
	0.0213535853738 23 663500.731221
	0.0229637241293 24 663500.731221
	0.0247255702905 25 663500.731221
	0.026678459995 26 663500.731221
	0.0288834335152 27 663500.731221
	0.0314412704204 28 663500.731221
	0.0345303384473 29 663500.731221
	0.0384963123743 30 663500.731221
	0.0441117796813 31 663500.731221
	0.0536635844021 32 663500.731221
	0.0116911988788 15 786066.838275
	0.012699209478 16 786066.838275
	0.0137445225001 17 786066.838275
	0.0148362162422 18 786066.838275
	0.0159837765323 19 786066.838275
	0.0171973031416 20 786066.838275
	0.0184878801687 21 786066.838275
	0.0198681983031 22 786066.838275
	0.0213535853738 23 786066.838275
	0.0229637241293 24 786066.838275
	0.0247255702905 25 786066.838275
	0.026678459995 26 786066.838275
	0.0288834335152 27 786066.838275
	0.0314412704204 28 786066.838275
	0.0345303384473 29 786066.838275
	0.0384963123743 30 786066.838275
	0.0441117796813 31 786066.838275
	0.0536635844021 32 786066.838275
	0.0116911988788 15 923624.384563
	0.012699209478 16 923624.384563
	0.0137445225001 17 923624.384563
	0.0148362162422 18 923624.384563
	0.0159837765323 19 923624.384563
	0.0171973031416 20 923624.384563
	0.0184878801687 21 923624.384563
	0.0198681983031 22 923624.384563
	0.0213535853738 23 923624.384563
	0.0229637241293 24 923624.384563
	0.0247255702905 25 923624.384563
	0.026678459995 26 923624.384563
	0.0288834335152 27 923624.384563
	0.0314412704204 28 923624.384563
	0.0345303384473 29 923624.384563
	0.0384963123743 30 923624.384563
	0.0441117796813 31 923624.384563
	0.0536635844021 32 923624.384563
	0.0116911988788 15 1077604.15848
	0.012699209478 16 1077604.15848
	0.0137445225001 17 1077604.15848
	0.0148362162422 18 1077604.15848
	0.0159837765323 19 1077604.15848
	0.0171973031416 20 1077604.15848
	0.0184878801687 21 1077604.15848
	0.0198681983031 22 1077604.15848
	0.0213535853738 23 1077604.15848
	0.0229637241293 24 1077604.15848
	0.0247255702905 25 1077604.15848
	0.026678459995 26 1077604.15848
	0.0288834335152 27 1077604.15848
	0.0314412704204 28 1077604.15848
	0.0345303384473 29 1077604.15848
	0.0384963123743 30 1077604.15848
	0.0441117796813 31 1077604.15848
	0.0536635844021 32 1077604.15848
