
	76.159877481 15 12867.7284758
	75.2780193606 16 12867.7284758
	74.3575062064 17 12867.7284758
	73.3901199585 18 12867.7284758
	72.3692859803 19 12867.7284758
	71.2890130175 20 12867.7284758
	70.1430920482 21 12867.7284758
	68.9244506377 22 12867.7284758
	67.6245166194 23 12867.7284758
	66.2324452984 24 12867.7284758
	64.7340334255 25 12867.7284758
	63.1100414798 26 12867.7284758
	61.3333998639 27 12867.7284758
	59.3641829497 28 12867.7284758
	57.1396760829 29 12867.7284758
	54.5520911162 30 12867.7284758
	51.388219502 31 12867.7284758
	47.1033940215 32 12867.7284758
	76.159877481 15 27654.9555158
	75.2780193606 16 27654.9555158
	74.3575062064 17 27654.9555158
	73.3901199585 18 27654.9555158
	72.3692859803 19 27654.9555158
	71.2890130175 20 27654.9555158
	70.1430920482 21 27654.9555158
	68.9244506377 22 27654.9555158
	67.6245166194 23 27654.9555158
	66.2324452984 24 27654.9555158
	64.7340334255 25 27654.9555158
	63.1100414798 26 27654.9555158
	61.3333998639 27 27654.9555158
	59.3641829497 28 27654.9555158
	57.1396760829 29 27654.9555158
	54.5520911162 30 27654.9555158
	51.388219502 31 27654.9555158
	47.1033940215 32 27654.9555158
	76.159877481 15 46988.3429898
	75.2780193606 16 46988.3429898
	74.3575062064 17 46988.3429898
	73.3901199585 18 46988.3429898
	72.3692859803 19 46988.3429898
	71.2890130175 20 46988.3429898
	70.1430920482 21 46988.3429898
	68.9244506377 22 46988.3429898
	67.6245166194 23 46988.3429898
	66.2324452984 24 46988.3429898
	64.7340334255 25 46988.3429898
	63.1100414798 26 46988.3429898
	61.3333998639 27 46988.3429898
	59.3641829497 28 46988.3429898
	57.1396760829 29 46988.3429898
	54.5520911162 30 46988.3429898
	51.388219502 31 46988.3429898
	47.1033940215 32 46988.3429898
	76.159877481 15 71618.6700037
	75.2780193606 16 71618.6700037
	74.3575062064 17 71618.6700037
	73.3901199585 18 71618.6700037
	72.3692859803 19 71618.6700037
	71.2890130175 20 71618.6700037
	70.1430920482 21 71618.6700037
	68.9244506377 22 71618.6700037
	67.6245166194 23 71618.6700037
	66.2324452984 24 71618.6700037
	64.7340334255 25 71618.6700037
	63.1100414798 26 71618.6700037
	61.3333998639 27 71618.6700037
	59.3641829497 28 71618.6700037
	57.1396760829 29 71618.6700037
	54.5520911162 30 71618.6700037
	51.388219502 31 71618.6700037
	47.1033940215 32 71618.6700037
	76.159877481 15 102317.291853
	75.2780193606 16 102317.291853
	74.3575062064 17 102317.291853
	73.3901199585 18 102317.291853
	72.3692859803 19 102317.291853
	71.2890130175 20 102317.291853
	70.1430920482 21 102317.291853
	68.9244506377 22 102317.291853
	67.6245166194 23 102317.291853
	66.2324452984 24 102317.291853
	64.7340334255 25 102317.291853
	63.1100414798 26 102317.291853
	61.3333998639 27 102317.291853
	59.3641829497 28 102317.291853
	57.1396760829 29 102317.291853
	54.5520911162 30 102317.291853
	51.388219502 31 102317.291853
	47.1033940215 32 102317.291853
	76.159877481 15 139871.095625
	75.2780193606 16 139871.095625
	74.3575062064 17 139871.095625
	73.3901199585 18 139871.095625
	72.3692859803 19 139871.095625
	71.2890130175 20 139871.095625
	70.1430920482 21 139871.095625
	68.9244506377 22 139871.095625
	67.6245166194 23 139871.095625
	66.2324452984 24 139871.095625
	64.7340334255 25 139871.095625
	63.1100414798 26 139871.095625
	61.3333998639 27 139871.095625
	59.3641829497 28 139871.095625
	57.1396760829 29 139871.095625
	54.5520911162 30 139871.095625
	51.388219502 31 139871.095625
	47.1033940215 32 139871.095625
	76.159877481 15 185079.09658
	75.2780193606 16 185079.09658
	74.3575062064 17 185079.09658
	73.3901199585 18 185079.09658
	72.3692859803 19 185079.09658
	71.2890130175 20 185079.09658
	70.1430920482 21 185079.09658
	68.9244506377 22 185079.09658
	67.6245166194 23 185079.09658
	66.2324452984 24 185079.09658
	64.7340334255 25 185079.09658
	63.1100414798 26 185079.09658
	61.3333998639 27 185079.09658
	59.3641829497 28 185079.09658
	57.1396760829 29 185079.09658
	54.5520911162 30 185079.09658
	51.388219502 31 185079.09658
	47.1033940215 32 185079.09658
	76.159877481 15 238750.954275
	75.2780193606 16 238750.954275
	74.3575062064 17 238750.954275
	73.3901199585 18 238750.954275
	72.3692859803 19 238750.954275
	71.2890130175 20 238750.954275
	70.1430920482 21 238750.954275
	68.9244506377 22 238750.954275
	67.6245166194 23 238750.954275
	66.2324452984 24 238750.954275
	64.7340334255 25 238750.954275
	63.1100414798 26 238750.954275
	61.3333998639 27 238750.954275
	59.3641829497 28 238750.954275
	57.1396760829 29 238750.954275
	54.5520911162 30 238750.954275
	51.388219502 31 238750.954275
	47.1033940215 32 238750.954275
	76.159877481 15 301707.742329
	75.2780193606 16 301707.742329
	74.3575062064 17 301707.742329
	73.3901199585 18 301707.742329
	72.3692859803 19 301707.742329
	71.2890130175 20 301707.742329
	70.1430920482 21 301707.742329
	68.9244506377 22 301707.742329
	67.6245166194 23 301707.742329
	66.2324452984 24 301707.742329
	64.7340334255 25 301707.742329
	63.1100414798 26 301707.742329
	61.3333998639 27 301707.742329
	59.3641829497 28 301707.742329
	57.1396760829 29 301707.742329
	54.5520911162 30 301707.742329
	51.388219502 31 301707.742329
	47.1033940215 32 301707.742329
	76.159877481 15 374785.393765
	75.2780193606 16 374785.393765
	74.3575062064 17 374785.393765
	73.3901199585 18 374785.393765
	72.3692859803 19 374785.393765
	71.2890130175 20 374785.393765
	70.1430920482 21 374785.393765
	68.9244506377 22 374785.393765
	67.6245166194 23 374785.393765
	66.2324452984 24 374785.393765
	64.7340334255 25 374785.393765
	63.1100414798 26 374785.393765
	61.3333998639 27 374785.393765
	59.3641829497 28 374785.393765
	57.1396760829 29 374785.393765
	54.5520911162 30 374785.393765
	51.388219502 31 374785.393765
	47.1033940215 32 374785.393765
	76.159877481 15 458841.448339
	75.2780193606 16 458841.448339
	74.3575062064 17 458841.448339
	73.3901199585 18 458841.448339
	72.3692859803 19 458841.448339
	71.2890130175 20 458841.448339
	70.1430920482 21 458841.448339
	68.9244506377 22 458841.448339
	67.6245166194 23 458841.448339
	66.2324452984 24 458841.448339
	64.7340334255 25 458841.448339
	63.1100414798 26 458841.448339
	61.3333998639 27 458841.448339
	59.3641829497 28 458841.448339
	57.1396760829 29 458841.448339
	54.5520911162 30 458841.448339
	51.388219502 31 458841.448339
	47.1033940215 32 458841.448339
	76.159877481 15 554766.22248
	75.2780193606 16 554766.22248
	74.3575062064 17 554766.22248
	73.3901199585 18 554766.22248
	72.3692859803 19 554766.22248
	71.2890130175 20 554766.22248
	70.1430920482 21 554766.22248
	68.9244506377 22 554766.22248
	67.6245166194 23 554766.22248
	66.2324452984 24 554766.22248
	64.7340334255 25 554766.22248
	63.1100414798 26 554766.22248
	61.3333998639 27 554766.22248
	59.3641829497 28 554766.22248
	57.1396760829 29 554766.22248
	54.5520911162 30 554766.22248
	51.388219502 31 554766.22248
	47.1033940215 32 554766.22248
	76.159877481 15 663500.731221
	75.2780193606 16 663500.731221
	74.3575062064 17 663500.731221
	73.3901199585 18 663500.731221
	72.3692859803 19 663500.731221
	71.2890130175 20 663500.731221
	70.1430920482 21 663500.731221
	68.9244506377 22 663500.731221
	67.6245166194 23 663500.731221
	66.2324452984 24 663500.731221
	64.7340334255 25 663500.731221
	63.1100414798 26 663500.731221
	61.3333998639 27 663500.731221
	59.3641829497 28 663500.731221
	57.1396760829 29 663500.731221
	54.5520911162 30 663500.731221
	51.388219502 31 663500.731221
	47.1033940215 32 663500.731221
	76.159877481 15 786066.838275
	75.2780193606 16 786066.838275
	74.3575062064 17 786066.838275
	73.3901199585 18 786066.838275
	72.3692859803 19 786066.838275
	71.2890130175 20 786066.838275
	70.1430920482 21 786066.838275
	68.9244506377 22 786066.838275
	67.6245166194 23 786066.838275
	66.2324452984 24 786066.838275
	64.7340334255 25 786066.838275
	63.1100414798 26 786066.838275
	61.3333998639 27 786066.838275
	59.3641829497 28 786066.838275
	57.1396760829 29 786066.838275
	54.5520911162 30 786066.838275
	51.388219502 31 786066.838275
	47.1033940215 32 786066.838275
	76.159877481 15 923624.384563
	75.2780193606 16 923624.384563
	74.3575062064 17 923624.384563
	73.3901199585 18 923624.384563
	72.3692859803 19 923624.384563
	71.2890130175 20 923624.384563
	70.1430920482 21 923624.384563
	68.9244506377 22 923624.384563
	67.6245166194 23 923624.384563
	66.2324452984 24 923624.384563
	64.7340334255 25 923624.384563
	63.1100414798 26 923624.384563
	61.3333998639 27 923624.384563
	59.3641829497 28 923624.384563
	57.1396760829 29 923624.384563
	54.5520911162 30 923624.384563
	51.388219502 31 923624.384563
	47.1033940215 32 923624.384563
	76.159877481 15 1077604.15848
	75.2780193606 16 1077604.15848
	74.3575062064 17 1077604.15848
	73.3901199585 18 1077604.15848
	72.3692859803 19 1077604.15848
	71.2890130175 20 1077604.15848
	70.1430920482 21 1077604.15848
	68.9244506377 22 1077604.15848
	67.6245166194 23 1077604.15848
	66.2324452984 24 1077604.15848
	64.7340334255 25 1077604.15848
	63.1100414798 26 1077604.15848
	61.3333998639 27 1077604.15848
	59.3641829497 28 1077604.15848
	57.1396760829 29 1077604.15848
	54.5520911162 30 1077604.15848
	51.388219502 31 1077604.15848
	47.1033940215 32 1077604.15848
