
	0.212446859203 15 12867.7284758
	0.323267078311 16 12867.7284758
	0.47061917221 17 12867.7284758
	0.660826710273 18 12867.7284758
	0.900694508762 19 12867.7284758
	1.19767833366 20 12867.7284758
	1.56011340871 21 12867.7284758
	1.99752966593 22 12867.7284758
	2.52110021631 23 12867.7284758
	3.14429835801 24 12867.7284758
	3.88389124692 25 12867.7284758
	4.76150400391 26 12867.7284758
	5.80621579722 27 12867.7284758
	7.05918552439 28 12867.7284758
	8.58271832357 29 12867.7284758
	10.4805335538 30 12867.7284758
	12.9527599944 31 12867.7284758
	16.5034818566 32 12867.7284758
	0.212446859203 15 27654.9555158
	0.323267078311 16 27654.9555158
	0.47061917221 17 27654.9555158
	0.660826710273 18 27654.9555158
	0.900694508762 19 27654.9555158
	1.19767833366 20 27654.9555158
	1.56011340871 21 27654.9555158
	1.99752966593 22 27654.9555158
	2.52110021631 23 27654.9555158
	3.14429835801 24 27654.9555158
	3.88389124692 25 27654.9555158
	4.76150400391 26 27654.9555158
	5.80621579722 27 27654.9555158
	7.05918552439 28 27654.9555158
	8.58271832357 29 27654.9555158
	10.4805335538 30 27654.9555158
	12.9527599944 31 27654.9555158
	16.5034818566 32 27654.9555158
	0.212446859203 15 46988.3429898
	0.323267078311 16 46988.3429898
	0.47061917221 17 46988.3429898
	0.660826710273 18 46988.3429898
	0.900694508762 19 46988.3429898
	1.19767833366 20 46988.3429898
	1.56011340871 21 46988.3429898
	1.99752966593 22 46988.3429898
	2.52110021631 23 46988.3429898
	3.14429835801 24 46988.3429898
	3.88389124692 25 46988.3429898
	4.76150400391 26 46988.3429898
	5.80621579722 27 46988.3429898
	7.05918552439 28 46988.3429898
	8.58271832357 29 46988.3429898
	10.4805335538 30 46988.3429898
	12.9527599944 31 46988.3429898
	16.5034818566 32 46988.3429898
	0.212446859203 15 71618.6700037
	0.323267078311 16 71618.6700037
	0.47061917221 17 71618.6700037
	0.660826710273 18 71618.6700037
	0.900694508762 19 71618.6700037
	1.19767833366 20 71618.6700037
	1.56011340871 21 71618.6700037
	1.99752966593 22 71618.6700037
	2.52110021631 23 71618.6700037
	3.14429835801 24 71618.6700037
	3.88389124692 25 71618.6700037
	4.76150400391 26 71618.6700037
	5.80621579722 27 71618.6700037
	7.05918552439 28 71618.6700037
	8.58271832357 29 71618.6700037
	10.4805335538 30 71618.6700037
	12.9527599944 31 71618.6700037
	16.5034818566 32 71618.6700037
	0.212446859203 15 102317.291853
	0.323267078311 16 102317.291853
	0.47061917221 17 102317.291853
	0.660826710273 18 102317.291853
	0.900694508762 19 102317.291853
	1.19767833366 20 102317.291853
	1.56011340871 21 102317.291853
	1.99752966593 22 102317.291853
	2.52110021631 23 102317.291853
	3.14429835801 24 102317.291853
	3.88389124692 25 102317.291853
	4.76150400391 26 102317.291853
	5.80621579722 27 102317.291853
	7.05918552439 28 102317.291853
	8.58271832357 29 102317.291853
	10.4805335538 30 102317.291853
	12.9527599944 31 102317.291853
	16.5034818566 32 102317.291853
	0.212446859203 15 139871.095625
	0.323267078311 16 139871.095625
	0.47061917221 17 139871.095625
	0.660826710273 18 139871.095625
	0.900694508762 19 139871.095625
	1.19767833366 20 139871.095625
	1.56011340871 21 139871.095625
	1.99752966593 22 139871.095625
	2.52110021631 23 139871.095625
	3.14429835801 24 139871.095625
	3.88389124692 25 139871.095625
	4.76150400391 26 139871.095625
	5.80621579722 27 139871.095625
	7.05918552439 28 139871.095625
	8.58271832357 29 139871.095625
	10.4805335538 30 139871.095625
	12.9527599944 31 139871.095625
	16.5034818566 32 139871.095625
	0.212446859203 15 185079.09658
	0.323267078311 16 185079.09658
	0.47061917221 17 185079.09658
	0.660826710273 18 185079.09658
	0.900694508762 19 185079.09658
	1.19767833366 20 185079.09658
	1.56011340871 21 185079.09658
	1.99752966593 22 185079.09658
	2.52110021631 23 185079.09658
	3.14429835801 24 185079.09658
	3.88389124692 25 185079.09658
	4.76150400391 26 185079.09658
	5.80621579722 27 185079.09658
	7.05918552439 28 185079.09658
	8.58271832357 29 185079.09658
	10.4805335538 30 185079.09658
	12.9527599944 31 185079.09658
	16.5034818566 32 185079.09658
	0.212446859203 15 238750.954275
	0.323267078311 16 238750.954275
	0.47061917221 17 238750.954275
	0.660826710273 18 238750.954275
	0.900694508762 19 238750.954275
	1.19767833366 20 238750.954275
	1.56011340871 21 238750.954275
	1.99752966593 22 238750.954275
	2.52110021631 23 238750.954275
	3.14429835801 24 238750.954275
	3.88389124692 25 238750.954275
	4.76150400391 26 238750.954275
	5.80621579722 27 238750.954275
	7.05918552439 28 238750.954275
	8.58271832357 29 238750.954275
	10.4805335538 30 238750.954275
	12.9527599944 31 238750.954275
	16.5034818566 32 238750.954275
	0.212446859203 15 301707.742329
	0.323267078311 16 301707.742329
	0.47061917221 17 301707.742329
	0.660826710273 18 301707.742329
	0.900694508762 19 301707.742329
	1.19767833366 20 301707.742329
	1.56011340871 21 301707.742329
	1.99752966593 22 301707.742329
	2.52110021631 23 301707.742329
	3.14429835801 24 301707.742329
	3.88389124692 25 301707.742329
	4.76150400391 26 301707.742329
	5.80621579722 27 301707.742329
	7.05918552439 28 301707.742329
	8.58271832357 29 301707.742329
	10.4805335538 30 301707.742329
	12.9527599944 31 301707.742329
	16.5034818566 32 301707.742329
	0.212446859203 15 374785.393765
	0.323267078311 16 374785.393765
	0.47061917221 17 374785.393765
	0.660826710273 18 374785.393765
	0.900694508762 19 374785.393765
	1.19767833366 20 374785.393765
	1.56011340871 21 374785.393765
	1.99752966593 22 374785.393765
	2.52110021631 23 374785.393765
	3.14429835801 24 374785.393765
	3.88389124692 25 374785.393765
	4.76150400391 26 374785.393765
	5.80621579722 27 374785.393765
	7.05918552439 28 374785.393765
	8.58271832357 29 374785.393765
	10.4805335538 30 374785.393765
	12.9527599944 31 374785.393765
	16.5034818566 32 374785.393765
	0.212446859203 15 458841.448339
	0.323267078311 16 458841.448339
	0.47061917221 17 458841.448339
	0.660826710273 18 458841.448339
	0.900694508762 19 458841.448339
	1.19767833366 20 458841.448339
	1.56011340871 21 458841.448339
	1.99752966593 22 458841.448339
	2.52110021631 23 458841.448339
	3.14429835801 24 458841.448339
	3.88389124692 25 458841.448339
	4.76150400391 26 458841.448339
	5.80621579722 27 458841.448339
	7.05918552439 28 458841.448339
	8.58271832357 29 458841.448339
	10.4805335538 30 458841.448339
	12.9527599944 31 458841.448339
	16.5034818566 32 458841.448339
	0.212446859203 15 554766.22248
	0.323267078311 16 554766.22248
	0.47061917221 17 554766.22248
	0.660826710273 18 554766.22248
	0.900694508762 19 554766.22248
	1.19767833366 20 554766.22248
	1.56011340871 21 554766.22248
	1.99752966593 22 554766.22248
	2.52110021631 23 554766.22248
	3.14429835801 24 554766.22248
	3.88389124692 25 554766.22248
	4.76150400391 26 554766.22248
	5.80621579722 27 554766.22248
	7.05918552439 28 554766.22248
	8.58271832357 29 554766.22248
	10.4805335538 30 554766.22248
	12.9527599944 31 554766.22248
	16.5034818566 32 554766.22248
	0.212446859203 15 663500.731221
	0.323267078311 16 663500.731221
	0.47061917221 17 663500.731221
	0.660826710273 18 663500.731221
	0.900694508762 19 663500.731221
	1.19767833366 20 663500.731221
	1.56011340871 21 663500.731221
	1.99752966593 22 663500.731221
	2.52110021631 23 663500.731221
	3.14429835801 24 663500.731221
	3.88389124692 25 663500.731221
	4.76150400391 26 663500.731221
	5.80621579722 27 663500.731221
	7.05918552439 28 663500.731221
	8.58271832357 29 663500.731221
	10.4805335538 30 663500.731221
	12.9527599944 31 663500.731221
	16.5034818566 32 663500.731221
	0.212446859203 15 786066.838275
	0.323267078311 16 786066.838275
	0.47061917221 17 786066.838275
	0.660826710273 18 786066.838275
	0.900694508762 19 786066.838275
	1.19767833366 20 786066.838275
	1.56011340871 21 786066.838275
	1.99752966593 22 786066.838275
	2.52110021631 23 786066.838275
	3.14429835801 24 786066.838275
	3.88389124692 25 786066.838275
	4.76150400391 26 786066.838275
	5.80621579722 27 786066.838275
	7.05918552439 28 786066.838275
	8.58271832357 29 786066.838275
	10.4805335538 30 786066.838275
	12.9527599944 31 786066.838275
	16.5034818566 32 786066.838275
	0.212446859203 15 923624.384563
	0.323267078311 16 923624.384563
	0.47061917221 17 923624.384563
	0.660826710273 18 923624.384563
	0.900694508762 19 923624.384563
	1.19767833366 20 923624.384563
	1.56011340871 21 923624.384563
	1.99752966593 22 923624.384563
	2.52110021631 23 923624.384563
	3.14429835801 24 923624.384563
	3.88389124692 25 923624.384563
	4.76150400391 26 923624.384563
	5.80621579722 27 923624.384563
	7.05918552439 28 923624.384563
	8.58271832357 29 923624.384563
	10.4805335538 30 923624.384563
	12.9527599944 31 923624.384563
	16.5034818566 32 923624.384563
	0.212446859203 15 1077604.15848
	0.323267078311 16 1077604.15848
	0.47061917221 17 1077604.15848
	0.660826710273 18 1077604.15848
	0.900694508762 19 1077604.15848
	1.19767833366 20 1077604.15848
	1.56011340871 21 1077604.15848
	1.99752966593 22 1077604.15848
	2.52110021631 23 1077604.15848
	3.14429835801 24 1077604.15848
	3.88389124692 25 1077604.15848
	4.76150400391 26 1077604.15848
	5.80621579722 27 1077604.15848
	7.05918552439 28 1077604.15848
	8.58271832357 29 1077604.15848
	10.4805335538 30 1077604.15848
	12.9527599944 31 1077604.15848
	16.5034818566 32 1077604.15848
