
	-2547.15812552 15 12867.7284758
	-2058.5295454 16 12867.7284758
	-1578.22164236 17 12867.7284758
	-1103.38831845 18 12867.7284758
	-631.654378799 19 12867.7284758
	-160.853154948 20 12867.7284758
	311.068598725 21 12867.7284758
	786.129453622 22 12867.7284758
	1266.41523852 23 12867.7284758
	1754.21820552 24 12867.7284758
	2252.23210212 25 12867.7284758
	2763.84188135 26 12867.7284758
	3293.58931865 27 12867.7284758
	3847.99313683 28 12867.7284758
	4437.15640909 29 12867.7284758
	5078.37509438 30 12867.7284758
	5805.9821839 31 12867.7284758
	6708.78622747 32 12867.7284758
	-2547.15812552 15 27654.9555158
	-2058.5295454 16 27654.9555158
	-1578.22164236 17 27654.9555158
	-1103.38831845 18 27654.9555158
	-631.654378799 19 27654.9555158
	-160.853154948 20 27654.9555158
	311.068598725 21 27654.9555158
	786.129453622 22 27654.9555158
	1266.41523852 23 27654.9555158
	1754.21820552 24 27654.9555158
	2252.23210212 25 27654.9555158
	2763.84188135 26 27654.9555158
	3293.58931865 27 27654.9555158
	3847.99313683 28 27654.9555158
	4437.15640909 29 27654.9555158
	5078.37509438 30 27654.9555158
	5805.9821839 31 27654.9555158
	6708.78622747 32 27654.9555158
	-2547.15812552 15 46988.3429898
	-2058.5295454 16 46988.3429898
	-1578.22164236 17 46988.3429898
	-1103.38831845 18 46988.3429898
	-631.654378799 19 46988.3429898
	-160.853154948 20 46988.3429898
	311.068598725 21 46988.3429898
	786.129453622 22 46988.3429898
	1266.41523852 23 46988.3429898
	1754.21820552 24 46988.3429898
	2252.23210212 25 46988.3429898
	2763.84188135 26 46988.3429898
	3293.58931865 27 46988.3429898
	3847.99313683 28 46988.3429898
	4437.15640909 29 46988.3429898
	5078.37509438 30 46988.3429898
	5805.9821839 31 46988.3429898
	6708.78622747 32 46988.3429898
	-2547.15812552 15 71618.6700037
	-2058.5295454 16 71618.6700037
	-1578.22164236 17 71618.6700037
	-1103.38831845 18 71618.6700037
	-631.654378799 19 71618.6700037
	-160.853154948 20 71618.6700037
	311.068598725 21 71618.6700037
	786.129453622 22 71618.6700037
	1266.41523852 23 71618.6700037
	1754.21820552 24 71618.6700037
	2252.23210212 25 71618.6700037
	2763.84188135 26 71618.6700037
	3293.58931865 27 71618.6700037
	3847.99313683 28 71618.6700037
	4437.15640909 29 71618.6700037
	5078.37509438 30 71618.6700037
	5805.9821839 31 71618.6700037
	6708.78622747 32 71618.6700037
	-2547.15812552 15 102317.291853
	-2058.5295454 16 102317.291853
	-1578.22164236 17 102317.291853
	-1103.38831845 18 102317.291853
	-631.654378799 19 102317.291853
	-160.853154948 20 102317.291853
	311.068598725 21 102317.291853
	786.129453622 22 102317.291853
	1266.41523852 23 102317.291853
	1754.21820552 24 102317.291853
	2252.23210212 25 102317.291853
	2763.84188135 26 102317.291853
	3293.58931865 27 102317.291853
	3847.99313683 28 102317.291853
	4437.15640909 29 102317.291853
	5078.37509438 30 102317.291853
	5805.9821839 31 102317.291853
	6708.78622747 32 102317.291853
	-2547.15812552 15 139871.095625
	-2058.5295454 16 139871.095625
	-1578.22164236 17 139871.095625
	-1103.38831845 18 139871.095625
	-631.654378799 19 139871.095625
	-160.853154948 20 139871.095625
	311.068598725 21 139871.095625
	786.129453622 22 139871.095625
	1266.41523852 23 139871.095625
	1754.21820552 24 139871.095625
	2252.23210212 25 139871.095625
	2763.84188135 26 139871.095625
	3293.58931865 27 139871.095625
	3847.99313683 28 139871.095625
	4437.15640909 29 139871.095625
	5078.37509438 30 139871.095625
	5805.9821839 31 139871.095625
	6708.78622747 32 139871.095625
	-2547.15812552 15 185079.09658
	-2058.5295454 16 185079.09658
	-1578.22164236 17 185079.09658
	-1103.38831845 18 185079.09658
	-631.654378799 19 185079.09658
	-160.853154948 20 185079.09658
	311.068598725 21 185079.09658
	786.129453622 22 185079.09658
	1266.41523852 23 185079.09658
	1754.21820552 24 185079.09658
	2252.23210212 25 185079.09658
	2763.84188135 26 185079.09658
	3293.58931865 27 185079.09658
	3847.99313683 28 185079.09658
	4437.15640909 29 185079.09658
	5078.37509438 30 185079.09658
	5805.9821839 31 185079.09658
	6708.78622747 32 185079.09658
	-2547.15812552 15 238750.954275
	-2058.5295454 16 238750.954275
	-1578.22164236 17 238750.954275
	-1103.38831845 18 238750.954275
	-631.654378799 19 238750.954275
	-160.853154948 20 238750.954275
	311.068598725 21 238750.954275
	786.129453622 22 238750.954275
	1266.41523852 23 238750.954275
	1754.21820552 24 238750.954275
	2252.23210212 25 238750.954275
	2763.84188135 26 238750.954275
	3293.58931865 27 238750.954275
	3847.99313683 28 238750.954275
	4437.15640909 29 238750.954275
	5078.37509438 30 238750.954275
	5805.9821839 31 238750.954275
	6708.78622747 32 238750.954275
	-2547.15812552 15 301707.742329
	-2058.5295454 16 301707.742329
	-1578.22164236 17 301707.742329
	-1103.38831845 18 301707.742329
	-631.654378799 19 301707.742329
	-160.853154948 20 301707.742329
	311.068598725 21 301707.742329
	786.129453622 22 301707.742329
	1266.41523852 23 301707.742329
	1754.21820552 24 301707.742329
	2252.23210212 25 301707.742329
	2763.84188135 26 301707.742329
	3293.58931865 27 301707.742329
	3847.99313683 28 301707.742329
	4437.15640909 29 301707.742329
	5078.37509438 30 301707.742329
	5805.9821839 31 301707.742329
	6708.78622747 32 301707.742329
	-2547.15812552 15 374785.393765
	-2058.5295454 16 374785.393765
	-1578.22164236 17 374785.393765
	-1103.38831845 18 374785.393765
	-631.654378799 19 374785.393765
	-160.853154948 20 374785.393765
	311.068598725 21 374785.393765
	786.129453622 22 374785.393765
	1266.41523852 23 374785.393765
	1754.21820552 24 374785.393765
	2252.23210212 25 374785.393765
	2763.84188135 26 374785.393765
	3293.58931865 27 374785.393765
	3847.99313683 28 374785.393765
	4437.15640909 29 374785.393765
	5078.37509438 30 374785.393765
	5805.9821839 31 374785.393765
	6708.78622747 32 374785.393765
	-2547.15812552 15 458841.448339
	-2058.5295454 16 458841.448339
	-1578.22164236 17 458841.448339
	-1103.38831845 18 458841.448339
	-631.654378799 19 458841.448339
	-160.853154948 20 458841.448339
	311.068598725 21 458841.448339
	786.129453622 22 458841.448339
	1266.41523852 23 458841.448339
	1754.21820552 24 458841.448339
	2252.23210212 25 458841.448339
	2763.84188135 26 458841.448339
	3293.58931865 27 458841.448339
	3847.99313683 28 458841.448339
	4437.15640909 29 458841.448339
	5078.37509438 30 458841.448339
	5805.9821839 31 458841.448339
	6708.78622747 32 458841.448339
	-2547.15812552 15 554766.22248
	-2058.5295454 16 554766.22248
	-1578.22164236 17 554766.22248
	-1103.38831845 18 554766.22248
	-631.654378799 19 554766.22248
	-160.853154948 20 554766.22248
	311.068598725 21 554766.22248
	786.129453622 22 554766.22248
	1266.41523852 23 554766.22248
	1754.21820552 24 554766.22248
	2252.23210212 25 554766.22248
	2763.84188135 26 554766.22248
	3293.58931865 27 554766.22248
	3847.99313683 28 554766.22248
	4437.15640909 29 554766.22248
	5078.37509438 30 554766.22248
	5805.9821839 31 554766.22248
	6708.78622747 32 554766.22248
	-2547.15812552 15 663500.731221
	-2058.5295454 16 663500.731221
	-1578.22164236 17 663500.731221
	-1103.38831845 18 663500.731221
	-631.654378799 19 663500.731221
	-160.853154948 20 663500.731221
	311.068598725 21 663500.731221
	786.129453622 22 663500.731221
	1266.41523852 23 663500.731221
	1754.21820552 24 663500.731221
	2252.23210212 25 663500.731221
	2763.84188135 26 663500.731221
	3293.58931865 27 663500.731221
	3847.99313683 28 663500.731221
	4437.15640909 29 663500.731221
	5078.37509438 30 663500.731221
	5805.9821839 31 663500.731221
	6708.78622747 32 663500.731221
	-2547.15812552 15 786066.838275
	-2058.5295454 16 786066.838275
	-1578.22164236 17 786066.838275
	-1103.38831845 18 786066.838275
	-631.654378799 19 786066.838275
	-160.853154948 20 786066.838275
	311.068598725 21 786066.838275
	786.129453622 22 786066.838275
	1266.41523852 23 786066.838275
	1754.21820552 24 786066.838275
	2252.23210212 25 786066.838275
	2763.84188135 26 786066.838275
	3293.58931865 27 786066.838275
	3847.99313683 28 786066.838275
	4437.15640909 29 786066.838275
	5078.37509438 30 786066.838275
	5805.9821839 31 786066.838275
	6708.78622747 32 786066.838275
	-2547.15812552 15 923624.384563
	-2058.5295454 16 923624.384563
	-1578.22164236 17 923624.384563
	-1103.38831845 18 923624.384563
	-631.654378799 19 923624.384563
	-160.853154948 20 923624.384563
	311.068598725 21 923624.384563
	786.129453622 22 923624.384563
	1266.41523852 23 923624.384563
	1754.21820552 24 923624.384563
	2252.23210212 25 923624.384563
	2763.84188135 26 923624.384563
	3293.58931865 27 923624.384563
	3847.99313683 28 923624.384563
	4437.15640909 29 923624.384563
	5078.37509438 30 923624.384563
	5805.9821839 31 923624.384563
	6708.78622747 32 923624.384563
	-2547.15812552 15 1077604.15848
	-2058.5295454 16 1077604.15848
	-1578.22164236 17 1077604.15848
	-1103.38831845 18 1077604.15848
	-631.654378799 19 1077604.15848
	-160.853154948 20 1077604.15848
	311.068598725 21 1077604.15848
	786.129453622 22 1077604.15848
	1266.41523852 23 1077604.15848
	1754.21820552 24 1077604.15848
	2252.23210212 25 1077604.15848
	2763.84188135 26 1077604.15848
	3293.58931865 27 1077604.15848
	3847.99313683 28 1077604.15848
	4437.15640909 29 1077604.15848
	5078.37509438 30 1077604.15848
	5805.9821839 31 1077604.15848
	6708.78622747 32 1077604.15848
