
	317.915960602 15 10000.0
	339.443894475 17 10000.0
	359.614596351 19 10000.0
	378.620697323 21 10000.0
	396.612054004 23 10000.0
	413.745047566 25 10000.0
	430.149265883 27 10000.0
	445.923614116 29 10000.0
	461.143393993 31 10000.0
	475.867528606 33 10000.0
	1246.19324127 15 60000.0
	1206.52115247 17 60000.0
	349.448149684 19 60000.0
	371.303917292 21 60000.0
	391.173081804 23 60000.0
	409.508209433 25 60000.0
	426.711064016 27 60000.0
	443.052923493 29 60000.0
	458.704822554 31 60000.0
	473.776718936 33 60000.0
	1248.13071563 15 110000.0
	1208.54644924 17 110000.0
	1163.95667225 19 110000.0
	362.406221612 21 110000.0
	384.899201227 23 110000.0
	404.818670954 25 110000.0
	423.012827946 27 110000.0
	440.022686408 29 110000.0
	456.16255219 31 110000.0
	471.615533624 33 110000.0
	1250.06222562 15 160000.0
	1210.56378047 17 160000.0
	1166.1757937 19 160000.0
	1111.86164811 21 160000.0
	377.507412514 23 160000.0
	399.561310789 25 160000.0
	419.008485749 27 160000.0
	436.815247969 29 160000.0
	453.510710624 31 160000.0
	469.383012421 33 160000.0
	1251.98781074 15 210000.0
	1212.57323477 17 210000.0
	1168.38336338 19 210000.0
	1114.45048267 21 210000.0
	1047.93851843 23 210000.0
	393.581983747 25 210000.0
	414.638915745 27 210000.0
	433.408466641 29 210000.0
	450.741877596 31 210000.0
	467.077676885 33 210000.0
	1253.90750994 15 260000.0
	1214.57489887 17 260000.0
	1170.57956434 19 260000.0
	1117.02048948 21 260000.0
	1051.15274583 23 260000.0
	386.667462117 25 260000.0
	409.827435867 27 260000.0
	429.774541036 29 260000.0
	447.846768646 31 260000.0
	464.697449328 33 260000.0
	1255.82136163 15 310000.0
	1216.56885766 17 310000.0
	1172.76457457 19 310000.0
	1119.5720757 21 310000.0
	1054.33281462 23 310000.0
	378.505058588 25 310000.0
	404.472697448 27 310000.0
	425.878388759 29 310000.0
	444.813830367 31 310000.0
	462.239553773 33 310000.0
	1257.72940371 15 360000.0
	1218.55519423 17 360000.0
	1174.93856718 19 360000.0
	1122.1056341 21 360000.0
	1057.47973852 23 360000.0
	977.24676348 25 360000.0
	398.436644317 27 360000.0
	421.675324501 29 360000.0
	441.628713881 31 360000.0
	459.700394555 33 360000.0
	1259.63167354 15 410000.0
	1220.53398994 17 410000.0
	1177.1017106 19 410000.0
	1124.62154372 21 410000.0
	1060.5944839 23 410000.0
	981.397800747 25 410000.0
	391.522273017 27 410000.0
	417.107590016 29 410000.0
	438.2735762 31 410000.0
	457.075406647 33 410000.0
	1261.52820802 15 460000.0
	1222.50532447 17 460000.0
	1179.25416873 19 460000.0
	1127.12017054 21 460000.0
	1063.6779727 23 460000.0
	985.484012435 25 460000.0
	383.427887804 27 460000.0
	412.098901571 29 460000.0
	434.726130979 31 460000.0
	454.358869692 33 460000.0
	1263.41904355 15 510000.0
	1224.46927588 17 510000.0
	1181.39610115 19 510000.0
	1129.60186805 21 510000.0
	1066.73108515 23 510000.0
	989.5080497 25 510000.0
	890.530973657 27 510000.0
	406.545354667 29 510000.0
	430.958322185 31 510000.0
	451.543674549 33 510000.0
