	1231.32388182 15 13433.8996518
	1210.37797136 16 21548.3955173
	1190.08242618 17 32885.839381
	1168.47608814 18 48148.1676578
	1144.74352607 19 68070.8354761
	1118.63386757 20 93414.495594
	1090.11794653 21 124958.49801
	1059.20584126 22 163496.22215
	1025.85885392 23 209832.24054
	989.948218823 24 264781.354296
	951.230096706 25 329169.648052
	909.317690866 26 403837.928549
	863.635437554 27 489648.3435
	813.336243911 28 587495.900562
	757.144984601 29 698328.771554
	693.035880412 30 823187.043258
	617.446174027 31 963288.180112
