	316.83837203 15 13433.8996518
	325.434593187 16 21548.3955173
	333.38964607 17 32885.839381
	340.720619306 18 48148.1676578
	347.428111247 19 68070.8354761
	353.503923152 20 93414.495594
	358.936513509 21 124958.49801
	363.714265008 22 163496.22215
	367.827083815 23 209832.24054
	371.266832491 24 264781.354296
	374.026917145 25 329169.648052
	376.10108594 26 403837.928549
	377.48109476 27 489648.3435
	378.152142585 28 587495.900562
	378.083234588 29 698328.771554
	377.204682627 30 823187.043258
	375.347220211 31 963288.180112
