	10703.2809341 15 13433.8996518
	10869.2875801 16 21548.3955173
	11062.7665769 17 32885.839381
	11293.533468 18 48148.1676578
	11574.3567783 19 68070.8354761
	11920.3511985 20 93414.495594
	12349.4190968 21 124958.49801
	12883.7801195 22 163496.22215
	13552.8081391 23 209832.24054
	14397.8370465 24 264781.354296
	15480.4820328 25 329169.648052
	16897.9655482 26 403837.928549
	18813.7539708 27 489648.3435
	21525.4047997 28 587495.900562
	25636.419725 29 698328.771554
	32582.8971837 30 823187.043258
	46818.2252046 31 963288.180112
