	4421.47253518 15 13433.8996518
	4546.76941773 16 21548.3955173
	4705.90989693 17 32885.839381
	4906.52485401 18 48148.1676578
	5157.67880154 19 68070.8354761
	5470.49327575 20 93414.495594
	5859.25535368 21 124958.49801
	6343.17437655 22 163496.22215
	6949.16699317 23 209832.24054
	7716.45562412 24 264781.354296
	8704.59756769 25 329169.648052
	10008.4555235 26 403837.928549
	11788.3908682 27 489648.3435
	14337.4949975 28 587495.900562
	18252.454016 29 698328.771554
	24958.3430122 30 823187.043258
	38889.158829 31 963288.180112
