	2037.3996926 15 13433.8996518
	2324.28715302 16 21548.3955173
	2661.70207049 17 32885.839381
	3041.30742862 18 48148.1676578
	3462.91875757 19 68070.8354761
	3931.72512472 20 93414.495594
	4457.22659556 21 124958.49801
	5053.42257712 22 163496.22215
	5740.15139457 23 209832.24054
	6545.88516599 24 264781.354296
	7512.91687792 25 329169.648052
	8707.17292104 26 403837.928549
	10238.0603198 27 489648.3435
	12302.7525157 28 587495.900562
	15299.2819698 29 698328.771554
	20177.1597167 30 823187.043258
	29918.7726954 31 963288.180112
