
	349769.504285 15 10000.0
	362375.278925 17 10000.0
	374878.956944 19 10000.0
	387324.55748 21 10000.0
	399744.056343 23 10000.0
	412154.994968 25 10000.0
	424564.436213 27 10000.0
	436974.169482 29 10000.0
	449383.944522 31 10000.0
	461792.99326 33 10000.0
	-46816.5180318 15 60000.0
	-31303.0489079 17 60000.0
	369672.01603 19 60000.0
	382898.074333 21 60000.0
	395754.547392 23 60000.0
	408459.41125 25 60000.0
	421107.064964 27 60000.0
	433732.342303 29 60000.0
	446345.186896 31 60000.0
	458946.637302 33 60000.0
	-46927.9112178 15 110000.0
	-31448.4046067 17 110000.0
	-14372.7917848 19 110000.0
	377485.533498 21 110000.0
	391242.265082 23 110000.0
	404461.93375 25 110000.0
	417461.639198 27 110000.0
	430365.518681 29 110000.0
	443218.775717 31 110000.0
	456036.106792 33 110000.0
	-47038.4584584 15 160000.0
	-31592.5487733 17 160000.0
	-14564.6643182 19 160000.0
	4411.20622734 21 160000.0
	386046.635714 23 160000.0
	400094.872991 25 160000.0
	413596.182138 27 160000.0
	426857.254708 29 160000.0
	439995.683295 31 160000.0
	453056.189245 33 160000.0
	-47148.1681659 15 210000.0
	-31735.4960648 17 210000.0
	-14754.7415047 19 210000.0
	4154.09445668 21 210000.0
	25504.973816 23 210000.0
	395265.17428 25 210000.0
	409470.175543 27 210000.0
	423187.813979 29 210000.0
	436665.487612 31 210000.0
	450001.041348 33 210000.0
	-47257.0486177 15 260000.0
	-31877.2608528 17 260000.0
	-14943.0502699 19 260000.0
	3899.79030234 21 260000.0
	25151.61994 23 260000.0
	389838.574492 25 260000.0
	405031.00223 27 260000.0
	419333.180456 29 260000.0
	433216.057025 31 260000.0
	446864.0781 33 260000.0
	-47365.1079597 15 310000.0
	-32017.8572314 17 310000.0
	-15129.6168875 19 310000.0
	3648.23967187 21 310000.0
	24803.0447247 23 310000.0
	383608.079547 25 310000.0
	400208.211005 27 310000.0
	415263.655475 29 310000.0
	429633.138197 31 310000.0
	443637.836312 33 310000.0
	-47472.354209 15 360000.0
	-32157.2990246 17 360000.0
	-15314.4670015 19 360000.0
	3399.39015879 21 360000.0
	24459.123602 23 360000.0
	48647.4476456 25 360000.0
	394903.709546 27 360000.0
	410941.801655 29 360000.0
	425899.80812 31 360000.0
	440313.804837 33 360000.0
	-47578.7952568 15 410000.0
	-32295.5997932 17 410000.0
	-15497.625647 19 410000.0
	3153.19096987 21 410000.0
	24119.7372524 23 410000.0
	48155.4832559 25 410000.0
	388973.669297 27 410000.0
	406319.317873 29 410000.0
	421995.730997 31 410000.0
	436882.211022 33 410000.0
	-47684.438871 15 460000.0
	-32432.7728419 17 460000.0
	-15679.1172705 19 460000.0
	2909.59285636 21 460000.0
	23784.7713011 23 460000.0
	47672.2112302 25 460000.0
	382191.537194 27 460000.0
	401332.075298 29 460000.0
	417896.12758 31 460000.0
	433331.748792 33 460000.0
	-47789.2926991 15 510000.0
	-32568.831226 17 510000.0
	-15858.9657487 19 510000.0
	2668.54804902 21 510000.0
	23454.1160352 23 510000.0
	47197.3141609 25 510000.0
	75302.4244238 27 510000.0
	395891.789097 29 510000.0
	413570.308048 31 510000.0
	429649.22763 33 510000.0
