
	410640.13656 15 10000.0
	431645.031264 17 10000.0
	452506.053741 19 10000.0
	473285.803343 21 10000.0
	494025.321308 23 10000.0
	514746.364306 25 10000.0
	535458.087142 27 10000.0
	556163.526418 29 10000.0
	576863.343668 31 10000.0
	597557.526709 33 10000.0
	-46029.1444867 15 60000.0
	-30496.453534 17 60000.0
	443230.598272 19 60000.0
	465394.629625 21 60000.0
	487013.238044 23 60000.0
	508380.311511 25 60000.0
	529623.878201 27 60000.0
	550795.621259 29 60000.0
	571915.406817 31 60000.0
	592991.072565 33 60000.0
	-45485.2499905 15 110000.0
	-29970.667325 17 110000.0
	-12853.9257327 19 110000.0
	456066.543407 21 110000.0
	479227.381017 23 110000.0
	501558.402468 25 110000.0
	523499.991489 27 110000.0
	545231.839321 29 110000.0
	566828.283691 31 110000.0
	588321.77733 33 110000.0
	-44941.2821382 15 160000.0
	-29444.5886189 17 160000.0
	-12357.2268082 19 160000.0
	6690.4302243 21 160000.0
	470432.587037 23 160000.0
	494182.020467 25 160000.0
	517040.334924 27 160000.0
	539448.928662 29 160000.0
	561589.596469 31 160000.0
	583542.816649 33 160000.0
	-44397.2433852 15 210000.0
	-28918.2237298 17 210000.0
	-11859.8534888 19 210000.0
	7142.51867143 21 210000.0
	28609.8474119 23 210000.0
	486115.096445 25 210000.0
	510186.24607 27 210000.0
	533418.830438 29 210000.0
	556184.958544 31 210000.0
	578646.474342 33 210000.0
	-43853.1361334 15 260000.0
	-28391.5788254 17 260000.0
	-11361.8202488 19 260000.0
	7595.99531926 21 260000.0
	28990.6424157 23 260000.0
	477160.733851 25 260000.0
	502861.255846 27 260000.0
	527107.236596 29 260000.0
	550597.52022 31 260000.0
	573623.986188 33 260000.0
	-43308.9627319 15 310000.0
	-27864.6599312 17 310000.0
	-10863.1411717 19 310000.0
	8050.82619533 21 310000.0
	29374.3314416 23 310000.0
	467014.731684 25 310000.0
	494962.651888 27 310000.0
	520471.540481 29 310000.0
	544807.374741 31 310000.0
	568465.347326 33 310000.0
	-42764.725479 15 360000.0
	-27337.4729349 17 360000.0
	-10363.8299636 19 360000.0
	8506.97846726 21 360000.0
	29760.8257786 23 360000.0
	54200.6510417 25 360000.0
	486347.061503 27 360000.0
	513457.834934 29 360000.0
	538790.768513 31 360000.0
	563159.072522 33 360000.0
	-42220.4266232 15 410000.0
	-26810.0235899 17 410000.0
	-9863.89996672 19 410000.0
	8964.42039188 21 410000.0
	30150.0406477 23 410000.0
	54468.6057162 25 410000.0
	476803.870551 27 410000.0
	505996.352802 29 410000.0
	532519.030502 31 410000.0
	557691.894592 33 410000.0
	-41676.0683643 15 460000.0
	-26282.3175196 17 460000.0
	-9363.36417172 19 460000.0
	9423.12126718 21 460000.0
	30541.894968 23 460000.0
	54742.7167377 25 460000.0
	466000.931846 27 460000.0
	497994.230183 29 460000.0
	525957.088426 31 460000.0
	552048.380532 33 460000.0
	-41131.6528549 15 510000.0
	-25754.360221 17 510000.0
	-8862.23522988 19 510000.0
	9883.05138697 21 510000.0
	30936.3111409 23 510000.0
	55022.7328553 25 510000.0
	83602.9418124 27 510000.0
	489323.375797 29 510000.0
	519061.358526 31 510000.0
	546210.436386 33 510000.0
