	-45166.8324089 15 13433.8996518
	-37603.3240465 16 21548.3955173
	-29626.1305694 17 32885.839381
	-21184.0675469 18 48148.1676578
	-12223.894457 19 68070.8354761
	-2691.53332418 20 93414.495594
	7468.94931078 21 124958.49801
	18318.0265934 22 163496.22215
	29924.6099252 23 209832.24054
	42371.2459804 24 264781.354296
	55761.3087246 25 329169.648052
	70229.7529243 26 403837.928549
	85960.6704006 27 489648.3435
	103218.801741 28 587495.900562
	122412.767524 29 698328.771554
	144242.161145 30 823187.043258
	170125.328992 31 963288.180112
