	0.0115996417859 15 13433.8996518
	0.012587508839 16 21548.3955173
	0.01361281269 17 32885.839381
	0.01468351158 18 48148.1676578
	0.0158080262847 19 68070.8354761
	0.0169954811825 20 93414.495594
	0.0182561091173 21 124958.49801
	0.0196019073114 22 163496.22215
	0.0210476996297 23 209832.24054
	0.0226128839829 24 264781.354296
	0.0243243830279 25 329169.648052
	0.0262218114079 26 403837.928549
	0.0283669747406 27 489648.3435
	0.0308625047612 28 587495.900562
	0.0338918588582 29 698328.771554
	0.0378173322948 30 823187.043258
	0.0434777391224 31 963288.180112
