	0.0991640196724 15 13433.8996518
	0.100495114226 16 21548.3955173
	0.10159841691 17 32885.839381
	0.102472412668 18 48148.1676578
	0.103116487829 19 68070.8354761
	0.103530233189 20 93414.495594
	0.103712739066 21 124958.49801
	0.103661837371 22 163496.22215
	0.103373191344 23 209832.24054
	0.102966565392 24 264781.354296
	0.102331699416 25 329169.648052
	0.101417980659 26 403837.928549
	0.10022643168 27 489648.3435
	0.0987312192586 28 587495.900562
	0.096890049523 29 698328.771554
	0.094649687117 30 823187.043258
	0.0920094786395 31 963288.180112
