
	0.0116277941646 15 10000.0
	0.0133077154041 17 10000.0
	0.0149466247 19 10000.0
	0.016547297595 21 10000.0
	0.0181136995864 23 10000.0
	0.0196501467523 25 10000.0
	0.0211607752412 27 10000.0
	0.0226491678302 29 10000.0
	0.0241181124782 31 10000.0
	0.0255694911559 33 10000.0
	0.101868411705 15 60000.0
	0.103406387094 17 60000.0
	0.0158671273221 19 60000.0
	0.0173572214983 21 60000.0
	0.0188422886745 23 60000.0
	0.0203149938218 25 60000.0
	0.0217737067643 27 60000.0
	0.0232187082844 29 60000.0
	0.0246506969267 31 60000.0
	0.0260701387189 33 60000.0
	0.101915377246 15 110000.0
	0.103463732792 17 110000.0
	0.104362767358 19 110000.0
	0.0182665017069 21 110000.0
	0.0196258934719 23 110000.0
	0.0210125410183 25 110000.0
	0.0224067431752 27 110000.0
	0.0238006879841 29 110000.0
	0.0251908081489 31 110000.0
	0.0265750482262 33 110000.0
	0.101962221444 15 160000.0
	0.103520886272 17 160000.0
	0.104433191372 19 160000.0
	0.104632161764 21 160000.0
	0.0204927574183 23 160000.0
	0.0217551364865 25 160000.0
	0.0230659893629 27 160000.0
	0.0243984104461 29 160000.0
	0.0257403684956 31 160000.0
	0.0270854106594 33 160000.0
	0.102008945875 15 210000.0
	0.103577850445 17 210000.0
	0.104503296036 19 210000.0
	0.104720215481 21 210000.0
	0.104126319495 23 210000.0
	0.0225614776483 25 210000.0
	0.0237597518803 27 210000.0
	0.0250160478333 29 210000.0
	0.0263016757938 31 210000.0
	0.0276025907586 33 210000.0
	0.102055552084 15 260000.0
	0.103634628162 17 260000.0
	0.104573087128 19 260000.0
	0.10480770587 21 260000.0
	0.10424017889 23 260000.0
	0.0234616349981 25 260000.0
	0.0244997449936 27 260000.0
	0.0256590001946 29 260000.0
	0.0268775283624 31 260000.0
	0.0281281764138 33 260000.0
	0.102102041595 15 310000.0
	0.103691222215 17 310000.0
	0.104642570274 19 310000.0
	0.104894645567 21 310000.0
	0.104352960106 23 310000.0
	0.024507787 25 310000.0
	0.0253031308854 27 310000.0
	0.0263344169546 29 310000.0
	0.0274713857278 31 310000.0
	0.0286640354454 33 310000.0
	0.102148415905 15 360000.0
	0.103747635342 17 360000.0
	0.104711750962 19 360000.0
	0.104981046796 21 360000.0
	0.104464694816 23 360000.0
	0.103275126322 25 360000.0
	0.0261962370318 27 360000.0
	0.0270519996353 29 360000.0
	0.0280875897742 31 360000.0
	0.0292123873585 33 360000.0
	0.102194676486 15 410000.0
	0.103803870224 17 410000.0
	0.104780634541 19 410000.0
	0.105066921388 21 410000.0
	0.104575413309 23 410000.0
	0.103414135913 25 410000.0
	0.0272219044263 27 410000.0
	0.0278252896028 29 410000.0
	0.0287316776952 31 410000.0
	0.0297758964155 33 410000.0
	0.102240824786 15 460000.0
	0.103859929489 17 460000.0
	0.104849226228 19 460000.0
	0.105152280797 21 460000.0
	0.104685144564 23 460000.0
	0.103551135868 25 460000.0
	0.0284556936636 27 460000.0
	0.0286738318208 29 460000.0
	0.0294108359237 31 460000.0
	0.0303577943487 33 460000.0
	0.102286862231 15 510000.0
	0.103915815715 17 510000.0
	0.104917531113 19 510000.0
	0.105237136117 21 510000.0
	0.104793916332 23 510000.0
	0.103686175816 25 510000.0
	0.101409022793 27 510000.0
	0.0296270237555 29 510000.0
	0.0301345764008 31 510000.0
	0.0309620445668 33 510000.0
