
	7.06483446441e-07 15 10000.0
	8.27387135449e-07 17 10000.0
	9.42911949272e-07 19 10000.0
	1.05434004437e-06 21 10000.0
	1.16233179911e-06 23 10000.0
	1.26728054435e-06 25 10000.0
	1.36945851694e-06 27 10000.0
	1.46907781306e-06 29 10000.0
	1.56631673124e-06 31 10000.0
	1.66133173276e-06 33 10000.0
	2.26695645955e-05 15 60000.0
	1.8297342455e-05 17 60000.0
	9.23185593696e-07 19 60000.0
	1.04426616599e-06 21 60000.0
	1.15795098314e-06 23 60000.0
	1.26643493642e-06 25 60000.0
	1.37089058977e-06 27 60000.0
	1.47201304521e-06 29 60000.0
	1.57025586195e-06 31 60000.0
	1.66594084363e-06 33 60000.0
	2.27503942665e-05 15 110000.0
	1.83627858494e-05 17 110000.0
	1.5222535024e-05 19 110000.0
	1.03417685985e-06 21 110000.0
	1.154004351e-06 23 110000.0
	1.26614493955e-06 25 110000.0
	1.3728834501e-06 27 110000.0
	1.47547216831e-06 29 110000.0
	1.57466882159e-06 31 110000.0
	1.67097233552e-06 33 110000.0
	2.28311952004e-05 15 160000.0
	1.84281701676e-05 17 160000.0
	1.52791121517e-05 19 160000.0
	1.2875809818e-05 21 160000.0
	1.15060452285e-06 23 160000.0
	1.2665216559e-06 25 160000.0
	1.37552363808e-06 27 160000.0
	1.47951925973e-06 29 160000.0
	1.57960261088e-06 31 160000.0
	1.67646080712e-06 33 160000.0
	2.29119681046e-05 15 210000.0
	1.8493496587e-05 17 210000.0
	1.53355914251e-05 19 210000.0
	1.2927569168e-05 21 210000.0
	1.09955238933e-05 23 210000.0
	1.26771905043e-06 25 210000.0
	1.37892164212e-06 27 210000.0
	1.48423178119e-06 29 210000.0
	1.58511189822e-06 31 210000.0
	1.68244537211e-06 33 210000.0
	2.2992713675e-05 15 260000.0
	1.8558766261e-05 17 260000.0
	1.53919748247e-05 19 260000.0
	1.29791726583e-05 21 260000.0
	1.10456459369e-05 23 260000.0
	1.26996140308e-06 25 260000.0
	1.38322216377e-06 27 260000.0
	1.48970470928e-06 29 260000.0
	1.59126079758e-06 31 260000.0
	1.68897046648e-06 33 260000.0
	2.30734325966e-05 15 310000.0
	1.86239803198e-05 17 310000.0
	1.5448264281e-05 19 310000.0
	1.30306238936e-05 21 310000.0
	1.10955104446e-05 23 310000.0
	1.27359845461e-06 25 310000.0
	1.38862083225e-06 27 310000.0
	1.49605646772e-06 29 310000.0
	1.59812521675e-06 31 310000.0
	1.6960868529e-06 33 310000.0
	2.31541255435e-05 15 360000.0
	1.86891398711e-05 17 360000.0
	1.55044616767e-05 19 360000.0
	1.30819263624e-05 21 360000.0
	1.11451248957e-05 23 360000.0
	9.5126130526e-06 25 360000.0
	1.39539307967e-06 27 360000.0
	1.50343771449e-06 29 360000.0
	1.60579601441e-06 31 360000.0
	1.70385288367e-06 33 360000.0
	2.32347931789e-05 15 410000.0
	1.87542460006e-05 17 410000.0
	1.55605688476e-05 19 410000.0
	1.31330834422e-05 21 410000.0
	1.11944964472e-05 23 410000.0
	9.56377621905e-06 25 410000.0
	1.40394798197e-06 27 410000.0
	1.51204484504e-06 29 410000.0
	1.61438333033e-06 31 410000.0
	1.71233610756e-06 33 410000.0
	2.33154361562e-05 15 460000.0
	1.88192997728e-05 17 460000.0
	1.56165875849e-05 19 460000.0
	1.31840984048e-05 21 460000.0
	1.12436319527e-05 23 460000.0
	9.61450023844e-06 25 460000.0
	1.41493953178e-06 27 460000.0
	1.52214168712e-06 29 460000.0
	1.6240226627e-06 31 460000.0
	1.72161534079e-06 33 460000.0
	2.33960551182e-05 15 510000.0
	1.88843022314e-05 17 510000.0
	1.56725196362e-05 19 510000.0
	1.32349744204e-05 21 510000.0
	1.129253798e-05 23 510000.0
	9.66480215377e-06 25 510000.0
	8.20401671664e-06 27 510000.0
	1.53409633195e-06 29 510000.0
	1.63488362615e-06 31 510000.0
	1.73178337461e-06 33 510000.0
