	2.25518475118e-05 15 13433.8996518
	2.02017455507e-05 16 21548.3955173
	1.82441027667e-05 17 32885.839381
	1.6583105595e-05 18 48148.1676578
	1.51538393311e-05 19 68070.8354761
	1.3909597414e-05 20 93414.495594
	1.28151716063e-05 21 124958.49801
	1.18430575448e-05 22 163496.22215
	1.09711438035e-05 23 209832.24054
	1.01811891514e-05 24 264781.354296
	9.45772822523e-06 25 329169.648052
	8.78719571406e-06 26 403837.928549
	8.15711158704e-06 27 489648.3435
	7.55514543727e-06 28 587495.900562
	6.9677265395e-06 29 698328.771554
	6.3773420357e-06 30 823187.043258
	5.75558136232e-06 31 963288.180112
