	-2494.30942892 15 13433.8996518
	-2013.22577698 16 21548.3955173
	-1538.93721924 17 32885.839381
	-1068.35353313 18 48148.1676578
	-598.829105781 19 68070.8354761
	-128.135160919 20 93414.495594
	345.668243512 21 124958.49801
	824.405429789 22 163496.22215
	1309.97051152 23 209832.24054
	1804.52424448 24 264781.354296
	2310.72608937 25 329169.648052
	2832.05156128 26 403837.928549
	3373.29241548 27 489648.3435
	3941.44938705 28 587495.900562
	4547.53573748 29 698328.771554
	5210.81850811 30 823187.043258
	5971.29996168 31 963288.180112
