	27662.8458749 15 13433.8996518
	26326.2004782 16 21548.3955173
	25142.9540129 17 32885.839381
	24081.9685239 18 48148.1676578
	23118.7085937 19 68070.8354761
	22233.6103315 20 93414.495594
	21410.8216763 21 124958.49801
	20637.2083852 22 163496.22215
	19901.5473062 23 209832.24054
	19193.8371844 24 264781.354296
	18504.6533932 25 329169.648052
	17824.4513963 26 403837.928549
	17142.6648381 27 489648.3435
	16446.2916874 28 587495.900562
	15717.2369955 29 698328.771554
	14926.3015786 30 823187.043258
	14015.9515139 31 963288.180112
