
	1263.41904355 15 510000.0
	1224.46927588 17 510000.0
	1181.39610115 19 510000.0
	1129.60186805 21 510000.0
	1066.73108515 23 510000.0
	989.5080497 25 510000.0
	890.530973657 27 510000.0
	406.545354667 29 510000.0
	430.958322185 31 510000.0
	451.543674549 33 510000.0
	1263.41904355 15 510000.0
	1224.46927588 17 510000.0
	1181.39610115 19 510000.0
	1129.60186805 21 510000.0
	1066.73108515 23 510000.0
	989.5080497 25 510000.0
	890.530973657 27 510000.0
	406.545354667 29 510000.0
	430.958322185 31 510000.0
	451.543674549 33 510000.0
	1263.41904355 15 510000.0
	1224.46927588 17 510000.0
	1181.39610115 19 510000.0
	1129.60186805 21 510000.0
	1066.73108515 23 510000.0
	989.5080497 25 510000.0
	890.530973657 27 510000.0
	406.545354667 29 510000.0
	430.958322185 31 510000.0
	451.543674549 33 510000.0
	1263.41904355 15 510000.0
	1224.46927588 17 510000.0
	1181.39610115 19 510000.0
	1129.60186805 21 510000.0
	1066.73108515 23 510000.0
	989.5080497 25 510000.0
	890.530973657 27 510000.0
	406.545354667 29 510000.0
	430.958322185 31 510000.0
	451.543674549 33 510000.0
	1263.41904355 15 510000.0
	1224.46927588 17 510000.0
	1181.39610115 19 510000.0
	1129.60186805 21 510000.0
	1066.73108515 23 510000.0
	989.5080497 25 510000.0
	890.530973657 27 510000.0
	406.545354667 29 510000.0
	430.958322185 31 510000.0
	451.543674549 33 510000.0
	1263.41904355 15 510000.0
	1224.46927588 17 510000.0
	1181.39610115 19 510000.0
	1129.60186805 21 510000.0
	1066.73108515 23 510000.0
	989.5080497 25 510000.0
	890.530973657 27 510000.0
	406.545354667 29 510000.0
	430.958322185 31 510000.0
	451.543674549 33 510000.0
	1263.41904355 15 510000.0
	1224.46927588 17 510000.0
	1181.39610115 19 510000.0
	1129.60186805 21 510000.0
	1066.73108515 23 510000.0
	989.5080497 25 510000.0
	890.530973657 27 510000.0
	406.545354667 29 510000.0
	430.958322185 31 510000.0
	451.543674549 33 510000.0
	1263.41904355 15 510000.0
	1224.46927588 17 510000.0
	1181.39610115 19 510000.0
	1129.60186805 21 510000.0
	1066.73108515 23 510000.0
	989.5080497 25 510000.0
	890.530973657 27 510000.0
	406.545354667 29 510000.0
	430.958322185 31 510000.0
	451.543674549 33 510000.0
	1263.41904355 15 510000.0
	1224.46927588 17 510000.0
	1181.39610115 19 510000.0
	1129.60186805 21 510000.0
	1066.73108515 23 510000.0
	989.5080497 25 510000.0
	890.530973657 27 510000.0
	406.545354667 29 510000.0
	430.958322185 31 510000.0
	451.543674549 33 510000.0
	1263.41904355 15 510000.0
	1224.46927588 17 510000.0
	1181.39610115 19 510000.0
	1129.60186805 21 510000.0
	1066.73108515 23 510000.0
	989.5080497 25 510000.0
	890.530973657 27 510000.0
	406.545354667 29 510000.0
	430.958322185 31 510000.0
	451.543674549 33 510000.0
	1263.41904355 15 510000.0
	1224.46927588 17 510000.0
	1181.39610115 19 510000.0
	1129.60186805 21 510000.0
	1066.73108515 23 510000.0
	989.5080497 25 510000.0
	890.530973657 27 510000.0
	406.545354667 29 510000.0
	430.958322185 31 510000.0
	451.543674549 33 510000.0
