
	1231.32388182 15 10000.0
	1210.37797136 16 10000.0
	1190.08242618 17 10000.0
	1168.47608814 18 10000.0
	1144.74352607 19 10000.0
	1118.63386757 20 10000.0
	1090.11794653 21 10000.0
	1059.20584126 22 10000.0
	1025.85885392 23 10000.0
	989.948218823 24 10000.0
	951.230096706 25 10000.0
	909.317690866 26 10000.0
	863.635437554 27 10000.0
	813.336243911 28 10000.0
	757.144984601 29 10000.0
	693.035880412 30 10000.0
	617.446174027 31 10000.0
	522.588594905 32 10000.0
	1231.32388182 15 60000.0
	1210.37797136 16 60000.0
	1190.08242618 17 60000.0
	1168.47608814 18 60000.0
	1144.74352607 19 60000.0
	1118.63386757 20 60000.0
	1090.11794653 21 60000.0
	1059.20584126 22 60000.0
	1025.85885392 23 60000.0
	989.948218823 24 60000.0
	951.230096706 25 60000.0
	909.317690866 26 60000.0
	863.635437554 27 60000.0
	813.336243911 28 60000.0
	757.144984601 29 60000.0
	693.035880412 30 60000.0
	617.446174027 31 60000.0
	522.588594905 32 60000.0
	1231.32388182 15 110000.0
	1210.37797136 16 110000.0
	1190.08242618 17 110000.0
	1168.47608814 18 110000.0
	1144.74352607 19 110000.0
	1118.63386757 20 110000.0
	1090.11794653 21 110000.0
	1059.20584126 22 110000.0
	1025.85885392 23 110000.0
	989.948218823 24 110000.0
	951.230096706 25 110000.0
	909.317690866 26 110000.0
	863.635437554 27 110000.0
	813.336243911 28 110000.0
	757.144984601 29 110000.0
	693.035880412 30 110000.0
	617.446174027 31 110000.0
	522.588594905 32 110000.0
	1231.32388182 15 160000.0
	1210.37797136 16 160000.0
	1190.08242618 17 160000.0
	1168.47608814 18 160000.0
	1144.74352607 19 160000.0
	1118.63386757 20 160000.0
	1090.11794653 21 160000.0
	1059.20584126 22 160000.0
	1025.85885392 23 160000.0
	989.948218823 24 160000.0
	951.230096706 25 160000.0
	909.317690866 26 160000.0
	863.635437554 27 160000.0
	813.336243911 28 160000.0
	757.144984601 29 160000.0
	693.035880412 30 160000.0
	617.446174027 31 160000.0
	522.588594905 32 160000.0
	1231.32388182 15 210000.0
	1210.37797136 16 210000.0
	1190.08242618 17 210000.0
	1168.47608814 18 210000.0
	1144.74352607 19 210000.0
	1118.63386757 20 210000.0
	1090.11794653 21 210000.0
	1059.20584126 22 210000.0
	1025.85885392 23 210000.0
	989.948218823 24 210000.0
	951.230096706 25 210000.0
	909.317690866 26 210000.0
	863.635437554 27 210000.0
	813.336243911 28 210000.0
	757.144984601 29 210000.0
	693.035880412 30 210000.0
	617.446174027 31 210000.0
	522.588594905 32 210000.0
	1231.32388182 15 260000.0
	1210.37797136 16 260000.0
	1190.08242618 17 260000.0
	1168.47608814 18 260000.0
	1144.74352607 19 260000.0
	1118.63386757 20 260000.0
	1090.11794653 21 260000.0
	1059.20584126 22 260000.0
	1025.85885392 23 260000.0
	989.948218823 24 260000.0
	951.230096706 25 260000.0
	909.317690866 26 260000.0
	863.635437554 27 260000.0
	813.336243911 28 260000.0
	757.144984601 29 260000.0
	693.035880412 30 260000.0
	617.446174027 31 260000.0
	522.588594905 32 260000.0
	1231.32388182 15 310000.0
	1210.37797136 16 310000.0
	1190.08242618 17 310000.0
	1168.47608814 18 310000.0
	1144.74352607 19 310000.0
	1118.63386757 20 310000.0
	1090.11794653 21 310000.0
	1059.20584126 22 310000.0
	1025.85885392 23 310000.0
	989.948218823 24 310000.0
	951.230096706 25 310000.0
	909.317690866 26 310000.0
	863.635437554 27 310000.0
	813.336243911 28 310000.0
	757.144984601 29 310000.0
	693.035880412 30 310000.0
	617.446174027 31 310000.0
	522.588594905 32 310000.0
	1231.32388182 15 360000.0
	1210.37797136 16 360000.0
	1190.08242618 17 360000.0
	1168.47608814 18 360000.0
	1144.74352607 19 360000.0
	1118.63386757 20 360000.0
	1090.11794653 21 360000.0
	1059.20584126 22 360000.0
	1025.85885392 23 360000.0
	989.948218823 24 360000.0
	951.230096706 25 360000.0
	909.317690866 26 360000.0
	863.635437554 27 360000.0
	813.336243911 28 360000.0
	757.144984601 29 360000.0
	693.035880412 30 360000.0
	617.446174027 31 360000.0
	522.588594905 32 360000.0
	1231.32388182 15 410000.0
	1210.37797136 16 410000.0
	1190.08242618 17 410000.0
	1168.47608814 18 410000.0
	1144.74352607 19 410000.0
	1118.63386757 20 410000.0
	1090.11794653 21 410000.0
	1059.20584126 22 410000.0
	1025.85885392 23 410000.0
	989.948218823 24 410000.0
	951.230096706 25 410000.0
	909.317690866 26 410000.0
	863.635437554 27 410000.0
	813.336243911 28 410000.0
	757.144984601 29 410000.0
	693.035880412 30 410000.0
	617.446174027 31 410000.0
	522.588594905 32 410000.0
	1231.32388182 15 460000.0
	1210.37797136 16 460000.0
	1190.08242618 17 460000.0
	1168.47608814 18 460000.0
	1144.74352607 19 460000.0
	1118.63386757 20 460000.0
	1090.11794653 21 460000.0
	1059.20584126 22 460000.0
	1025.85885392 23 460000.0
	989.948218823 24 460000.0
	951.230096706 25 460000.0
	909.317690866 26 460000.0
	863.635437554 27 460000.0
	813.336243911 28 460000.0
	757.144984601 29 460000.0
	693.035880412 30 460000.0
	617.446174027 31 460000.0
	522.588594905 32 460000.0
	1231.32388182 15 510000.0
	1210.37797136 16 510000.0
	1190.08242618 17 510000.0
	1168.47608814 18 510000.0
	1144.74352607 19 510000.0
	1118.63386757 20 510000.0
	1090.11794653 21 510000.0
	1059.20584126 22 510000.0
	1025.85885392 23 510000.0
	989.948218823 24 510000.0
	951.230096706 25 510000.0
	909.317690866 26 510000.0
	863.635437554 27 510000.0
	813.336243911 28 510000.0
	757.144984601 29 510000.0
	693.035880412 30 510000.0
	617.446174027 31 510000.0
	522.588594905 32 510000.0
