
	316.83837203 15 10000.0
	325.434593187 16 10000.0
	333.38964607 17 10000.0
	340.720619306 18 10000.0
	347.428111247 19 10000.0
	353.503923152 20 10000.0
	358.936513509 21 10000.0
	363.714265008 22 10000.0
	367.827083815 23 10000.0
	371.266832491 24 10000.0
	374.026917145 25 10000.0
	376.10108594 26 10000.0
	377.48109476 27 10000.0
	378.152142585 28 10000.0
	378.083234588 29 10000.0
	377.204682627 30 10000.0
	375.347220211 31 10000.0
	372.031450161 32 10000.0
	316.83837203 15 60000.0
	325.434593187 16 60000.0
	333.38964607 17 60000.0
	340.720619306 18 60000.0
	347.428111247 19 60000.0
	353.503923152 20 60000.0
	358.936513509 21 60000.0
	363.714265008 22 60000.0
	367.827083815 23 60000.0
	371.266832491 24 60000.0
	374.026917145 25 60000.0
	376.10108594 26 60000.0
	377.48109476 27 60000.0
	378.152142585 28 60000.0
	378.083234588 29 60000.0
	377.204682627 30 60000.0
	375.347220211 31 60000.0
	372.031450161 32 60000.0
	316.83837203 15 110000.0
	325.434593187 16 110000.0
	333.38964607 17 110000.0
	340.720619306 18 110000.0
	347.428111247 19 110000.0
	353.503923152 20 110000.0
	358.936513509 21 110000.0
	363.714265008 22 110000.0
	367.827083815 23 110000.0
	371.266832491 24 110000.0
	374.026917145 25 110000.0
	376.10108594 26 110000.0
	377.48109476 27 110000.0
	378.152142585 28 110000.0
	378.083234588 29 110000.0
	377.204682627 30 110000.0
	375.347220211 31 110000.0
	372.031450161 32 110000.0
	316.83837203 15 160000.0
	325.434593187 16 160000.0
	333.38964607 17 160000.0
	340.720619306 18 160000.0
	347.428111247 19 160000.0
	353.503923152 20 160000.0
	358.936513509 21 160000.0
	363.714265008 22 160000.0
	367.827083815 23 160000.0
	371.266832491 24 160000.0
	374.026917145 25 160000.0
	376.10108594 26 160000.0
	377.48109476 27 160000.0
	378.152142585 28 160000.0
	378.083234588 29 160000.0
	377.204682627 30 160000.0
	375.347220211 31 160000.0
	372.031450161 32 160000.0
	316.83837203 15 210000.0
	325.434593187 16 210000.0
	333.38964607 17 210000.0
	340.720619306 18 210000.0
	347.428111247 19 210000.0
	353.503923152 20 210000.0
	358.936513509 21 210000.0
	363.714265008 22 210000.0
	367.827083815 23 210000.0
	371.266832491 24 210000.0
	374.026917145 25 210000.0
	376.10108594 26 210000.0
	377.48109476 27 210000.0
	378.152142585 28 210000.0
	378.083234588 29 210000.0
	377.204682627 30 210000.0
	375.347220211 31 210000.0
	372.031450161 32 210000.0
	316.83837203 15 260000.0
	325.434593187 16 260000.0
	333.38964607 17 260000.0
	340.720619306 18 260000.0
	347.428111247 19 260000.0
	353.503923152 20 260000.0
	358.936513509 21 260000.0
	363.714265008 22 260000.0
	367.827083815 23 260000.0
	371.266832491 24 260000.0
	374.026917145 25 260000.0
	376.10108594 26 260000.0
	377.48109476 27 260000.0
	378.152142585 28 260000.0
	378.083234588 29 260000.0
	377.204682627 30 260000.0
	375.347220211 31 260000.0
	372.031450161 32 260000.0
	316.83837203 15 310000.0
	325.434593187 16 310000.0
	333.38964607 17 310000.0
	340.720619306 18 310000.0
	347.428111247 19 310000.0
	353.503923152 20 310000.0
	358.936513509 21 310000.0
	363.714265008 22 310000.0
	367.827083815 23 310000.0
	371.266832491 24 310000.0
	374.026917145 25 310000.0
	376.10108594 26 310000.0
	377.48109476 27 310000.0
	378.152142585 28 310000.0
	378.083234588 29 310000.0
	377.204682627 30 310000.0
	375.347220211 31 310000.0
	372.031450161 32 310000.0
	316.83837203 15 360000.0
	325.434593187 16 360000.0
	333.38964607 17 360000.0
	340.720619306 18 360000.0
	347.428111247 19 360000.0
	353.503923152 20 360000.0
	358.936513509 21 360000.0
	363.714265008 22 360000.0
	367.827083815 23 360000.0
	371.266832491 24 360000.0
	374.026917145 25 360000.0
	376.10108594 26 360000.0
	377.48109476 27 360000.0
	378.152142585 28 360000.0
	378.083234588 29 360000.0
	377.204682627 30 360000.0
	375.347220211 31 360000.0
	372.031450161 32 360000.0
	316.83837203 15 410000.0
	325.434593187 16 410000.0
	333.38964607 17 410000.0
	340.720619306 18 410000.0
	347.428111247 19 410000.0
	353.503923152 20 410000.0
	358.936513509 21 410000.0
	363.714265008 22 410000.0
	367.827083815 23 410000.0
	371.266832491 24 410000.0
	374.026917145 25 410000.0
	376.10108594 26 410000.0
	377.48109476 27 410000.0
	378.152142585 28 410000.0
	378.083234588 29 410000.0
	377.204682627 30 410000.0
	375.347220211 31 410000.0
	372.031450161 32 410000.0
	316.83837203 15 460000.0
	325.434593187 16 460000.0
	333.38964607 17 460000.0
	340.720619306 18 460000.0
	347.428111247 19 460000.0
	353.503923152 20 460000.0
	358.936513509 21 460000.0
	363.714265008 22 460000.0
	367.827083815 23 460000.0
	371.266832491 24 460000.0
	374.026917145 25 460000.0
	376.10108594 26 460000.0
	377.48109476 27 460000.0
	378.152142585 28 460000.0
	378.083234588 29 460000.0
	377.204682627 30 460000.0
	375.347220211 31 460000.0
	372.031450161 32 460000.0
	316.83837203 15 510000.0
	325.434593187 16 510000.0
	333.38964607 17 510000.0
	340.720619306 18 510000.0
	347.428111247 19 510000.0
	353.503923152 20 510000.0
	358.936513509 21 510000.0
	363.714265008 22 510000.0
	367.827083815 23 510000.0
	371.266832491 24 510000.0
	374.026917145 25 510000.0
	376.10108594 26 510000.0
	377.48109476 27 510000.0
	378.152142585 28 510000.0
	378.083234588 29 510000.0
	377.204682627 30 510000.0
	375.347220211 31 510000.0
	372.031450161 32 510000.0
