
	5261.60349905 15 10000.0
	2324.28715302 16 10000.0
	2661.70207049 17 10000.0
	3041.30742862 18 10000.0
	3462.91875757 19 10000.0
	3931.72512472 20 10000.0
	4457.22659556 21 10000.0
	5053.42257712 22 10000.0
	5740.15139457 23 10000.0
	6545.88516599 24 10000.0
	7512.91687792 25 10000.0
	8707.17292104 26 10000.0
	10238.0603198 27 10000.0
	12302.7525157 28 10000.0
	15299.2819698 29 10000.0
	20177.1597167 30 10000.0
	29918.7726954 31 10000.0
	61179.2182275 32 10000.0
	5261.60349905 15 60000.0
	2324.28715302 16 60000.0
	2661.70207049 17 60000.0
	3041.30742862 18 60000.0
	3462.91875757 19 60000.0
	3931.72512472 20 60000.0
	4457.22659556 21 60000.0
	5053.42257712 22 60000.0
	5740.15139457 23 60000.0
	6545.88516599 24 60000.0
	7512.91687792 25 60000.0
	8707.17292104 26 60000.0
	10238.0603198 27 60000.0
	12302.7525157 28 60000.0
	15299.2819698 29 60000.0
	20177.1597167 30 60000.0
	29918.7726954 31 60000.0
	61179.2182275 32 60000.0
	5261.60349905 15 110000.0
	2324.28715302 16 110000.0
	2661.70207049 17 110000.0
	3041.30742862 18 110000.0
	3462.91875757 19 110000.0
	3931.72512472 20 110000.0
	4457.22659556 21 110000.0
	5053.42257712 22 110000.0
	5740.15139457 23 110000.0
	6545.88516599 24 110000.0
	7512.91687792 25 110000.0
	8707.17292104 26 110000.0
	10238.0603198 27 110000.0
	12302.7525157 28 110000.0
	15299.2819698 29 110000.0
	20177.1597167 30 110000.0
	29918.7726954 31 110000.0
	61179.2182275 32 110000.0
	5261.60349905 15 160000.0
	2324.28715302 16 160000.0
	2661.70207049 17 160000.0
	3041.30742862 18 160000.0
	3462.91875757 19 160000.0
	3931.72512472 20 160000.0
	4457.22659556 21 160000.0
	5053.42257712 22 160000.0
	5740.15139457 23 160000.0
	6545.88516599 24 160000.0
	7512.91687792 25 160000.0
	8707.17292104 26 160000.0
	10238.0603198 27 160000.0
	12302.7525157 28 160000.0
	15299.2819698 29 160000.0
	20177.1597167 30 160000.0
	29918.7726954 31 160000.0
	61179.2182275 32 160000.0
	5261.60349905 15 210000.0
	2324.28715302 16 210000.0
	2661.70207049 17 210000.0
	3041.30742862 18 210000.0
	3462.91875757 19 210000.0
	3931.72512472 20 210000.0
	4457.22659556 21 210000.0
	5053.42257712 22 210000.0
	5740.15139457 23 210000.0
	6545.88516599 24 210000.0
	7512.91687792 25 210000.0
	8707.17292104 26 210000.0
	10238.0603198 27 210000.0
	12302.7525157 28 210000.0
	15299.2819698 29 210000.0
	20177.1597167 30 210000.0
	29918.7726954 31 210000.0
	61179.2182275 32 210000.0
	5261.60349905 15 260000.0
	2324.28715302 16 260000.0
	2661.70207049 17 260000.0
	3041.30742862 18 260000.0
	3462.91875757 19 260000.0
	3931.72512472 20 260000.0
	4457.22659556 21 260000.0
	5053.42257712 22 260000.0
	5740.15139457 23 260000.0
	6545.88516599 24 260000.0
	7512.91687792 25 260000.0
	8707.17292104 26 260000.0
	10238.0603198 27 260000.0
	12302.7525157 28 260000.0
	15299.2819698 29 260000.0
	20177.1597167 30 260000.0
	29918.7726954 31 260000.0
	61179.2182275 32 260000.0
	5261.60349905 15 310000.0
	2324.28715302 16 310000.0
	2661.70207049 17 310000.0
	3041.30742862 18 310000.0
	3462.91875757 19 310000.0
	3931.72512472 20 310000.0
	4457.22659556 21 310000.0
	5053.42257712 22 310000.0
	5740.15139457 23 310000.0
	6545.88516599 24 310000.0
	7512.91687792 25 310000.0
	8707.17292104 26 310000.0
	10238.0603198 27 310000.0
	12302.7525157 28 310000.0
	15299.2819698 29 310000.0
	20177.1597167 30 310000.0
	29918.7726954 31 310000.0
	61179.2182275 32 310000.0
	5261.60349905 15 360000.0
	2324.28715302 16 360000.0
	2661.70207049 17 360000.0
	3041.30742862 18 360000.0
	3462.91875757 19 360000.0
	3931.72512472 20 360000.0
	4457.22659556 21 360000.0
	5053.42257712 22 360000.0
	5740.15139457 23 360000.0
	6545.88516599 24 360000.0
	7512.91687792 25 360000.0
	8707.17292104 26 360000.0
	10238.0603198 27 360000.0
	12302.7525157 28 360000.0
	15299.2819698 29 360000.0
	20177.1597167 30 360000.0
	29918.7726954 31 360000.0
	61179.2182275 32 360000.0
	5261.60349905 15 410000.0
	2324.28715302 16 410000.0
	2661.70207049 17 410000.0
	3041.30742862 18 410000.0
	3462.91875757 19 410000.0
	3931.72512472 20 410000.0
	4457.22659556 21 410000.0
	5053.42257712 22 410000.0
	5740.15139457 23 410000.0
	6545.88516599 24 410000.0
	7512.91687792 25 410000.0
	8707.17292104 26 410000.0
	10238.0603198 27 410000.0
	12302.7525157 28 410000.0
	15299.2819698 29 410000.0
	20177.1597167 30 410000.0
	29918.7726954 31 410000.0
	61179.2182275 32 410000.0
	5261.60349905 15 460000.0
	2324.28715302 16 460000.0
	2661.70207049 17 460000.0
	3041.30742862 18 460000.0
	3462.91875757 19 460000.0
	3931.72512472 20 460000.0
	4457.22659556 21 460000.0
	5053.42257712 22 460000.0
	5740.15139457 23 460000.0
	6545.88516599 24 460000.0
	7512.91687792 25 460000.0
	8707.17292104 26 460000.0
	10238.0603198 27 460000.0
	12302.7525157 28 460000.0
	15299.2819698 29 460000.0
	20177.1597167 30 460000.0
	29918.7726954 31 460000.0
	61179.2182275 32 460000.0
	5261.60349905 15 510000.0
	2324.28715302 16 510000.0
	2661.70207049 17 510000.0
	3041.30742862 18 510000.0
	3462.91875757 19 510000.0
	3931.72512472 20 510000.0
	4457.22659556 21 510000.0
	5053.42257712 22 510000.0
	5740.15139457 23 510000.0
	6545.88516599 24 510000.0
	7512.91687792 25 510000.0
	8707.17292104 26 510000.0
	10238.0603198 27 510000.0
	12302.7525157 28 510000.0
	15299.2819698 29 510000.0
	20177.1597167 30 510000.0
	29918.7726954 31 510000.0
	61179.2182275 32 510000.0
