
	6281.80839891 15 10000.0
	4546.76941773 16 10000.0
	4705.90989693 17 10000.0
	4906.52485401 18 10000.0
	5157.67880154 19 10000.0
	5470.49327575 20 10000.0
	5859.25535368 21 10000.0
	6343.17437655 22 10000.0
	6949.16699317 23 10000.0
	7716.45562412 24 10000.0
	8704.59756769 25 10000.0
	10008.4555235 26 10000.0
	11788.3908682 27 10000.0
	14337.4949975 28 10000.0
	18252.454016 29 10000.0
	24958.3430122 30 10000.0
	38889.158829 31 10000.0
	84055.5126967 32 10000.0
	6281.80839891 15 60000.0
	4546.76941773 16 60000.0
	4705.90989693 17 60000.0
	4906.52485401 18 60000.0
	5157.67880154 19 60000.0
	5470.49327575 20 60000.0
	5859.25535368 21 60000.0
	6343.17437655 22 60000.0
	6949.16699317 23 60000.0
	7716.45562412 24 60000.0
	8704.59756769 25 60000.0
	10008.4555235 26 60000.0
	11788.3908682 27 60000.0
	14337.4949975 28 60000.0
	18252.454016 29 60000.0
	24958.3430122 30 60000.0
	38889.158829 31 60000.0
	84055.5126967 32 60000.0
	6281.80839891 15 110000.0
	4546.76941773 16 110000.0
	4705.90989693 17 110000.0
	4906.52485401 18 110000.0
	5157.67880154 19 110000.0
	5470.49327575 20 110000.0
	5859.25535368 21 110000.0
	6343.17437655 22 110000.0
	6949.16699317 23 110000.0
	7716.45562412 24 110000.0
	8704.59756769 25 110000.0
	10008.4555235 26 110000.0
	11788.3908682 27 110000.0
	14337.4949975 28 110000.0
	18252.454016 29 110000.0
	24958.3430122 30 110000.0
	38889.158829 31 110000.0
	84055.5126967 32 110000.0
	6281.80839891 15 160000.0
	4546.76941773 16 160000.0
	4705.90989693 17 160000.0
	4906.52485401 18 160000.0
	5157.67880154 19 160000.0
	5470.49327575 20 160000.0
	5859.25535368 21 160000.0
	6343.17437655 22 160000.0
	6949.16699317 23 160000.0
	7716.45562412 24 160000.0
	8704.59756769 25 160000.0
	10008.4555235 26 160000.0
	11788.3908682 27 160000.0
	14337.4949975 28 160000.0
	18252.454016 29 160000.0
	24958.3430122 30 160000.0
	38889.158829 31 160000.0
	84055.5126967 32 160000.0
	6281.80839891 15 210000.0
	4546.76941773 16 210000.0
	4705.90989693 17 210000.0
	4906.52485401 18 210000.0
	5157.67880154 19 210000.0
	5470.49327575 20 210000.0
	5859.25535368 21 210000.0
	6343.17437655 22 210000.0
	6949.16699317 23 210000.0
	7716.45562412 24 210000.0
	8704.59756769 25 210000.0
	10008.4555235 26 210000.0
	11788.3908682 27 210000.0
	14337.4949975 28 210000.0
	18252.454016 29 210000.0
	24958.3430122 30 210000.0
	38889.158829 31 210000.0
	84055.5126967 32 210000.0
	6281.80839891 15 260000.0
	4546.76941773 16 260000.0
	4705.90989693 17 260000.0
	4906.52485401 18 260000.0
	5157.67880154 19 260000.0
	5470.49327575 20 260000.0
	5859.25535368 21 260000.0
	6343.17437655 22 260000.0
	6949.16699317 23 260000.0
	7716.45562412 24 260000.0
	8704.59756769 25 260000.0
	10008.4555235 26 260000.0
	11788.3908682 27 260000.0
	14337.4949975 28 260000.0
	18252.454016 29 260000.0
	24958.3430122 30 260000.0
	38889.158829 31 260000.0
	84055.5126967 32 260000.0
	6281.80839891 15 310000.0
	4546.76941773 16 310000.0
	4705.90989693 17 310000.0
	4906.52485401 18 310000.0
	5157.67880154 19 310000.0
	5470.49327575 20 310000.0
	5859.25535368 21 310000.0
	6343.17437655 22 310000.0
	6949.16699317 23 310000.0
	7716.45562412 24 310000.0
	8704.59756769 25 310000.0
	10008.4555235 26 310000.0
	11788.3908682 27 310000.0
	14337.4949975 28 310000.0
	18252.454016 29 310000.0
	24958.3430122 30 310000.0
	38889.158829 31 310000.0
	84055.5126967 32 310000.0
	6281.80839891 15 360000.0
	4546.76941773 16 360000.0
	4705.90989693 17 360000.0
	4906.52485401 18 360000.0
	5157.67880154 19 360000.0
	5470.49327575 20 360000.0
	5859.25535368 21 360000.0
	6343.17437655 22 360000.0
	6949.16699317 23 360000.0
	7716.45562412 24 360000.0
	8704.59756769 25 360000.0
	10008.4555235 26 360000.0
	11788.3908682 27 360000.0
	14337.4949975 28 360000.0
	18252.454016 29 360000.0
	24958.3430122 30 360000.0
	38889.158829 31 360000.0
	84055.5126967 32 360000.0
	6281.80839891 15 410000.0
	4546.76941773 16 410000.0
	4705.90989693 17 410000.0
	4906.52485401 18 410000.0
	5157.67880154 19 410000.0
	5470.49327575 20 410000.0
	5859.25535368 21 410000.0
	6343.17437655 22 410000.0
	6949.16699317 23 410000.0
	7716.45562412 24 410000.0
	8704.59756769 25 410000.0
	10008.4555235 26 410000.0
	11788.3908682 27 410000.0
	14337.4949975 28 410000.0
	18252.454016 29 410000.0
	24958.3430122 30 410000.0
	38889.158829 31 410000.0
	84055.5126967 32 410000.0
	6281.80839891 15 460000.0
	4546.76941773 16 460000.0
	4705.90989693 17 460000.0
	4906.52485401 18 460000.0
	5157.67880154 19 460000.0
	5470.49327575 20 460000.0
	5859.25535368 21 460000.0
	6343.17437655 22 460000.0
	6949.16699317 23 460000.0
	7716.45562412 24 460000.0
	8704.59756769 25 460000.0
	10008.4555235 26 460000.0
	11788.3908682 27 460000.0
	14337.4949975 28 460000.0
	18252.454016 29 460000.0
	24958.3430122 30 460000.0
	38889.158829 31 460000.0
	84055.5126967 32 460000.0
	6281.80839891 15 510000.0
	4546.76941773 16 510000.0
	4705.90989693 17 510000.0
	4906.52485401 18 510000.0
	5157.67880154 19 510000.0
	5470.49327575 20 510000.0
	5859.25535368 21 510000.0
	6343.17437655 22 510000.0
	6949.16699317 23 510000.0
	7716.45562412 24 510000.0
	8704.59756769 25 510000.0
	10008.4555235 26 510000.0
	11788.3908682 27 510000.0
	14337.4949975 28 510000.0
	18252.454016 29 510000.0
	24958.3430122 30 510000.0
	38889.158829 31 510000.0
	84055.5126967 32 510000.0
