
	347329.709479 15 10000.0
	353673.520307 16 10000.0
	359986.190667 17 10000.0
	366272.678599 18 10000.0
	372539.138804 19 10000.0
	378790.905575 20 10000.0
	385032.0475 21 10000.0
	391265.483794 22 10000.0
	397493.244111 23 10000.0
	403716.719287 24 10000.0
	409936.86016 25 10000.0
	416154.322407 26 10000.0
	422369.567655 27 10000.0
	428582.932622 28 10000.0
	434794.676208 29 10000.0
	441005.011905 30 10000.0
	447214.13072 31 10000.0
	453422.218116 32 10000.0
	-45445.5656621 15 60000.0
	-37987.3651836 16 60000.0
	-30148.6404413 17 60000.0
	-21881.607832 18 60000.0
	366776.429155 19 60000.0
	373518.43857 20 60000.0
	380146.296077 21 60000.0
	386694.6743 22 60000.0
	393186.593843 23 60000.0
	399637.391543 24 60000.0
	406057.363111 25 60000.0
	412453.502805 26 60000.0
	418830.640851 27 60000.0
	425192.184915 28 60000.0
	431540.603612 29 60000.0
	437877.742867 30 60000.0
	444205.034283 31 60000.0
	450523.633823 32 60000.0
	-45554.1584468 15 110000.0
	-38112.8458017 16 110000.0
	-30294.0987162 17 110000.0
	-22050.417592 18 110000.0
	-13330.7765895 19 110000.0
	-4080.32868073 20 110000.0
	374516.131748 21 110000.0
	381567.908127 22 110000.0
	388454.781039 23 110000.0
	395226.233718 24 110000.0
	401914.266516 25 110000.0
	408540.040266 26 110000.0
	415117.857587 27 110000.0
	421657.609838 28 110000.0
	428166.309332 29 110000.0
	434649.063567 30 110000.0
	441109.703353 31 110000.0
	447551.193454 32 110000.0
	-45661.8415564 15 160000.0
	-38237.2543856 16 160000.0
	-30438.2751359 17 160000.0
	-22217.6729012 18 160000.0
	-13525.0662026 19 160000.0
	-4306.64996552 20 160000.0
	5497.89268314 21 160000.0
	375691.385031 22 160000.0
	383174.802966 23 160000.0
	390402.178222 24 160000.0
	397452.477228 25 160000.0
	404375.524489 26 160000.0
	411203.851902 27 160000.0
	417959.343837 28 160000.0
	424657.140955 29 160000.0
	431308.012374 30 160000.0
	437919.83555 31 160000.0
	444498.540068 32 160000.0
	-45768.6247727 15 210000.0
	-38360.6035449 16 210000.0
	-30581.186299 17 210000.0
	-22383.3960992 18 210000.0
	-13717.4724078 19 210000.0
	-4530.61488496 20 210000.0
	5235.98683863 21 210000.0
	15652.8512122 22 210000.0
	26811.2819756 23 210000.0
	385048.292825 24 210000.0
	392596.716059 25 210000.0
	399909.677405 26 210000.0
	407054.029606 27 210000.0
	414072.990463 28 210000.0
	420995.533075 29 210000.0
	427841.716605 30 210000.0
	434625.85259 31 210000.0
	441358.452122 32 210000.0
	-45874.5177095 15 260000.0
	-38482.9056494 16 260000.0
	-30722.8484546 17 260000.0
	-22547.6090017 18 260000.0
	-13908.0252177 19 260000.0
	-4752.26592474 20 260000.0
	4977.03055966 21 260000.0
	15348.2112595 22 260000.0
	26449.2047535 23 260000.0
	378984.745041 24 260000.0
	387239.435893 25 260000.0
	395074.548141 26 260000.0
	402623.618292 27 260000.0
	409968.052707 28 260000.0
	417160.143335 29 260000.0
	424234.901874 30 260000.0
	431216.614629 31 260000.0
	438122.673685 32 260000.0
	-45979.5298164 15 310000.0
	-38604.1728359 16 310000.0
	-30863.277513 17 310000.0
	-22710.3329173 18 310000.0
	-14096.7538627 19 310000.0
	-4971.64431621 20 310000.0
	4720.96370004 21 310000.0
	15047.3386261 22 310000.0
	26092.2003288 23 310000.0
	37971.7335878 24 310000.0
	381217.460889 25 310000.0
	389774.451369 26 310000.0
	397852.963498 27 310000.0
	405605.592656 28 310000.0
	413124.629648 29 310000.0
	420469.227642 30 310000.0
	427679.047473 31 310000.0
	434781.699748 32 310000.0
	-46083.670383 15 360000.0
	-38724.4170147 16 360000.0
	-31002.4890558 17 360000.0
	-22871.5886652 18 360000.0
	-14283.6868199 19 360000.0
	-5188.79008839 20 360000.0
	4467.72812101 21 360000.0
	14750.14539 22 360000.0
	25740.1287282 23 360000.0
	37548.9246864 24 360000.0
	50338.4696053 25 360000.0
	383867.074992 26 360000.0
	392659.600012 27 360000.0
	400934.59549 28 360000.0
	408855.868058 29 360000.0
	416522.367389 30 360000.0
	423997.647941 31 360000.0
	431324.501307 32 360000.0
	-46186.9485425 15 410000.0
	-38843.6498753 16 410000.0
	-31140.4983451 17 410000.0
	-23031.39659 18 410000.0
	-14468.8518403 19 410000.0
	-5403.74211725 20 410000.0
	4217.2675975 21 410000.0
	14456.5469835 22 410000.0
	25392.8562788 23 410000.0
	37132.7806388 24 410000.0
	49830.228147 25 410000.0
	63724.0190635 26 410000.0
	386923.902478 27 410000.0
	395886.037353 28 410000.0
	404311.263245 29 410000.0
	412366.702482 30 410000.0
	420153.815037 31 410000.0
	427738.168297 32 410000.0
	-46289.3732758 15 460000.0
	-38961.8828921 16 460000.0
	-31277.3203332 17 460000.0
	-23189.7765778 18 460000.0
	-14652.2759751 19 460000.0
	-5616.53817232 20 460000.0
	3969.52773003 21 460000.0
	14166.4620146 22 460000.0
	25050.255215 23 460000.0
	36723.08792 24 460000.0
	49331.3684774 25 460000.0
	63099.8759077 26 460000.0
	380460.534223 27 460000.0
	390362.592932 28 460000.0
	399434.51527 29 460000.0
	407967.411384 30 460000.0
	416124.925834 31 460000.0
	424007.438392 32 460000.0
	-46390.9534149 15 510000.0
	-39079.1273306 16 510000.0
	-31412.9696714 17 510000.0
	-23346.7480703 18 510000.0
	-14833.9856003 19 510000.0
	-5827.21496094 20 510000.0
	3724.45586173 21 510000.0
	13879.8121005 22 510000.0
	24712.2033168 23 510000.0
	36319.6441228 24 510000.0
	48841.5268844 25 510000.0
	62489.6990713 26 510000.0
	77615.061292 27 510000.0
	384219.289803 28 510000.0
	394148.601169 29 510000.0
	403279.573476 30 510000.0
	411883.026362 31 510000.0
	420114.063921 32 510000.0
