
	407190.497148 15 10000.0
	415827.496038 16 10000.0
	423966.020377 17 10000.0
	431521.729479 18 10000.0
	438409.321833 19 10000.0
	444543.376526 20 10000.0
	449837.1714 21 10000.0
	454199.691613 22 10000.0
	457530.876203 23 10000.0
	459714.756539 24 10000.0
	460609.491321 25 10000.0
	460032.148636 26 10000.0
	457733.725812 27 10000.0
	453354.38615 28 10000.0
	446334.104008 29 10000.0
	435706.653259 30 10000.0
	419509.52711 31 10000.0
	392264.197958 32 10000.0
	407190.497148 15 60000.0
	415827.496038 16 60000.0
	423966.020377 17 60000.0
	431521.729479 18 60000.0
	438409.321833 19 60000.0
	444543.376526 20 60000.0
	449837.1714 21 60000.0
	454199.691613 22 60000.0
	457530.876203 23 60000.0
	459714.756539 24 60000.0
	460609.491321 25 60000.0
	460032.148636 26 60000.0
	457733.725812 27 60000.0
	453354.38615 28 60000.0
	446334.104008 29 60000.0
	435706.653259 30 60000.0
	419509.52711 31 60000.0
	392264.197958 32 60000.0
	407190.497148 15 110000.0
	415827.496038 16 110000.0
	423966.020377 17 110000.0
	431521.729479 18 110000.0
	438409.321833 19 110000.0
	444543.376526 20 110000.0
	449837.1714 21 110000.0
	454199.691613 22 110000.0
	457530.876203 23 110000.0
	459714.756539 24 110000.0
	460609.491321 25 110000.0
	460032.148636 26 110000.0
	457733.725812 27 110000.0
	453354.38615 28 110000.0
	446334.104008 29 110000.0
	435706.653259 30 110000.0
	419509.52711 31 110000.0
	392264.197958 32 110000.0
	407190.497148 15 160000.0
	415827.496038 16 160000.0
	423966.020377 17 160000.0
	431521.729479 18 160000.0
	438409.321833 19 160000.0
	444543.376526 20 160000.0
	449837.1714 21 160000.0
	454199.691613 22 160000.0
	457530.876203 23 160000.0
	459714.756539 24 160000.0
	460609.491321 25 160000.0
	460032.148636 26 160000.0
	457733.725812 27 160000.0
	453354.38615 28 160000.0
	446334.104008 29 160000.0
	435706.653259 30 160000.0
	419509.52711 31 160000.0
	392264.197958 32 160000.0
	407190.497148 15 210000.0
	415827.496038 16 210000.0
	423966.020377 17 210000.0
	431521.729479 18 210000.0
	438409.321833 19 210000.0
	444543.376526 20 210000.0
	449837.1714 21 210000.0
	454199.691613 22 210000.0
	457530.876203 23 210000.0
	459714.756539 24 210000.0
	460609.491321 25 210000.0
	460032.148636 26 210000.0
	457733.725812 27 210000.0
	453354.38615 28 210000.0
	446334.104008 29 210000.0
	435706.653259 30 210000.0
	419509.52711 31 210000.0
	392264.197958 32 210000.0
	407190.497148 15 260000.0
	415827.496038 16 260000.0
	423966.020377 17 260000.0
	431521.729479 18 260000.0
	438409.321833 19 260000.0
	444543.376526 20 260000.0
	449837.1714 21 260000.0
	454199.691613 22 260000.0
	457530.876203 23 260000.0
	459714.756539 24 260000.0
	460609.491321 25 260000.0
	460032.148636 26 260000.0
	457733.725812 27 260000.0
	453354.38615 28 260000.0
	446334.104008 29 260000.0
	435706.653259 30 260000.0
	419509.52711 31 260000.0
	392264.197958 32 260000.0
	407190.497148 15 310000.0
	415827.496038 16 310000.0
	423966.020377 17 310000.0
	431521.729479 18 310000.0
	438409.321833 19 310000.0
	444543.376526 20 310000.0
	449837.1714 21 310000.0
	454199.691613 22 310000.0
	457530.876203 23 310000.0
	459714.756539 24 310000.0
	460609.491321 25 310000.0
	460032.148636 26 310000.0
	457733.725812 27 310000.0
	453354.38615 28 310000.0
	446334.104008 29 310000.0
	435706.653259 30 310000.0
	419509.52711 31 310000.0
	392264.197958 32 310000.0
	407190.497148 15 360000.0
	415827.496038 16 360000.0
	423966.020377 17 360000.0
	431521.729479 18 360000.0
	438409.321833 19 360000.0
	444543.376526 20 360000.0
	449837.1714 21 360000.0
	454199.691613 22 360000.0
	457530.876203 23 360000.0
	459714.756539 24 360000.0
	460609.491321 25 360000.0
	460032.148636 26 360000.0
	457733.725812 27 360000.0
	453354.38615 28 360000.0
	446334.104008 29 360000.0
	435706.653259 30 360000.0
	419509.52711 31 360000.0
	392264.197958 32 360000.0
	407190.497148 15 410000.0
	415827.496038 16 410000.0
	423966.020377 17 410000.0
	431521.729479 18 410000.0
	438409.321833 19 410000.0
	444543.376526 20 410000.0
	449837.1714 21 410000.0
	454199.691613 22 410000.0
	457530.876203 23 410000.0
	459714.756539 24 410000.0
	460609.491321 25 410000.0
	460032.148636 26 410000.0
	457733.725812 27 410000.0
	453354.38615 28 410000.0
	446334.104008 29 410000.0
	435706.653259 30 410000.0
	419509.52711 31 410000.0
	392264.197958 32 410000.0
	407190.497148 15 460000.0
	415827.496038 16 460000.0
	423966.020377 17 460000.0
	431521.729479 18 460000.0
	438409.321833 19 460000.0
	444543.376526 20 460000.0
	449837.1714 21 460000.0
	454199.691613 22 460000.0
	457530.876203 23 460000.0
	459714.756539 24 460000.0
	460609.491321 25 460000.0
	460032.148636 26 460000.0
	457733.725812 27 460000.0
	453354.38615 28 460000.0
	446334.104008 29 460000.0
	435706.653259 30 460000.0
	419509.52711 31 460000.0
	392264.197958 32 460000.0
	407190.497148 15 510000.0
	415827.496038 16 510000.0
	423966.020377 17 510000.0
	431521.729479 18 510000.0
	438409.321833 19 510000.0
	444543.376526 20 510000.0
	449837.1714 21 510000.0
	454199.691613 22 510000.0
	457530.876203 23 510000.0
	459714.756539 24 510000.0
	460609.491321 25 510000.0
	460032.148636 26 510000.0
	457733.725812 27 510000.0
	453354.38615 28 510000.0
	446334.104008 29 510000.0
	435706.653259 30 510000.0
	419509.52711 31 510000.0
	392264.197958 32 510000.0
