
	0.0113249696305 15 10000.0
	0.0122524059697 16 10000.0
	0.0132176822291 17 10000.0
	0.0142253964808 18 10000.0
	0.0152807743431 19 10000.0
	0.0163900140156 20 10000.0
	0.0175607945765 21 10000.0
	0.0188030328463 22 10000.0
	0.0201300407959 23 10000.0
	0.0215603618212 24 10000.0
	0.0231208193857 25 10000.0
	0.0248518636457 26 10000.0
	0.0268175962503 27 10000.0
	0.0291262054257 28 10000.0
	0.0319764175012 29 10000.0
	0.0357803891691 30 10000.0
	0.0415756141373 31 10000.0
	0.0532172222417 32 10000.0
	0.0113249696305 15 60000.0
	0.0122524059697 16 60000.0
	0.0132176822291 17 60000.0
	0.0142253964808 18 60000.0
	0.0152807743431 19 60000.0
	0.0163900140156 20 60000.0
	0.0175607945765 21 60000.0
	0.0188030328463 22 60000.0
	0.0201300407959 23 60000.0
	0.0215603618212 24 60000.0
	0.0231208193857 25 60000.0
	0.0248518636457 26 60000.0
	0.0268175962503 27 60000.0
	0.0291262054257 28 60000.0
	0.0319764175012 29 60000.0
	0.0357803891691 30 60000.0
	0.0415756141373 31 60000.0
	0.0532172222417 32 60000.0
	0.0113249696305 15 110000.0
	0.0122524059697 16 110000.0
	0.0132176822291 17 110000.0
	0.0142253964808 18 110000.0
	0.0152807743431 19 110000.0
	0.0163900140156 20 110000.0
	0.0175607945765 21 110000.0
	0.0188030328463 22 110000.0
	0.0201300407959 23 110000.0
	0.0215603618212 24 110000.0
	0.0231208193857 25 110000.0
	0.0248518636457 26 110000.0
	0.0268175962503 27 110000.0
	0.0291262054257 28 110000.0
	0.0319764175012 29 110000.0
	0.0357803891691 30 110000.0
	0.0415756141373 31 110000.0
	0.0532172222417 32 110000.0
	0.0113249696305 15 160000.0
	0.0122524059697 16 160000.0
	0.0132176822291 17 160000.0
	0.0142253964808 18 160000.0
	0.0152807743431 19 160000.0
	0.0163900140156 20 160000.0
	0.0175607945765 21 160000.0
	0.0188030328463 22 160000.0
	0.0201300407959 23 160000.0
	0.0215603618212 24 160000.0
	0.0231208193857 25 160000.0
	0.0248518636457 26 160000.0
	0.0268175962503 27 160000.0
	0.0291262054257 28 160000.0
	0.0319764175012 29 160000.0
	0.0357803891691 30 160000.0
	0.0415756141373 31 160000.0
	0.0532172222417 32 160000.0
	0.0113249696305 15 210000.0
	0.0122524059697 16 210000.0
	0.0132176822291 17 210000.0
	0.0142253964808 18 210000.0
	0.0152807743431 19 210000.0
	0.0163900140156 20 210000.0
	0.0175607945765 21 210000.0
	0.0188030328463 22 210000.0
	0.0201300407959 23 210000.0
	0.0215603618212 24 210000.0
	0.0231208193857 25 210000.0
	0.0248518636457 26 210000.0
	0.0268175962503 27 210000.0
	0.0291262054257 28 210000.0
	0.0319764175012 29 210000.0
	0.0357803891691 30 210000.0
	0.0415756141373 31 210000.0
	0.0532172222417 32 210000.0
	0.0113249696305 15 260000.0
	0.0122524059697 16 260000.0
	0.0132176822291 17 260000.0
	0.0142253964808 18 260000.0
	0.0152807743431 19 260000.0
	0.0163900140156 20 260000.0
	0.0175607945765 21 260000.0
	0.0188030328463 22 260000.0
	0.0201300407959 23 260000.0
	0.0215603618212 24 260000.0
	0.0231208193857 25 260000.0
	0.0248518636457 26 260000.0
	0.0268175962503 27 260000.0
	0.0291262054257 28 260000.0
	0.0319764175012 29 260000.0
	0.0357803891691 30 260000.0
	0.0415756141373 31 260000.0
	0.0532172222417 32 260000.0
	0.0113249696305 15 310000.0
	0.0122524059697 16 310000.0
	0.0132176822291 17 310000.0
	0.0142253964808 18 310000.0
	0.0152807743431 19 310000.0
	0.0163900140156 20 310000.0
	0.0175607945765 21 310000.0
	0.0188030328463 22 310000.0
	0.0201300407959 23 310000.0
	0.0215603618212 24 310000.0
	0.0231208193857 25 310000.0
	0.0248518636457 26 310000.0
	0.0268175962503 27 310000.0
	0.0291262054257 28 310000.0
	0.0319764175012 29 310000.0
	0.0357803891691 30 310000.0
	0.0415756141373 31 310000.0
	0.0532172222417 32 310000.0
	0.0113249696305 15 360000.0
	0.0122524059697 16 360000.0
	0.0132176822291 17 360000.0
	0.0142253964808 18 360000.0
	0.0152807743431 19 360000.0
	0.0163900140156 20 360000.0
	0.0175607945765 21 360000.0
	0.0188030328463 22 360000.0
	0.0201300407959 23 360000.0
	0.0215603618212 24 360000.0
	0.0231208193857 25 360000.0
	0.0248518636457 26 360000.0
	0.0268175962503 27 360000.0
	0.0291262054257 28 360000.0
	0.0319764175012 29 360000.0
	0.0357803891691 30 360000.0
	0.0415756141373 31 360000.0
	0.0532172222417 32 360000.0
	0.0113249696305 15 410000.0
	0.0122524059697 16 410000.0
	0.0132176822291 17 410000.0
	0.0142253964808 18 410000.0
	0.0152807743431 19 410000.0
	0.0163900140156 20 410000.0
	0.0175607945765 21 410000.0
	0.0188030328463 22 410000.0
	0.0201300407959 23 410000.0
	0.0215603618212 24 410000.0
	0.0231208193857 25 410000.0
	0.0248518636457 26 410000.0
	0.0268175962503 27 410000.0
	0.0291262054257 28 410000.0
	0.0319764175012 29 410000.0
	0.0357803891691 30 410000.0
	0.0415756141373 31 410000.0
	0.0532172222417 32 410000.0
	0.0113249696305 15 460000.0
	0.0122524059697 16 460000.0
	0.0132176822291 17 460000.0
	0.0142253964808 18 460000.0
	0.0152807743431 19 460000.0
	0.0163900140156 20 460000.0
	0.0175607945765 21 460000.0
	0.0188030328463 22 460000.0
	0.0201300407959 23 460000.0
	0.0215603618212 24 460000.0
	0.0231208193857 25 460000.0
	0.0248518636457 26 460000.0
	0.0268175962503 27 460000.0
	0.0291262054257 28 460000.0
	0.0319764175012 29 460000.0
	0.0357803891691 30 460000.0
	0.0415756141373 31 460000.0
	0.0532172222417 32 460000.0
	0.0113249696305 15 510000.0
	0.0122524059697 16 510000.0
	0.0132176822291 17 510000.0
	0.0142253964808 18 510000.0
	0.0152807743431 19 510000.0
	0.0163900140156 20 510000.0
	0.0175607945765 21 510000.0
	0.0188030328463 22 510000.0
	0.0201300407959 23 510000.0
	0.0215603618212 24 510000.0
	0.0231208193857 25 510000.0
	0.0248518636457 26 510000.0
	0.0268175962503 27 510000.0
	0.0291262054257 28 510000.0
	0.0319764175012 29 510000.0
	0.0357803891691 30 510000.0
	0.0415756141373 31 510000.0
	0.0532172222417 32 510000.0
