	7.06466304476e-07 15 10000.0
	7.67720146118e-07 16 10000.0
	8.27381647257e-07 17 10000.0
	8.85717590582e-07 18 10000.0
	9.42910221818e-07 19 10000.0
	9.99086928106e-07 20 10000.0
	1.05433953564e-06 21 10000.0
	1.10873667396e-06 22 10000.0
	1.16233166986e-06 23 10000.0
	1.2151675975e-06 24 10000.0
	1.26728052609e-06 25 10000.0
	1.31870162344e-06 26 10000.0
	1.36945853007e-06 27 10000.0
	1.41957626614e-06 28 10000.0
	1.46907783692e-06 29 10000.0
	1.51798464278e-06 30 10000.0
	1.56631676143e-06 31 10000.0
	1.61409314613e-06 32 10000.0
	2.23785259653e-05 15 60000.0
	2.00625328204e-05 16 60000.0
	1.81221110584e-05 17 60000.0
	1.64647339389e-05 18 60000.0
	9.23140999623e-07 19 60000.0
	9.84828251249e-07 20 60000.0
	1.0442509234e-06 21 60000.0
	1.10185372681e-06 22 60000.0
	1.15794689977e-06 23 60000.0
	1.21275270417e-06 24 60000.0
	1.26643455336e-06 25 60000.0
	1.31911569456e-06 26 60000.0
	1.37089143255e-06 27 60000.0
	1.42183727004e-06 28 60000.0
	1.472014417e-06 29 60000.0
	1.52147357695e-06 30 60000.0
	1.57025758726e-06 31 60000.0
	1.61840328718e-06 32 60000.0
	2.24586846224e-05 15 110000.0
	2.01347654186e-05 16 110000.0
	1.81881908002e-05 17 110000.0
	1.65260470328e-05 18 110000.0
	1.50859270677e-05 19 110000.0
	1.38225417247e-05 20 110000.0
	1.03414645714e-06 21 110000.0
	1.09524387971e-06 22 110000.0
	1.15399526719e-06 23 110000.0
	1.21085529127e-06 24 110000.0
	1.26614498027e-06 25 110000.0
	1.32009752364e-06 26 110000.0
	1.37288673442e-06 27 110000.0
	1.42464532357e-06 28 110000.0
	1.47547694191e-06 29 110000.0
	1.52546428992e-06 30 110000.0
	1.57467468402e-06 31 110000.0
	1.6231639431e-06 32 110000.0
	2.25388178886e-05 15 160000.0
	2.02069495189e-05 16 160000.0
	1.82542000446e-05 17 160000.0
	1.65872667308e-05 18 160000.0
	1.51434819625e-05 19 160000.0
	1.38773892576e-05 20 160000.0
	1.27540513454e-05 21 160000.0
	1.08899422814e-06 22 160000.0
	1.15059541965e-06 23 160000.0
	1.20959628191e-06 24 160000.0
	1.26652377965e-06 25 160000.0
	1.32174651873e-06 26 160000.0
	1.37553088983e-06 27 160000.0
	1.42807484273e-06 28 160000.0
	1.47952915287e-06 29 160000.0
	1.53001127939e-06 30 160000.0
	1.57961464467e-06 31 160000.0
	1.62841499043e-06 32 160000.0
	2.26189268748e-05 15 210000.0
	2.02790864847e-05 16 210000.0
	1.83201404753e-05 17 210000.0
	1.66483951434e-05 18 210000.0
	1.52009203528e-05 19 210000.0
	1.39320899727e-05 20 210000.0
	1.28068712634e-05 21 210000.0
	1.17971094295e-05 22 210000.0
	1.08791693131e-05 23 210000.0
	1.20914941712e-06 24 210000.0
	1.26772370723e-06 25 210000.0
	1.32419276501e-06 26 210000.0
	1.37893325469e-06 27 210000.0
	1.43221734595e-06 28 210000.0
	1.48424761209e-06 29 210000.0
	1.53517870669e-06 30 210000.0
	1.58513139021e-06 31 210000.0
	1.63420189698e-06 32 210000.0
	2.2699012668e-05 15 260000.0
	2.03511776483e-05 16 260000.0
	1.83860137348e-05 17 260000.0
	1.67094343262e-05 18 260000.0
	1.52582448671e-05 19 260000.0
	1.39866473274e-05 20 260000.0
	1.28595103676e-05 21 260000.0
	1.18486478427e-05 22 260000.0
	1.09304689825e-05 23 260000.0
	1.20978152498e-06 24 260000.0
	1.26996305071e-06 25 260000.0
	1.32761227663e-06 26 260000.0
	1.38323561113e-06 27 260000.0
	1.43718749737e-06 28 260000.0
	1.48972559876e-06 29 260000.0
	1.5410429464e-06 30 260000.0
	1.59128786106e-06 31 260000.0
	1.64057685775e-06 32 260000.0
	2.27790763321e-05 15 310000.0
	2.04232243126e-05 16 310000.0
	1.84518214265e-05 17 310000.0
	1.67703862811e-05 18 310000.0
	1.53154580588e-05 19 310000.0
	1.40410646692e-05 20 310000.0
	1.29119732001e-05 21 310000.0
	1.18999615374e-05 22 310000.0
	1.09814753791e-05 23 310000.0
	1.0135878044e-05 24 310000.0
	1.2735737793e-06 25 310000.0
	1.33225360404e-06 26 310000.0
	1.38862745832e-06 27 310000.0
	1.44313219377e-06 28 310000.0
	1.49607866504e-06 29 310000.0
	1.54769606668e-06 30 310000.0
	1.59815824276e-06 31 310000.0
	1.64760024373e-06 32 310000.0
	2.28591189084e-05 15 360000.0
	2.04952277512e-05 16 360000.0
	1.85175651159e-05 17 360000.0
	1.68312529587e-05 18 360000.0
	1.5372562409e-05 19 360000.0
	1.40953452401e-05 20 360000.0
	1.29642641411e-05 21 360000.0
	1.19510566838e-05 22 360000.0
	1.10321976646e-05 23 360000.0
	1.01871737661e-05 24 360000.0
	9.39687234466e-06 25 360000.0
	1.33848813304e-06 26 360000.0
	1.39537197091e-06 27 360000.0
	1.45024478872e-06 28 360000.0
	1.5034527981e-06 29 360000.0
	1.5552506876e-06 30 360000.0
	1.60583094536e-06 31 360000.0
	1.65534247454e-06 32 360000.0
	2.29391414165e-05 15 410000.0
	2.05671892098e-05 16 410000.0
	1.85832463315e-05 17 410000.0
	1.68920362598e-05 18 410000.0
	1.54295603296e-05 19 410000.0
	1.41494921814e-05 20 410000.0
	1.30163874175e-05 21 410000.0
	1.20019392041e-05 22 410000.0
	1.10826445708e-05 23 410000.0
	1.02381009292e-05 24 410000.0
	9.44945244533e-06 25 410000.0
	8.69746228647e-06 26 410000.0
	1.40385333156e-06 27 410000.0
	1.45878848288e-06 28 410000.0
	1.51203684056e-06 29 410000.0
	1.56384694075e-06 30 410000.0
	1.61441266941e-06 31 410000.0
	1.66388647448e-06 32 410000.0
	2.30191448546e-05 15 460000.0
	2.0639109907e-05 16 460000.0
	1.86488665661e-05 17 460000.0
	1.69527380373e-05 18 460000.0
	1.54864541657e-05 19 460000.0
	1.4203508538e-05 20 460000.0
	1.30683471102e-05 21 460000.0
	1.20526147866e-05 22 460000.0
	1.11328244274e-05 23 460000.0
	1.02886725347e-05 24 460000.0
	9.50153664916e-06 25 460000.0
	8.75267707811e-06 26 460000.0
	1.41467165707e-06 27 460000.0
	1.46913724421e-06 28 460000.0
	1.52208221153e-06 29 460000.0
	1.57366274486e-06 30 460000.0
	1.62403407908e-06 31 460000.0
	1.67333094738e-06 32 460000.0
	2.30991302002e-05 15 510000.0
	2.07109910348e-05 16 510000.0
	1.87144272783e-05 17 510000.0
	1.70133600978e-05 18 510000.0
	1.55432461983e-05 19 510000.0
	1.42573972623e-05 20 510000.0
	1.31201471607e-05 21 510000.0
	1.21030888978e-05 22 510000.0
	1.11827451869e-05 23 510000.0
	1.03389008841e-05 24 510000.0
	9.55314561985e-06 25 510000.0
	8.80718893966e-06 26 510000.0
	8.08011991672e-06 27 510000.0
	1.48185339793e-06 28 510000.0
	1.53393590403e-06 29 510000.0
	1.58492953206e-06 30 510000.0
	1.63485792131e-06 31 510000.0
	1.68379482456e-06 32 510000.0
