
	28917.4819277 15 10000.0
	29599.3270662 16 10000.0
	30236.9651431 17 10000.0
	30835.9609903 18 10000.0
	31400.9819822 19 10000.0
	31935.8923149 20 10000.0
	32443.900022 21 10000.0
	32927.6931333 22 10000.0
	33389.5494428 23 10000.0
	33831.4207202 24 10000.0
	34254.9964114 25 10000.0
	34661.7519633 26 10000.0
	35052.9858987 27 10000.0
	35429.8486875 28 10000.0
	35793.3655921 29 10000.0
	36144.4550244 30 10000.0
	36483.9435067 31 10000.0
	36812.5780194 32 10000.0
	-2501.12488048 15 60000.0
	-2019.31998894 16 60000.0
	-1543.62322598 17 60000.0
	-1070.59689222 18 60000.0
	23697.7604083 19 60000.0
	24275.2112526 20 60000.0
	24816.096099 21 60000.0
	25326.0890946 22 60000.0
	25809.3844774 23 60000.0
	26269.1912884 24 60000.0
	26708.0441764 25 60000.0
	27128.0020354 26 60000.0
	27530.7775176 27 60000.0
	27917.823449 28 60000.0
	28290.391992 29 60000.0
	28649.576284 30 60000.0
	28996.3405825 31 60000.0
	29331.5427057 32 60000.0
	-2508.408942 15 110000.0
	-2027.20829274 16 110000.0
	-1552.2270985 17 110000.0
	-1080.02507057 18 110000.0
	-607.528365245 19 110000.0
	-131.937785022 20 110000.0
	22032.9837299 21 110000.0
	22582.2621845 22 110000.0
	23095.7068931 23 110000.0
	23579.4251361 24 110000.0
	24037.7636594 25 110000.0
	24473.9561471 26 110000.0
	24890.5026549 27 110000.0
	25289.4005788 28 110000.0
	25672.2900589 29 110000.0
	26040.548474 30 110000.0
	26395.3537868 31 110000.0
	26737.7283287 32 110000.0
	-2515.65820225 15 160000.0
	-2035.05610711 16 160000.0
	-1560.78303972 17 160000.0
	-1089.39566584 18 160000.0
	-617.837596039 19 160000.0
	-143.343614117 20 160000.0
	336.770010005 21 160000.0
	20748.6335869 22 160000.0
	21305.7081732 23 160000.0
	21822.0207346 24 160000.0
	22305.6622148 25 160000.0
	22762.1145232 26 160000.0
	23195.2937736 27 160000.0
	23608.1260126 28 160000.0
	24002.8824184 29 160000.0
	24381.3831213 30 160000.0
	24745.1259008 31 160000.0
	25095.3702959 32 160000.0
	-2522.87304893 15 210000.0
	-2042.86391928 16 210000.0
	-1569.29167946 17 210000.0
	-1098.70951358 18 210000.0
	-628.077711529 19 210000.0
	-154.663771453 20 210000.0
	324.165378696 21 210000.0
	811.230691095 22 210000.0
	1309.9166827 23 210000.0
	20459.5314548 24 210000.0
	20976.8741286 25 210000.0
	21459.0993834 26 210000.0
	21912.6706542 27 210000.0
	22342.0812282 28 210000.0
	22750.612957 29 210000.0
	23140.7640537 30 210000.0
	23514.5031646 31 210000.0
	23873.4269085 32 210000.0
	-2530.05386293 15 260000.0
	-2050.6322071 16 260000.0
	-1577.75363418 17 260000.0
	-1107.96742965 18 260000.0
	-638.24982045 19 260000.0
	-165.899809428 20 260000.0
	311.666996814 21 260000.0
	797.198330486 22 260000.0
	1293.96498186 23 260000.0
	19298.4126954 24 260000.0
	19862.3336775 25 260000.0
	20378.2008042 26 260000.0
	20857.2490641 27 260000.0
	21306.667656 28 260000.0
	21731.3683014 29 260000.0
	22134.8877932 30 260000.0
	22519.8856632 31 260000.0
	22888.4351817 32 260000.0
	-2537.2010185 15 310000.0
	-2058.36143933 16 310000.0
	-1586.16950738 17 310000.0
	-1117.17021084 18 310000.0
	-648.355002522 19 310000.0
	-177.05323447 20 310000.0
	299.272688784 21 310000.0
	783.300458819 22 310000.0
	1278.19284011 23 310000.0
	1788.08123481 24 310000.0
	18867.6604836 25 310000.0
	19429.0513638 26 310000.0
	19940.720618 27 310000.0
	20414.7158759 28 310000.0
	20858.6458014 29 310000.0
	21277.6597813 30 310000.0
	21675.4377434 31 310000.0
	22054.728663 32 310000.0
	-2544.31488342 15 360000.0
	-2066.05207582 16 360000.0
	-1594.53988995 17 360000.0
	-1126.31863553 18 360000.0
	-658.394309525 19 360000.0
	-188.12550894 20 360000.0
	286.980351832 21 360000.0
	769.533925386 22 360000.0
	1262.59528384 23 360000.0
	1770.12968787 24 360000.0
	2297.74532366 25 360000.0
	18557.305822 26 360000.0
	19112.1564069 27 360000.0
	19617.0238695 28 360000.0
	20084.1891551 29 360000.0
	20521.373552 30 360000.0
	20933.7878385 31 360000.0
	21325.1475222 32 360000.0
	-2551.39581914 15 410000.0
	-2073.70456778 16 410000.0
	-1602.86536059 17 410000.0
	-1135.41346424 18 410000.0
	-668.368766304 19 410000.0
	-199.118052936 20 410000.0
	274.787952584 21 410000.0
	755.895699962 22 410000.0
	1247.16756385 23 410000.0
	1752.41213224 24 410000.0
	2276.96722018 25 410000.0
	2828.98307393 26 410000.0
	18337.0060676 27 410000.0
	18881.8155939 28 410000.0
	19377.6170579 29 410000.0
	19836.409126 30 410000.0
	20265.7577593 31 410000.0
	20670.7823782 32 410000.0
	-2558.44418092 15 460000.0
	-2081.31935802 16 460000.0
	-1611.14648613 17 460000.0
	-1144.45544024 18 460000.0
	-678.27937174 19 460000.0
	-210.032246004 20 460000.0
	262.693523874 21 460000.0
	742.382866398 22 460000.0
	1231.90514132 23 460000.0
	1734.92104084 24 460000.0
	2256.51608661 25 460000.0
	2804.36650066 26 460000.0
	17587.088055 27 460000.0
	18185.7269067 28 460000.0
	18717.7264759 29 460000.0
	19202.6531827 30 460000.0
	19651.8306093 31 460000.0
	20072.463287 32 460000.0
	-2565.46031801 15 510000.0
	-2088.89688112 16 510000.0
	-1619.38382185 17 510000.0
	-1153.44529009 18 510000.0
	-688.127099673 19 510000.0
	-220.869428753 20 510000.0
	250.695161735 21 510000.0
	728.992616651 22 510000.0
	1216.80367492 23 510000.0
	1717.64927948 24 510000.0
	2236.37919051 25 510000.0
	2780.23358489 26 510000.0
	3361.10468352 27 510000.0
	17508.7377406 28 510000.0
	18088.069577 29 510000.0
	18605.283135 30 510000.0
	19078.0115105 31 510000.0
	19516.6518523 32 510000.0
