
	-2494.30942873 15 10000.0
	-2013.2257768 16 10000.0
	-1538.93721906 17 10000.0
	-1068.35353295 18 10000.0
	-598.829105595 19 10000.0
	-128.135160734 20 10000.0
	345.668243697 21 10000.0
	824.405429975 22 10000.0
	1309.9705117 23 10000.0
	1804.52424466 24 10000.0
	2310.72608955 25 10000.0
	2832.05156147 26 10000.0
	3373.29241567 27 10000.0
	3941.44938723 28 10000.0
	4547.53573767 29 10000.0
	5210.8185083 30 10000.0
	5971.29996186 31 10000.0
	6945.24792147 32 10000.0
	-2494.30942873 15 60000.0
	-2013.2257768 16 60000.0
	-1538.93721906 17 60000.0
	-1068.35353295 18 60000.0
	-598.829105595 19 60000.0
	-128.135160734 20 60000.0
	345.668243697 21 60000.0
	824.405429975 22 60000.0
	1309.9705117 23 60000.0
	1804.52424466 24 60000.0
	2310.72608955 25 60000.0
	2832.05156147 26 60000.0
	3373.29241567 27 60000.0
	3941.44938723 28 60000.0
	4547.53573767 29 60000.0
	5210.8185083 30 60000.0
	5971.29996186 31 60000.0
	6945.24792147 32 60000.0
	-2494.30942873 15 110000.0
	-2013.2257768 16 110000.0
	-1538.93721906 17 110000.0
	-1068.35353295 18 110000.0
	-598.829105595 19 110000.0
	-128.135160734 20 110000.0
	345.668243697 21 110000.0
	824.405429975 22 110000.0
	1309.9705117 23 110000.0
	1804.52424466 24 110000.0
	2310.72608955 25 110000.0
	2832.05156147 26 110000.0
	3373.29241567 27 110000.0
	3941.44938723 28 110000.0
	4547.53573767 29 110000.0
	5210.8185083 30 110000.0
	5971.29996186 31 110000.0
	6945.24792147 32 110000.0
	-2494.30942873 15 160000.0
	-2013.2257768 16 160000.0
	-1538.93721906 17 160000.0
	-1068.35353295 18 160000.0
	-598.829105595 19 160000.0
	-128.135160734 20 160000.0
	345.668243697 21 160000.0
	824.405429975 22 160000.0
	1309.9705117 23 160000.0
	1804.52424466 24 160000.0
	2310.72608955 25 160000.0
	2832.05156147 26 160000.0
	3373.29241567 27 160000.0
	3941.44938723 28 160000.0
	4547.53573767 29 160000.0
	5210.8185083 30 160000.0
	5971.29996186 31 160000.0
	6945.24792147 32 160000.0
	-2494.30942873 15 210000.0
	-2013.2257768 16 210000.0
	-1538.93721906 17 210000.0
	-1068.35353295 18 210000.0
	-598.829105595 19 210000.0
	-128.135160734 20 210000.0
	345.668243697 21 210000.0
	824.405429975 22 210000.0
	1309.9705117 23 210000.0
	1804.52424466 24 210000.0
	2310.72608955 25 210000.0
	2832.05156147 26 210000.0
	3373.29241567 27 210000.0
	3941.44938723 28 210000.0
	4547.53573767 29 210000.0
	5210.8185083 30 210000.0
	5971.29996186 31 210000.0
	6945.24792147 32 210000.0
	-2494.30942873 15 260000.0
	-2013.2257768 16 260000.0
	-1538.93721906 17 260000.0
	-1068.35353295 18 260000.0
	-598.829105595 19 260000.0
	-128.135160734 20 260000.0
	345.668243697 21 260000.0
	824.405429975 22 260000.0
	1309.9705117 23 260000.0
	1804.52424466 24 260000.0
	2310.72608955 25 260000.0
	2832.05156147 26 260000.0
	3373.29241567 27 260000.0
	3941.44938723 28 260000.0
	4547.53573767 29 260000.0
	5210.8185083 30 260000.0
	5971.29996186 31 260000.0
	6945.24792147 32 260000.0
	-2494.30942873 15 310000.0
	-2013.2257768 16 310000.0
	-1538.93721906 17 310000.0
	-1068.35353295 18 310000.0
	-598.829105595 19 310000.0
	-128.135160734 20 310000.0
	345.668243697 21 310000.0
	824.405429975 22 310000.0
	1309.9705117 23 310000.0
	1804.52424466 24 310000.0
	2310.72608955 25 310000.0
	2832.05156147 26 310000.0
	3373.29241567 27 310000.0
	3941.44938723 28 310000.0
	4547.53573767 29 310000.0
	5210.8185083 30 310000.0
	5971.29996186 31 310000.0
	6945.24792147 32 310000.0
	-2494.30942873 15 360000.0
	-2013.2257768 16 360000.0
	-1538.93721906 17 360000.0
	-1068.35353295 18 360000.0
	-598.829105595 19 360000.0
	-128.135160734 20 360000.0
	345.668243697 21 360000.0
	824.405429975 22 360000.0
	1309.9705117 23 360000.0
	1804.52424466 24 360000.0
	2310.72608955 25 360000.0
	2832.05156147 26 360000.0
	3373.29241567 27 360000.0
	3941.44938723 28 360000.0
	4547.53573767 29 360000.0
	5210.8185083 30 360000.0
	5971.29996186 31 360000.0
	6945.24792147 32 360000.0
	-2494.30942873 15 410000.0
	-2013.2257768 16 410000.0
	-1538.93721906 17 410000.0
	-1068.35353295 18 410000.0
	-598.829105595 19 410000.0
	-128.135160734 20 410000.0
	345.668243697 21 410000.0
	824.405429975 22 410000.0
	1309.9705117 23 410000.0
	1804.52424466 24 410000.0
	2310.72608955 25 410000.0
	2832.05156147 26 410000.0
	3373.29241567 27 410000.0
	3941.44938723 28 410000.0
	4547.53573767 29 410000.0
	5210.8185083 30 410000.0
	5971.29996186 31 410000.0
	6945.24792147 32 410000.0
	-2494.30942873 15 460000.0
	-2013.2257768 16 460000.0
	-1538.93721906 17 460000.0
	-1068.35353295 18 460000.0
	-598.829105595 19 460000.0
	-128.135160734 20 460000.0
	345.668243697 21 460000.0
	824.405429975 22 460000.0
	1309.9705117 23 460000.0
	1804.52424466 24 460000.0
	2310.72608955 25 460000.0
	2832.05156147 26 460000.0
	3373.29241567 27 460000.0
	3941.44938723 28 460000.0
	4547.53573767 29 460000.0
	5210.8185083 30 460000.0
	5971.29996186 31 460000.0
	6945.24792147 32 460000.0
	-2494.30942873 15 510000.0
	-2013.2257768 16 510000.0
	-1538.93721906 17 510000.0
	-1068.35353295 18 510000.0
	-598.829105595 19 510000.0
	-128.135160734 20 510000.0
	345.668243697 21 510000.0
	824.405429975 22 510000.0
	1309.9705117 23 510000.0
	1804.52424466 24 510000.0
	2310.72608955 25 510000.0
	2832.05156147 26 510000.0
	3373.29241567 27 510000.0
	3941.44938723 28 510000.0
	4547.53573767 29 510000.0
	5210.8185083 30 510000.0
	5971.29996186 31 510000.0
	6945.24792147 32 510000.0
