
	27662.845875 15 10000.0
	26326.2004784 16 10000.0
	25142.9540131 17 10000.0
	24081.968524 18 10000.0
	23118.7085939 19 10000.0
	22233.6103317 20 10000.0
	21410.8216765 21 10000.0
	20637.2083854 22 10000.0
	19901.5473064 23 10000.0
	19193.8371846 24 10000.0
	18504.6533934 25 10000.0
	17824.4513965 26 10000.0
	17142.6648383 27 10000.0
	16446.2916875 28 10000.0
	15717.2369957 29 10000.0
	14926.3015788 30 10000.0
	14015.951514 31 10000.0
	12826.0354427 32 10000.0
	27662.845875 15 60000.0
	26326.2004784 16 60000.0
	25142.9540131 17 60000.0
	24081.968524 18 60000.0
	23118.7085939 19 60000.0
	22233.6103317 20 60000.0
	21410.8216765 21 60000.0
	20637.2083854 22 60000.0
	19901.5473064 23 60000.0
	19193.8371846 24 60000.0
	18504.6533934 25 60000.0
	17824.4513965 26 60000.0
	17142.6648383 27 60000.0
	16446.2916875 28 60000.0
	15717.2369957 29 60000.0
	14926.3015788 30 60000.0
	14015.951514 31 60000.0
	12826.0354427 32 60000.0
	27662.845875 15 110000.0
	26326.2004784 16 110000.0
	25142.9540131 17 110000.0
	24081.968524 18 110000.0
	23118.7085939 19 110000.0
	22233.6103317 20 110000.0
	21410.8216765 21 110000.0
	20637.2083854 22 110000.0
	19901.5473064 23 110000.0
	19193.8371846 24 110000.0
	18504.6533934 25 110000.0
	17824.4513965 26 110000.0
	17142.6648383 27 110000.0
	16446.2916875 28 110000.0
	15717.2369957 29 110000.0
	14926.3015788 30 110000.0
	14015.951514 31 110000.0
	12826.0354427 32 110000.0
	27662.845875 15 160000.0
	26326.2004784 16 160000.0
	25142.9540131 17 160000.0
	24081.968524 18 160000.0
	23118.7085939 19 160000.0
	22233.6103317 20 160000.0
	21410.8216765 21 160000.0
	20637.2083854 22 160000.0
	19901.5473064 23 160000.0
	19193.8371846 24 160000.0
	18504.6533934 25 160000.0
	17824.4513965 26 160000.0
	17142.6648383 27 160000.0
	16446.2916875 28 160000.0
	15717.2369957 29 160000.0
	14926.3015788 30 160000.0
	14015.951514 31 160000.0
	12826.0354427 32 160000.0
	27662.845875 15 210000.0
	26326.2004784 16 210000.0
	25142.9540131 17 210000.0
	24081.968524 18 210000.0
	23118.7085939 19 210000.0
	22233.6103317 20 210000.0
	21410.8216765 21 210000.0
	20637.2083854 22 210000.0
	19901.5473064 23 210000.0
	19193.8371846 24 210000.0
	18504.6533934 25 210000.0
	17824.4513965 26 210000.0
	17142.6648383 27 210000.0
	16446.2916875 28 210000.0
	15717.2369957 29 210000.0
	14926.3015788 30 210000.0
	14015.951514 31 210000.0
	12826.0354427 32 210000.0
	27662.845875 15 260000.0
	26326.2004784 16 260000.0
	25142.9540131 17 260000.0
	24081.968524 18 260000.0
	23118.7085939 19 260000.0
	22233.6103317 20 260000.0
	21410.8216765 21 260000.0
	20637.2083854 22 260000.0
	19901.5473064 23 260000.0
	19193.8371846 24 260000.0
	18504.6533934 25 260000.0
	17824.4513965 26 260000.0
	17142.6648383 27 260000.0
	16446.2916875 28 260000.0
	15717.2369957 29 260000.0
	14926.3015788 30 260000.0
	14015.951514 31 260000.0
	12826.0354427 32 260000.0
	27662.845875 15 310000.0
	26326.2004784 16 310000.0
	25142.9540131 17 310000.0
	24081.968524 18 310000.0
	23118.7085939 19 310000.0
	22233.6103317 20 310000.0
	21410.8216765 21 310000.0
	20637.2083854 22 310000.0
	19901.5473064 23 310000.0
	19193.8371846 24 310000.0
	18504.6533934 25 310000.0
	17824.4513965 26 310000.0
	17142.6648383 27 310000.0
	16446.2916875 28 310000.0
	15717.2369957 29 310000.0
	14926.3015788 30 310000.0
	14015.951514 31 310000.0
	12826.0354427 32 310000.0
	27662.845875 15 360000.0
	26326.2004784 16 360000.0
	25142.9540131 17 360000.0
	24081.968524 18 360000.0
	23118.7085939 19 360000.0
	22233.6103317 20 360000.0
	21410.8216765 21 360000.0
	20637.2083854 22 360000.0
	19901.5473064 23 360000.0
	19193.8371846 24 360000.0
	18504.6533934 25 360000.0
	17824.4513965 26 360000.0
	17142.6648383 27 360000.0
	16446.2916875 28 360000.0
	15717.2369957 29 360000.0
	14926.3015788 30 360000.0
	14015.951514 31 360000.0
	12826.0354427 32 360000.0
	27662.845875 15 410000.0
	26326.2004784 16 410000.0
	25142.9540131 17 410000.0
	24081.968524 18 410000.0
	23118.7085939 19 410000.0
	22233.6103317 20 410000.0
	21410.8216765 21 410000.0
	20637.2083854 22 410000.0
	19901.5473064 23 410000.0
	19193.8371846 24 410000.0
	18504.6533934 25 410000.0
	17824.4513965 26 410000.0
	17142.6648383 27 410000.0
	16446.2916875 28 410000.0
	15717.2369957 29 410000.0
	14926.3015788 30 410000.0
	14015.951514 31 410000.0
	12826.0354427 32 410000.0
	27662.845875 15 460000.0
	26326.2004784 16 460000.0
	25142.9540131 17 460000.0
	24081.968524 18 460000.0
	23118.7085939 19 460000.0
	22233.6103317 20 460000.0
	21410.8216765 21 460000.0
	20637.2083854 22 460000.0
	19901.5473064 23 460000.0
	19193.8371846 24 460000.0
	18504.6533934 25 460000.0
	17824.4513965 26 460000.0
	17142.6648383 27 460000.0
	16446.2916875 28 460000.0
	15717.2369957 29 460000.0
	14926.3015788 30 460000.0
	14015.951514 31 460000.0
	12826.0354427 32 460000.0
	27662.845875 15 510000.0
	26326.2004784 16 510000.0
	25142.9540131 17 510000.0
	24081.968524 18 510000.0
	23118.7085939 19 510000.0
	22233.6103317 20 510000.0
	21410.8216765 21 510000.0
	20637.2083854 22 510000.0
	19901.5473064 23 510000.0
	19193.8371846 24 510000.0
	18504.6533934 25 510000.0
	17824.4513965 26 510000.0
	17142.6648383 27 510000.0
	16446.2916875 28 510000.0
	15717.2369957 29 510000.0
	14926.3015788 30 510000.0
	14015.951514 31 510000.0
	12826.0354427 32 510000.0
