
	362.515362076 20 50000.0
	451.495446229 30 50000.0
	523.132676583 40 50000.0
	585.733946678 50 50000.0
	642.069411959 60 50000.0
	693.624978708 70 50000.0
	741.195608917 80 50000.0
	785.15773501 90 50000.0
	1137.57755456 20 100000.0
	448.752319204 30 100000.0
	521.879702123 40 100000.0
	585.210005891 50 100000.0
	641.95634505 60 100000.0
	693.755706255 70 100000.0
	741.476179093 80 100000.0
	785.532131724 90 100000.0
	1139.96611777 20 150000.0
	445.873177342 30 150000.0
	520.607064283 40 150000.0
	584.684054252 50 150000.0
	641.845395324 60 150000.0
	693.88939916 70 150000.0
	741.759630544 80 150000.0
	785.909071499 90 150000.0
	1142.33994199 20 200000.0
	442.84545866 30 200000.0
	519.316756404 40 200000.0
	584.157275291 50 200000.0
	641.737174593 60 200000.0
	694.026386609 70 200000.0
	742.04614961 80 200000.0
	786.288664761 90 200000.0
	1144.69930311 20 250000.0
	439.653489067 30 250000.0
	518.010787623 40 250000.0
	583.630849736 50 250000.0
	641.632286962 60 250000.0
	694.166991851 70 250000.0
	742.335918724 80 250000.0
	786.671019434 90 250000.0
	1147.04446835 20 300000.0
	436.2777212 30 300000.0
	516.691186939 40 300000.0
	583.105956189 50 300000.0
	641.531328979 60 300000.0
	694.31153228 70 300000.0
	742.629116457 80 300000.0
	787.056240972 90 300000.0
	1149.37569658 20 350000.0
	432.693707172 30 350000.0
	515.360007296 40 350000.0
	582.583771715 50 350000.0
	641.434889756 60 350000.0
	694.460319499 70 350000.0
	742.925917574 80 350000.0
	787.444432397 90 350000.0
	1151.69323875 20 400000.0
	428.870672172 30 400000.0
	514.019329746 40 400000.0
	582.065472353 50 400000.0
	641.343551071 60 400000.0
	694.613659386 70 400000.0
	743.226493073 80 400000.0
	787.835694326 90 400000.0
	1153.99733815 20 450000.0
	424.769465937 30 450000.0
	512.671267808 40 450000.0
	581.552233558 50 450000.0
	641.257887438 60 450000.0
	694.771852152 70 450000.0
	743.531010234 80 450000.0
	788.230125004 90 450000.0
	1156.28823076 20 500000.0
	420.339501673 30 500000.0
	511.317972125 40 500000.0
	581.045230563 50 500000.0
	641.178466167 60 500000.0
	694.935192388 70 500000.0
	743.839632661 80 500000.0
	788.627820334 90 500000.0
