
	10887.946173 20 50000.0
	10515.6880292 30 50000.0
	10439.487887 40 50000.0
	10390.7928093 50 50000.0
	10364.1445538 60 50000.0
	10354.274578 70 50000.0
	10363.7642572 80 50000.0
	10400.3360795 90 50000.0
	9540.50467587 20 100000.0
	10747.5494021 30 100000.0
	10572.639079 40 100000.0
	10471.9750934 50 100000.0
	10416.5936645 60 100000.0
	10390.2522051 70 100000.0
	10389.7488314 80 100000.0
	10419.9083704 90 100000.0
	9517.66445133 20 150000.0
	11011.5824309 30 150000.0
	10710.6513821 40 150000.0
	10554.5913588 50 150000.0
	10469.6126704 60 150000.0
	10426.4973474 70 150000.0
	10415.8726502 80 150000.0
	10439.5581178 90 150000.0
	9495.19095426 20 200000.0
	11314.1409529 30 200000.0
	10853.8318326 40 200000.0
	10638.6615987 50 200000.0
	10523.1960815 60 200000.0
	10463.0038736 70 200000.0
	10442.1313333 80 200000.0
	10459.2823924 90 200000.0
	9473.07423758 20 250000.0
	11663.2749424 30 250000.0
	11002.5135672 40 250000.0
	10724.2060985 50 250000.0
	10577.338211 60 250000.0
	10499.7656014 70 250000.0
	10468.5205047 80 250000.0
	10479.0782818 90 250000.0
	9451.3047311 20 300000.0
	12069.3508396 30 300000.0
	11157.0585135 40 300000.0
	10811.2454056 50 300000.0
	10632.0331612 60 300000.0
	10536.776294 70 300000.0
	10495.0357919 80 300000.0
	10498.9428905 90 300000.0
	9429.87322325 20 350000.0
	12545.9742261 30 350000.0
	11317.8604078 40 350000.0
	10899.8002982 50 350000.0
	10687.2748115 60 350000.0
	10574.0296581 70 350000.0
	10521.6728257 80 350000.0
	10518.8733395 90 350000.0
	9408.77084385 20 400000.0
	13111.4061859 30 400000.0
	11485.3481821 40 400000.0
	10989.891755 50 400000.0
	10743.0568069 60 400000.0
	10611.5193418 70 400000.0
	10548.4272396 80 400000.0
	10538.8667661 90 400000.0
	9387.98904788 20 450000.0
	13790.8193857 30 450000.0
	11659.9897672 40 450000.0
	11081.5409231 50 450000.0
	10799.3725463 60 450000.0
	10649.2389331 70 450000.0
	10575.2946692 80 450000.0
	10558.9203239 90 450000.0
	9367.51960019 20 500000.0
	14620.0533007 30 500000.0
	11842.2963641 40 500000.0
	11174.7690854 50 500000.0
	10856.2151733 60 500000.0
	10687.1819585 70 500000.0
	10602.2707528 80 500000.0
	10579.0311825 90 500000.0
