
	4146.93202625 40 10000.0
	4137.80377572 50 10000.0
	4133.08352741 60 10000.0
	4130.41954772 70 10000.0
	4128.79290705 80 10000.0
	4127.73354777 90 10000.0
	4262.56533377 40 60000.0
	4205.94126005 50 60000.0
	4177.06915943 60 60000.0
	4160.87936634 70 60000.0
	4151.0297803 80 60000.0
	4144.63007584 90 60000.0
	4383.04319241 40 110000.0
	4275.66431737 50 110000.0
	4221.70500714 60 110000.0
	4191.64536863 70 110000.0
	4173.42433828 80 110000.0
	4161.61267009 90 110000.0
	4508.63089154 40 160000.0
	4346.99285678 50 160000.0
	4266.98652739 60 160000.0
	4222.71197874 70 160000.0
	4195.97251233 80 160000.0
	4178.67858699 90 160000.0
	4639.6160441 40 210000.0
	4419.94699438 50 210000.0
	4312.90896126 60 210000.0
	4254.07355715 70 210000.0
	4218.67023071 80 210000.0
	4195.82509564 90 210000.0
	4776.31092489 40 260000.0
	4494.54701537 50 260000.0
	4359.46731866 60 260000.0
	4285.72439738 70 260000.0
	4241.51341774 80 260000.0
	4213.04947752 90 260000.0
	4919.05510797 40 310000.0
	4570.81333624 50 310000.0
	4406.65636379 60 310000.0
	4317.65872307 70 310000.0
	4264.49799317 80 310000.0
	4230.34902623 90 310000.0
	5068.21844276 40 360000.0
	4648.76646702 50 360000.0
	4454.47060141 60 360000.0
	4349.87068545 70 360000.0
	4287.61987164 80 360000.0
	4247.72104727 90 360000.0
	5224.20441362 40 410000.0
	4728.42697328 50 410000.0
	4502.90426393 60 410000.0
	4382.35436115 70 410000.0
	4310.87496229 80 410000.0
	4265.16285796 90 410000.0
	5387.45393336 40 460000.0
	4809.81543782 50 460000.0
	4551.95129925 60 460000.0
	4415.1037504 70 460000.0
	4334.25916844 80 460000.0
	4282.67178728 90 460000.0
	5558.44962736 40 510000.0
	4892.95242149 50 510000.0
	4601.60535952 60 510000.0
	4448.11277552 70 510000.0
	4357.7683875 80 510000.0
	4300.24517584 90 510000.0
