
	505210.77948 40 10000.0
	567191.201494 50 10000.0
	629136.190361 60 10000.0
	691089.318693 70 10000.0
	753147.758512 80 10000.0
	815499.37087 90 10000.0
	502944.729891 40 60000.0
	565507.469152 50 60000.0
	627826.38291 60 60000.0
	690028.580537 70 60000.0
	752261.424841 80 60000.0
	814740.950051 90 60000.0
	500651.575793 40 110000.0
	563812.577795 50 110000.0
	626510.940852 60 110000.0
	688964.660544 70 110000.0
	751373.172679 80 110000.0
	813981.328013 90 110000.0
	498330.354301 40 160000.0
	562106.454353 50 160000.0
	625189.904241 60 160000.0
	687897.605707 70 160000.0
	750483.040063 80 160000.0
	813220.533426 90 160000.0
	495980.053327 40 210000.0
	560389.027457 50 210000.0
	623863.314807 60 210000.0
	686827.463634 70 210000.0
	749591.065185 80 210000.0
	812458.59494 90 210000.0
	493599.60769 40 260000.0
	558660.227577 50 260000.0
	622531.216004 60 260000.0
	685754.282558 70 260000.0
	748697.286386 80 260000.0
	811695.54119 90 260000.0
	491187.894867 40 310000.0
	556919.987157 50 310000.0
	621193.653049 60 310000.0
	684678.111337 70 310000.0
	747801.742155 80 310000.0
	810931.400789 90 310000.0
	488743.730354 40 360000.0
	555168.240762 50 360000.0
	619850.67296 60 360000.0
	683598.999463 70 360000.0
	746904.471133 80 360000.0
	810166.202332 90 360000.0
	486265.862606 40 410000.0
	553404.925229 50 410000.0
	618502.324593 60 410000.0
	682516.997061 70 410000.0
	746005.512105 80 410000.0
	809399.97439 90 410000.0
	483752.967497 40 460000.0
	551629.979815 50 460000.0
	617148.658675 60 460000.0
	681432.154891 70 460000.0
	745104.904002 80 460000.0
	808632.745513 90 460000.0
	481203.642263 40 510000.0
	549843.346363 50 510000.0
	615789.727838 60 510000.0
	680344.52435 70 510000.0
	744202.685897 80 510000.0
	807864.544226 90 510000.0
