
	456245.964101 20 50000.0
	562404.564461 30 50000.0
	667158.115245 40 50000.0
	771287.44318 50 50000.0
	875047.113751 60 50000.0
	978625.277896 70 50000.0
	1082196.54985 80 50000.0
	1185990.79432 90 50000.0
	-3677.81312748 20 100000.0
	557121.691012 30 100000.0
	663637.259177 40 100000.0
	768812.585557 50 100000.0
	873226.596593 60 100000.0
	977239.686851 70 100000.0
	1081116.87505 80 100000.0
	1185136.68431 90 100000.0
	-3201.69075545 20 150000.0
	551661.332426 30 150000.0
	660072.021748 40 150000.0
	766320.489016 50 150000.0
	871398.041497 60 150000.0
	975850.01389 70 150000.0
	1080035.06953 80 150000.0
	1184281.49246 90 150000.0
	-2724.58076693 20 200000.0
	546004.209996 30 200000.0
	656461.520879 40 200000.0
	763811.36089 50 200000.0
	869561.680735 60 200000.0
	974456.427994 70 200000.0
	1078951.2496 80 200000.0
	1183425.29896 90 200000.0
	-2246.50563028 20 250000.0
	540127.346425 30 250000.0
	652804.809093 40 250000.0
	761285.410368 50 250000.0
	867717.74702 60 250000.0
	973059.09741 70 250000.0
	1077865.53069 80 250000.0
	1182568.18321 90 250000.0
	-1767.48713748 20 300000.0
	534003.04759 30 300000.0
	649100.86883 40 300000.0
	758742.84884 50 300000.0
	865866.473597 60 300000.0
	971658.189679 70 300000.0
	1076778.02728 80 300000.0
	1181710.22385 90 300000.0
	-1287.54643107 20 350000.0
	527597.495304 30 350000.0
	645348.607246 40 350000.0
	756183.890238 50 350000.0
	864008.094327 60 350000.0
	970253.871659 70 350000.0
	1075688.85301 80 350000.0
	1180851.49874 90 350000.0
	-806.704029619 20 400000.0
	520868.752407 30 400000.0
	641546.85045 40 400000.0
	753608.751351 50 400000.0
	862142.843762 60 400000.0
	968846.30954 70 400000.0
	1074598.12061 80 400000.0
	1179992.08498 90 400000.0
	-324.979852064 20 450000.0
	513763.849068 30 450000.0
	637694.337135 40 450000.0
	751017.652133 50 450000.0
	860270.957208 60 450000.0
	967435.668864 70 450000.0
	1073505.94195 80 450000.0
	1179132.0589 90 450000.0
	157.606759254 20 500000.0
	506214.373214 30 500000.0
	633789.711564 40 500000.0
	748410.815998 50 500000.0
	858392.670779 60 500000.0
	966022.114532 70 500000.0
	1072412.42804 80 500000.0
	1178271.49609 90 500000.0
