
	0.0162881114485 20 50000.0
	0.0238278338464 30 50000.0
	0.03087290446 40 50000.0
	0.0374652072726 50 50000.0
	0.0437322541352 60 50000.0
	0.0498196121652 70 50000.0
	0.0558634650164 80 50000.0
	0.0619702142351 90 50000.0
	0.103578753043 20 100000.0
	0.0243336823198 30 100000.0
	0.0312467994534 40 100000.0
	0.0377656419441 50 100000.0
	0.0439854061425 60 100000.0
	0.0500393766634 70 100000.0
	0.0560583374504 80 100000.0
	0.062145788929 90 100000.0
	0.10366487572 20 150000.0
	0.0248523466593 30 150000.0
	0.0316214006156 40 150000.0
	0.0380644756508 50 150000.0
	0.0442366710931 60 150000.0
	0.0502573195876 70 150000.0
	0.0562515401259 80 150000.0
	0.0623198553048 90 150000.0
	0.10375056688 20 200000.0
	0.0253866329716 30 200000.0
	0.031997059398 40 200000.0
	0.0383618268599 50 200000.0
	0.0444861229029 60 200000.0
	0.0504734941316 70 200000.0
	0.0564431138231 80 200000.0
	0.0624924457639 90 200000.0
	0.10383583513 20 250000.0
	0.0259400278463 30 250000.0
	0.0323741471992 40 250000.0
	0.0386578148591 50 250000.0
	0.0447338351219 60 250000.0
	0.050687953024 70 250000.0
	0.0566330989136 80 250000.0
	0.0626635923713 90 250000.0
	0.103920688827 20 300000.0
	0.0265169437007 30 300000.0
	0.0327530584315 40 300000.0
	0.0389525599191 50 300000.0
	0.0449798809779 60 300000.0
	0.0509007485455 70 300000.0
	0.0568215353688 80 300000.0
	0.0628333268603 90 300000.0
	0.104005136088 20 350000.0
	0.0271230722325 30 350000.0
	0.0331342135308 40 350000.0
	0.0392461834504 50 350000.0
	0.0452243334166 60 350000.0
	0.0511119325461 70 350000.0
	0.0570084627689 80 350000.0
	0.0630016806382 90 350000.0
	0.104089184802 20 400000.0
	0.0277659113313 30 400000.0
	0.0335180621443 40 400000.0
	0.0395388081521 50 400000.0
	0.0454672651376 60 400000.0
	0.0513215564587 70 400000.0
	0.0571939203101 80 400000.0
	0.0631686847903 90 400000.0
	0.104172842637 20 450000.0
	0.0284555769446 30 450000.0
	0.0339050865883 40 450000.0
	0.039830558154 50 450000.0
	0.0457087486269 60 450000.0
	0.0515296713129 70 450000.0
	0.0573779468115 80 450000.0
	0.0633343700842 90 450000.0
	0.104256117048 20 500000.0
	0.0292061021184 30 500000.0
	0.0342958056405 40 500000.0
	0.0401215591507 50 500000.0
	0.0459488561854 60 500000.0
	0.0517363277464 70 500000.0
	0.0575605807217 80 500000.0
	0.063498766974 90 500000.0
