
	9.8773610503e-07 20 50000.0
	1.52073617796e-06 30 50000.0
	1.98269550162e-06 40 50000.0
	2.40039822079e-06 50 50000.0
	2.78555267912e-06 60 50000.0
	3.1454834973e-06 70 50000.0
	3.48520801249e-06 80 50000.0
	3.80833636119e-06 90 50000.0
	1.39398619748e-05 20 100000.0
	1.52461909821e-06 30 100000.0
	1.9884523886e-06 40 100000.0
	2.40588432433e-06 50 100000.0
	2.79037926108e-06 60 100000.0
	3.1496413911e-06 70 100000.0
	3.48877681555e-06 80 100000.0
	3.81140728453e-06 90 100000.0
	1.39936956246e-05 20 150000.0
	1.52904471902e-06 30 150000.0
	1.99449533309e-06 40 150000.0
	2.41153145287e-06 50 150000.0
	2.79530584379e-06 60 150000.0
	3.15386664677e-06 70 150000.0
	3.49239397903e-06 80 150000.0
	3.81451469801e-06 90 150000.0
	1.40474039341e-05 20 200000.0
	1.53407580926e-06 30 200000.0
	2.00083772674e-06 40 200000.0
	2.41734337813e-06 50 200000.0
	2.80033369025e-06 60 200000.0
	3.15815972572e-06 70 200000.0
	3.49605967111e-06 80 200000.0
	3.81765865285e-06 90 200000.0
	1.41009895955e-05 20 250000.0
	1.53978731683e-06 30 250000.0
	2.0074938585e-06 40 250000.0
	2.42332397499e-06 50 250000.0
	2.80546407461e-06 60 250000.0
	3.16252108826e-06 70 250000.0
	3.49977405788e-06 80 250000.0
	3.8208391987e-06 90 250000.0
	1.41544552243e-05 20 300000.0
	1.54626982653e-06 30 300000.0
	2.01447898482e-06 40 300000.0
	2.42947722208e-06 50 300000.0
	2.81069828131e-06 60 300000.0
	3.16695119313e-06 70 300000.0
	3.50353730315e-06 80 300000.0
	3.82405638363e-06 90 300000.0
	1.42078033618e-05 20 350000.0
	1.55363439211e-06 30 350000.0
	2.02180940723e-06 40 350000.0
	2.43580720243e-06 50 350000.0
	2.81603760419e-06 60 350000.0
	3.17145049715e-06 70 350000.0
	3.50734956833e-06 80 350000.0
	3.82731025402e-06 90 350000.0
	1.42610364787e-05 20 400000.0
	1.56201946652e-06 30 400000.0
	2.02950255795e-06 40 400000.0
	2.44231810395e-06 50 400000.0
	2.82148334561e-06 60 400000.0
	3.17601945484e-06 70 400000.0
	3.51121101224e-06 80 400000.0
	3.83060085452e-06 90 400000.0
	1.43141569772e-05 20 450000.0
	1.57160114916e-06 30 450000.0
	2.03757709477e-06 40 450000.0
	2.44901421975e-06 50 450000.0
	2.82703681546e-06 60 450000.0
	3.18065851801e-06 70 450000.0
	3.515121791e-06 80 450000.0
	3.833928228e-06 90 450000.0
	1.43671671939e-05 20 500000.0
	1.58260889455e-06 30 500000.0
	2.04605300632e-06 40 500000.0
	2.45589994835e-06 50 500000.0
	2.83269933018e-06 60 500000.0
	3.18536813535e-06 70 500000.0
	3.51908205785e-06 80 500000.0
	3.83729241544e-06 90 500000.0
