
	0.634133781003 20 50000.0
	0.410749630222 30 50000.0
	0.305328525529 40 50000.0
	0.243377293504 50 50000.0
	0.202463316646 60 50000.0
	0.173379761293 70 50000.0
	0.151626480464 80 50000.0
	0.134735276126 90 50000.0
	71.3016287343 20 100000.0
	0.835651875018 30 100000.0
	0.615290566158 40 100000.0
	0.488614946242 50 100000.0
	0.405758329956 60 100000.0
	0.347147501125 70 100000.0
	0.303429450419 80 100000.0
	0.26953935445 90 100000.0
	71.3671716198 20 150000.0
	1.27614457306 30 150000.0
	0.930087609155 40 150000.0
	0.735756100502 50 150000.0
	0.609896214155 60 150000.0
	0.521306221965 70 150000.0
	0.455409553687 80 150000.0
	0.404412182541 90 150000.0
	71.4322763365 20 200000.0
	1.73390479884 30 200000.0
	1.24992945189 40 200000.0
	0.984843551169 50 200000.0
	0.814887652297 60 200000.0
	0.695858653274 70 200000.0
	0.607567292118 80 200000.0
	0.539353632842 90 200000.0
	71.496950332 20 250000.0
	2.21091181223 30 250000.0
	1.57503483914 40 250000.0
	1.23591972457 50 250000.0
	1.02074283088 60 250000.0
	0.870807252494 70 250000.0
	0.75990302721 80 250000.0
	0.674363503873 90 250000.0
	71.5612008454 20 300000.0
	2.70953276083 30 300000.0
	1.90563215434 40 300000.0
	1.48902665394 50 300000.0
	1.22747143397 60 300000.0
	1.04615420597 70 300000.0
	0.912416981705 80 300000.0
	0.809441521425 90 300000.0
	71.625034916 20 350000.0
	3.23264196552 30 350000.0
	2.24196017212 40 350000.0
	1.74420595144 50 350000.0
	1.43508263691 60 350000.0
	1.2219014298 70 350000.0
	1.06510924117 80 350000.0
	0.944587339739 90 350000.0
	71.6884593902 20 400000.0
	3.78379123976 30 400000.0
	2.5842688803 40 400000.0
	2.001498777 50 400000.0
	1.64358509957 60 400000.0
	1.39805057067 70 400000.0
	1.21797975554 80 400000.0
	1.07980054267 90 400000.0
	71.7514809295 20 450000.0
	4.36746044917 30 450000.0
	2.93282038077 40 450000.0
	2.2609458037 50 450000.0
	1.85298695931 60 450000.0
	1.5746030066 70 450000.0
	1.37102834071 80 450000.0
	1.21508064486 90 450000.0
	71.814106017 20 500000.0
	4.98943944156 30 500000.0
	3.28788987946 40 500000.0
	2.52258718001 50 500000.0
	2.06329582361 60 500000.0
	1.75155984773 70 500000.0
	1.52425468004 80 500000.0
	1.35042709285 90 500000.0
