
	39119.4100203 40 10000.0
	41424.7759782 50 10000.0
	43307.1268724 60 10000.0
	44898.466555 70 10000.0
	46278.1939996 80 10000.0
	47498.5500597 90 10000.0
	31672.7428897 40 60000.0
	34001.1866322 50 60000.0
	35895.4112029 60 60000.0
	37493.4378622 70 60000.0
	38877.2435545 80 60000.0
	40100.2535328 90 60000.0
	29115.135675 40 110000.0
	31467.2573042 50 110000.0
	33373.5252195 60 110000.0
	34978.3011964 70 110000.0
	36366.211943 80 110000.0
	37591.8886072 90 110000.0
	27511.1746015 40 160000.0
	29887.5984283 50 160000.0
	31806.0798933 60 160000.0
	33417.6665677 70 160000.0
	34809.7084711 80 160000.0
	36038.0641605 90 160000.0
	26330.1021789 40 210000.0
	28731.4782266 50 210000.0
	30662.3439622 60 210000.0
	32280.8017358 70 210000.0
	33677.0001921 80 210000.0
	34908.0468193 90 210000.0
	25388.7711237 40 260000.0
	27815.776743 50 260000.0
	29759.1979604 60 260000.0
	31384.5862378 70 260000.0
	32784.9659344 80 260000.0
	34018.7149865 90 260000.0
	24601.8786311 40 310000.0
	27055.220239 50 310000.0
	29011.3686092 60 310000.0
	30643.7457784 70 310000.0
	32048.3306912 80 310000.0
	33284.7932312 90 310000.0
	23922.6898123 40 360000.0
	26403.1047665 50 360000.0
	28372.1523853 60 360000.0
	30011.5757972 70 360000.0
	31420.3891877 80 360000.0
	32659.5758562 90 360000.0
	23322.7972087 40 410000.0
	25831.0558312 50 410000.0
	27813.1751794 60 410000.0
	29459.7011265 70 410000.0
	30872.7655387 80 410000.0
	32114.6865549 90 410000.0
	22783.6299885 40 460000.0
	25320.537753 50 460000.0
	27315.9016526 60 460000.0
	28969.5853465 70 460000.0
	30386.9226042 80 460000.0
	31631.5877672 90 460000.0
	22292.3730552 40 510000.0
	24858.7729542 50 510000.0
	26867.5545195 60 510000.0
	28528.4500682 70 510000.0
	29950.0812718 80 510000.0
	31197.4999621 90 510000.0
