
	1247.74369918 15 100000.0
	1228.04990914 16 100000.0
	1208.14203 17 100000.0
	1186.87788678 18 100000.0
	1163.51144527 19 100000.0
	1137.57755456 20 100000.0
	364.341233751 21 100000.0
	375.633427484 22 100000.0
	386.232937244 23 100000.0
	396.253758789 24 100000.0
	405.797847194 25 100000.0
	414.94951147 26 100000.0
	423.775324038 27 100000.0
	432.32655521 28 100000.0
	440.642286642 29 100000.0
	448.752319204 30 100000.0
	456.679563511 31 100000.0
	464.441879449 32 100000.0
	1251.60316583 15 200000.0
	1231.97630219 16 200000.0
	1212.17196987 17 200000.0
	1191.07035376 18 200000.0
	1167.94276472 19 200000.0
	1142.33994199 20 200000.0
	1113.93423527 21 200000.0
	1082.39521189 22 200000.0
	370.518754561 23 200000.0
	383.268551601 24 200000.0
	394.844755404 25 200000.0
	405.533544338 26 200000.0
	415.545428838 27 200000.0
	425.033278457 28 200000.0
	434.107011871 29 200000.0
	442.84545866 30 200000.0
	451.305419371 31 200000.0
	459.528274391 32 200000.0
	1255.43905727 15 300000.0
	1235.87574231 16 300000.0
	1216.17067832 17 300000.0
	1195.22566765 18 300000.0
	1172.3284594 19 300000.0
	1147.04446835 20 300000.0
	1119.06321305 21 300000.0
	1088.07893295 22 300000.0
	1053.69948419 23 300000.0
	1015.35638307 24 300000.0
	380.25760327 25 300000.0
	393.644279867 26 300000.0
	405.593067937 27 300000.0
	416.51404566 28 300000.0
	426.680580367 29 300000.0
	436.2777212 30 300000.0
	445.432087838 31 300000.0
	454.23142035 32 300000.0
	1259.25167958 15 400000.0
	1239.74869572 16 400000.0
	1220.13883022 17 400000.0
	1199.34479822 18 400000.0
	1176.66994192 19 400000.0
	1151.69323875 20 400000.0
	1124.11975595 21 400000.0
	1093.66581973 22 400000.0
	1059.97406424 23 400000.0
	1022.53380231 24 400000.0
	980.572867297 25 400000.0
	932.861582742 26 400000.0
	392.987808291 27 400000.0
	406.235365793 28 400000.0
	418.053646729 29 400000.0
	428.870672172 30 400000.0
	438.959201879 31 400000.0
	448.498132919 32 400000.0
	1263.04133063 15 500000.0
	1243.59561232 16 500000.0
	1224.07707255 17 500000.0
	1203.4286694 18 500000.0
	1180.96854921 19 500000.0
	1156.28823076 20 500000.0
	1129.10686633 21 500000.0
	1099.16057014 22 500000.0
	1066.12285185 23 500000.0
	1029.53367541 24 500000.0
	988.708094691 25 500000.0
	942.577890812 26 500000.0
	889.358448457 27 500000.0
	393.22115378 28 500000.0
	407.705926443 29 500000.0
	420.339501673 30 500000.0
	431.731098405 31 500000.0
	442.246121731 32 500000.0
	1266.80830052 15 600000.0
	1247.41692659 16 600000.0
	1227.98602606 17 600000.0
	1207.47816223 18 600000.0
	1185.22554807 19 600000.0
	1160.83130478 20 600000.0
	1134.02734487 21 600000.0
	1104.56752158 22 600000.0
	1072.15280032 23 600000.0
	1036.36766605 24 600000.0
	996.602466733 25 600000.0
	951.924605689 26 600000.0
	900.819494487 27 600000.0
	840.572220388 28 600000.0
	394.656846698 29 600000.0
	410.201859327 30 600000.0
	423.500227842 31 600000.0
	435.348553804 32 600000.0
	1270.55287196 15 700000.0
	1251.21305845 16 700000.0
	1231.86628683 17 700000.0
	1211.4941177 18 700000.0
	1189.44214015 19 700000.0
	1165.32421333 20 700000.0
	1138.88380866 21 700000.0
	1109.89068749 22 700000.0
	1078.07026472 23 700000.0
	1043.04626354 24 700000.0
	1004.2743135 25 700000.0
	960.936521678 26 700000.0
	911.738222861 27 700000.0
	854.449347279 28 700000.0
	784.630832017 29 700000.0
	397.535180369 30 700000.0
	413.848634317 31 700000.0
	427.605690923 32 700000.0
	1274.2753207 15 800000.0
	1254.98441405 16 800000.0
	1235.7184277 17 800000.0
	1215.47733928 18 800000.0
	1193.61946657 19 800000.0
	1169.7686095 20 800000.0
	1143.67870713 21 800000.0
	1115.13378935 22 800000.0
	1083.88106961 23 800000.0
	1049.57893776 24 800000.0
	1011.73984876 25 800000.0
	969.643524633 26 800000.0
	922.176216268 27 800000.0
	867.485998443 28 800000.0
	802.098621144 29 800000.0
	380.054361291 30 800000.0
	401.982658421 31 800000.0
	418.686090563 32 800000.0
	1277.97591578 15 900000.0
	1258.73138649 16 900000.0
	1239.54299965 17 900000.0
	1219.42859526 18 900000.0
	1197.75861202 19 900000.0
	1174.16605453 20 900000.0
	1148.41433647 21 900000.0
	1120.30028483 22 900000.0
	1089.59056744 23 900000.0
	1055.97426905 24 900000.0
	1019.01348884 25 900000.0
	978.071489644 26 900000.0
	932.184680783 27 900000.0
	879.800584979 28 900000.0
	818.150768726 29 900000.0
	741.338657293 30 900000.0
	385.981680072 31 900000.0
	407.981272536 32 900000.0
	1281.65491996 15 1000000.0
	1262.45435652 16 1000000.0
	1243.34053297 17 1000000.0
	1223.34862096 18 1000000.0
	1201.86060868 19 1000000.0
	1178.5180247 20 1000000.0
	1153.09285237 21 1000000.0
	1125.39339259 22 1000000.0
	1095.20368901 23 1000000.0
	1062.24005799 24 1000000.0
	1026.10811311 25 1000000.0
	986.242980349 26 1000000.0
	941.806696934 27 1000000.0
	891.4870644 28 1000000.0
	833.045008151 29 1000000.0
	762.069171832 30 1000000.0
	667.028485554 31 1000000.0
	394.126051051 32 1000000.0
	1285.31258994 15 1100000.0
	1266.15369315 16 1100000.0
	1247.11153849 17 1100000.0
	1227.2381207 18 1100000.0
	1205.92643964 19 1100000.0
	1182.82591759 20 1100000.0
	1157.71628157 21 1100000.0
	1130.41611422 22 1100000.0
	1100.72498734 23 1100000.0
	1068.38341861 24 1100000.0
	1033.03527847 25 1100000.0
	994.177800628 26 1100000.0
	951.078884708 27 1100000.0
	902.621375785 28 1100000.0
	846.971512695 29 1100000.0
	780.743061822 30 1100000.0
	696.199511168 31 1100000.0
	562.774158178 32 1100000.0
	1288.94917669 15 1200000.0
	1269.82975428 16 1200000.0
	1250.85650858 17 1200000.0
	1231.09776967 18 1200000.0
	1209.95704217 19 1200000.0
	1187.09105777 20 1200000.0
	1162.28653214 21 1200000.0
	1135.37125371 22 1200000.0
	1106.158676 23 1200000.0
	1074.4108579 24 1200000.0
	1039.80539739 25 1200000.0
	1001.89343483 26 1200000.0
	960.032657985 27 1200000.0
	913.265862748 28 1200000.0
	860.075103825 29 1200000.0
	797.807293233 30 1200000.0
	720.993893823 31 1200000.0
	613.704776557 32 1200000.0
