
	7413.16700076 15 100000.0
	7752.25834483 16 100000.0
	8132.92144786 17 100000.0
	8553.76275249 18 100000.0
	9020.11493998 19 100000.0
	9540.50467587 20 100000.0
	11670.7659699 21 100000.0
	11375.2709983 22 100000.0
	11179.1264507 23 100000.0
	11046.8349745 24 100000.0
	10955.5270722 25 100000.0
	10890.4509868 26 100000.0
	10842.1309218 27 100000.0
	10804.5206351 28 100000.0
	10773.7933578 29 100000.0
	10747.5494021 30 100000.0
	10724.2996324 31 100000.0
	10703.1307362 32 100000.0
	7400.44948806 15 200000.0
	7734.47375581 16 200000.0
	8109.81647813 17 200000.0
	8524.69805967 18 200000.0
	8983.89235322 19 200000.0
	9495.19095426 20 200000.0
	10069.6260381 21 200000.0
	10723.5759752 22 200000.0
	13346.3511878 23 200000.0
	12640.2557213 24 200000.0
	12187.6055382 25 200000.0
	11884.7788422 26 200000.0
	11673.8880808 27 200000.0
	11520.9200082 28 200000.0
	11405.2565013 29 200000.0
	11314.1409529 30 200000.0
	11239.5652157 31 200000.0
	11176.4440537 32 200000.0
	7388.03631718 15 300000.0
	7717.10976188 16 300000.0
	8087.27240472 17 300000.0
	8496.38295378 18 300000.0
	8948.69044059 19 300000.0
	9451.3047311 20 300000.0
	10014.288387 21 300000.0
	10652.4946089 22 300000.0
	11389.0392678 23 300000.0
	12261.7509183 24 300000.0
	14656.1036219 25 300000.0
	13657.6152811 26 300000.0
	13023.1222675 27 300000.0
	12595.6647949 28 300000.0
	12293.1590212 29 300000.0
	12069.3508396 30 300000.0
	11896.86392 31 300000.0
	11758.9214243 32 300000.0
	7375.91770137 15 400000.0
	7700.1520965 16 400000.0
	8065.2684397 17 400000.0
	8468.78652007 18 400000.0
	8914.46184777 19 400000.0
	9408.77084385 20 400000.0
	9960.88880739 21 400000.0
	10584.2958169 22 400000.0
	11299.7964501 23 400000.0
	12140.9988552 24 400000.0
	13165.2911988 25 400000.0
	14478.8352708 26 400000.0
	15389.4102573 27 400000.0
	14301.0906729 28 400000.0
	13596.8423276 29 400000.0
	13111.4061859 30 400000.0
	12759.2451287 31 400000.0
	12492.3608358 32 400000.0
	7364.08426288 15 500000.0
	7683.58714486 16 500000.0
	8043.78485219 17 500000.0
	8441.8796063 18 500000.0
	8881.16226186 19 500000.0
	9367.51960019 20 500000.0
	9909.31319955 21 500000.0
	10518.7834906 22 500000.0
	11214.6846901 23 500000.0
	12026.9604821 24 500000.0
	13005.8416762 25 500000.0
	14241.7913235 26 500000.0
	15916.3752531 27 500000.0
	17299.1222784 28 500000.0
	15644.5107758 29 500000.0
	14620.0533007 30 500000.0
	13932.2342737 31 500000.0
	13441.995643 32 500000.0
	7352.52701115 15 600000.0
	7667.40190553 16 600000.0
	8022.80289926 17 600000.0
	8415.63469408 18 600000.0
	8848.75016245 19 600000.0
	9327.48627293 20 600000.0
	9859.45672446 21 600000.0
	10455.7798445 22 600000.0
	11133.3847939 23 600000.0
	11919.0188846 24 600000.0
	12856.8322939 25 600000.0
	14024.4306591 26 600000.0
	15571.8579591 27 600000.0
	17836.4132165 28 600000.0
	19265.7653108 29 600000.0
	16970.0040445 30 600000.0
	15608.6708508 31 600000.0
	14716.0873855 32 600000.0
	7341.23732246 15 700000.0
	7651.58395484 16 700000.0
	8002.30476224 17 700000.0
	8390.02578157 18 700000.0
	8817.1865973 19 700000.0
	9288.610651 20 700000.0
	9811.22285337 21 700000.0
	10395.1232608 22 700000.0
	11055.6113031 23 700000.0
	11816.6342206 24 700000.0
	12717.1449367 25 700000.0
	13824.1226244 26 700000.0
	15262.8097455 27 700000.0
	17299.9782942 28 700000.0
	20642.7701396 29 700000.0
	21125.3274384 30 700000.0
	18189.0786966 31 700000.0
	16509.9591741 32 700000.0
	7330.2069208 15 800000.0
	7636.12141384 16 800000.0
	7982.27348807 17 800000.0
	8365.0282764 18 800000.0
	8786.43497978 19 800000.0
	9250.83663939 20 800000.0
	9764.52253471 21 800000.0
	10336.6664373 22 800000.0
	10981.1080236 23 800000.0
	11719.3317155 24 800000.0
	12585.8232501 25 800000.0
	13638.7063771 26 800000.0
	14983.451354 27 800000.0
	16834.3734052 28 800000.0
	19714.5807733 29 800000.0
	30831.3721387 30 800000.0
	22694.2436202 31 800000.0
	19220.8336735 32 800000.0
	7319.42786003 15 900000.0
	7621.0029175 16 900000.0
	7962.6929352 17 900000.0
	8340.61889773 18 900000.0
	8756.46090558 19 900000.0
	9214.11190166 20 900000.0
	9719.27346111 21 900000.0
	10280.2747891 22 900000.0
	10909.6442602 23 900000.0
	11626.6918721 24 900000.0
	12462.0436356 25 900000.0
	13466.3879142 26 900000.0
	14729.2467766 27 900000.0
	16425.1235244 28 900000.0
	18951.3564697 29 900000.0
	23495.9755641 30 900000.0
	32979.8804699 31 900000.0
	23822.372891 32 900000.0
	7308.89250716 15 1000000.0
	7606.21758616 16 1000000.0
	7943.54772355 17 1000000.0
	8316.77558659 18 1000000.0
	8727.23198659 19 1000000.0
	9178.38753991 20 1000000.0
	9675.39942276 21 1000000.0
	10225.8250632 22 1000000.0
	10841.0116287 23 1000000.0
	11538.3424282 24 1000000.0
	12345.0923728 25 1000000.0
	13305.663456 26 1000000.0
	14496.578467 27 1000000.0
	16061.5948565 28 1000000.0
	18309.1422783 29 1000000.0
	22064.7732103 30 1000000.0
	30794.6164969 31 1000000.0
	33671.1929931 32 1000000.0
	7298.59352665 15 1100000.0
	7591.75499878 16 1100000.0
	7924.82318831 17 1100000.0
	8293.47742366 18 1100000.0
	8698.7177001 19 1100000.0
	9143.61780763 20 1100000.0
	9632.82973524 21 1100000.0
	10173.204135 22 1100000.0
	10775.0213439 23 1100000.0
	11453.9517032 24 1100000.0
	12234.3473951 25 1100000.0
	13155.2615587 26 1100000.0
	14282.5207185 27 1100000.0
	15735.7743668 28 1100000.0
	17758.8303698 29 1100000.0
	20948.091951 30 1100000.0
	27346.5747561 31 1100000.0
	55503.5897646 32 1100000.0
	7288.52386567 15 1200000.0
	7577.60516814 16 1200000.0
	7906.50533709 17 1200000.0
	8270.70455374 18 1200000.0
	8670.88925161 19 1200000.0
	9109.75985133 20 1200000.0
	9591.4987319 21 1200000.0
	10122.3079567 22 1200000.0
	10711.5019007 23 1200000.0
	11373.2230582 24 1200000.0
	12129.2636369 25 1200000.0
	13014.0987677 26 1200000.0
	14084.6779363 27 1200000.0
	15441.4924958 28 1200000.0
	17280.2730676 29 1200000.0
	20045.2307421 30 1200000.0
	25046.5217798 31 1200000.0
	39215.968373 32 1200000.0
