
	2147.05677153 15 100000.0
	2397.40529909 16 100000.0
	2703.94618081 17 100000.0
	3061.71435718 18 100000.0
	3470.53548196 19 100000.0
	3935.34794864 20 100000.0
	5339.21074449 21 100000.0
	5142.22692264 22 100000.0
	5002.70516825 23 100000.0
	4899.02806837 24 100000.0
	4818.51749725 25 100000.0
	4753.5300694 26 100000.0
	4699.35024496 27 100000.0
	4653.00317949 28 100000.0
	4612.56646382 29 100000.0
	4576.76328033 30 100000.0
	4544.71851941 31 100000.0
	4515.81096639 32 100000.0
	2133.95698517 15 200000.0
	2380.02510454 16 200000.0
	2681.24323222 17 200000.0
	3032.55409051 18 200000.0
	3433.47261791 19 200000.0
	3888.35682669 20 200000.0
	4406.71315611 21 200000.0
	5004.56747009 22 200000.0
	6806.42043996 23 200000.0
	6286.50815128 24 200000.0
	5938.31718025 25 200000.0
	5689.74259716 26 200000.0
	5502.82581885 27 200000.0
	5356.15960261 28 200000.0
	5237.0325455 29 200000.0
	5137.57175825 30 200000.0
	5052.71571079 31 200000.0
	4979.09433522 32 200000.0
	2121.09909003 15 300000.0
	2363.00729102 16 300000.0
	2659.06537975 17 300000.0
	3004.13966121 18 300000.0
	3397.46280306 19 300000.0
	3842.86264612 20 300000.0
	4348.95938264 21 300000.0
	4930.30053102 22 300000.0
	5610.17246928 23 300000.0
	6426.55591302 24 300000.0
	8031.05511965 25 300000.0
	7238.36617865 26 300000.0
	6716.89897329 27 300000.0
	6347.96725919 28 300000.0
	6072.12517582 29 300000.0
	5856.77975899 30 300000.0
	5682.83889327 31 300000.0
	5538.51891862 32 300000.0
	2108.47423047 15 400000.0
	2346.33823446 16 400000.0
	2637.39177855 17 400000.0
	2976.43911195 18 400000.0
	3362.45644584 19 400000.0
	3798.78664835 20 400000.0
	4293.24427959 21 400000.0
	4859.04908732 22 400000.0
	5517.21153837 23 400000.0
	6301.54317043 24 400000.0
	7269.24296055 25 400000.0
	8525.39274876 26 400000.0
	8780.93501214 27 400000.0
	7866.98598468 28 400000.0
	7257.31280567 29 400000.0
	6820.49223506 30 400000.0
	6490.52923869 31 400000.0
	6230.99504432 32 400000.0
	2096.0739662 15 500000.0
	2330.00498115 16 500000.0
	2616.20268537 17 500000.0
	2949.42233233 18 500000.0
	3328.40713537 19 500000.0
	3756.0557553 20 500000.0
	4239.44897056 21 500000.0
	4790.61086307 22 500000.0
	5428.53461733 23 500000.0
	6183.41295662 24 500000.0
	7105.37919447 25 500000.0
	8284.02756485 26 500000.0
	9898.46481473 27 500000.0
	10515.1251845 28 500000.0
	9089.23876897 29 500000.0
	8190.67784321 30 500000.0
	7570.7919593 31 500000.0
	7115.29286531 32 500000.0
	2083.89024903 15 600000.0
	2313.99520723 16 600000.0
	2595.47938593 17 600000.0
	2923.06092443 18 600000.0
	3295.27138325 19 600000.0
	3714.60204993 20 600000.0
	4187.46411494 21 600000.0
	4724.80226261 22 600000.0
	5343.81566628 23 600000.0
	6071.54155551 24 600000.0
	6952.11198016 25 600000.0
	8062.44059219 26 600000.0
	9550.54841312 27 600000.0
	11748.7115775 28 600000.0
	12340.567018 29 600000.0
	10313.9175809 30 600000.0
	9101.23734778 31 600000.0
	8290.89367001 32 600000.0
	2071.91540101 15 700000.0
	2298.29718111 16 700000.0
	2575.20412812 17 700000.0
	2897.32808034 18 700000.0
	3263.00839085 19 700000.0
	3674.36231426 20 700000.0
	4137.18893859 21 700000.0
	4661.45619023 22 700000.0
	5262.76275424 23 700000.0
	5965.38256967 24 700000.0
	6808.31950901 25 700000.0
	7858.01000002 26 700000.0
	9238.02676618 27 700000.0
	11211.0791736 28 700000.0
	14473.901507 29 700000.0
	14103.6520033 30 700000.0
	11458.6974828 31 700000.0
	9940.70084455 32 700000.0
	2060.14209408 15 800000.0
	2282.89972859 16 800000.0
	2555.36006034 17 800000.0
	2872.19847009 18 800000.0
	3231.57983879 19 800000.0
	3635.27761712 20 800000.0
	4088.53038321 21 800000.0
	4600.42017498 22 800000.0
	5185.11356578 23 800000.0
	5864.45492532 24 800000.0
	6673.04137119 25 800000.0
	7668.58074831 26 800000.0
	8955.16276663 27 800000.0
	10743.782754 28 800000.0
	13549.4901057 29 800000.0
	23187.8896602 30 800000.0
	15622.3553939 31 800000.0
	12443.230148 32 800000.0
	2048.56333102 15 900000.0
	2267.79220041 16 900000.0
	2535.93117463 17 900000.0
	2847.6481392 18 900000.0
	3200.94969643 19 900000.0
	3597.29294565 20 900000.0
	4041.40235727 21 900000.0
	4541.5547511 22 900000.0
	5110.63161442 23 900000.0
	5768.33308619 24 900000.0
	6545.44968749 25 900000.0
	7492.36238279 26 900000.0
	8697.45177511 27 900000.0
	10332.4851809 28 900000.0
	12788.4398763 29 900000.0
	17236.2379246 30 900000.0
	25355.5775038 31 900000.0
	16740.8924688 32 900000.0
	2037.17242765 15 1000000.0
	2252.96444206 16 1000000.0
	2516.90225411 17 1000000.0
	2823.6544148 18 1000000.0
	3171.08404906 19 1000000.0
	3560.35687496 20 1000000.0
	3995.72507461 21 1000000.0
	4484.7320538 22 1000000.0
	5039.10303476 23 1000000.0
	5676.63900974 24 1000000.0
	6424.82633366 25 1000000.0
	7327.85298416 26 1000000.0
	8461.29968676 27 1000000.0
	9966.65351919 28 1000000.0
	12147.243352 29 1000000.0
	15815.9444368 30 1000000.0
	24396.3328156 31 1000000.0
	26127.0860794 32 1000000.0
	2025.9629961 15 1100000.0
	2238.40676567 16 1100000.0
	2498.25882439 17 1100000.0
	2800.19581949 18 1100000.0
	3141.95094074 19 1100000.0
	3524.42127146 20 1100000.0
	3951.4244687 21 1100000.0
	4429.83459712 22 1100000.0
	4970.33385111 23 1100000.0
	5589.03548966 24 1100000.0
	6310.54479054 25 1100000.0
	7173.78170125 26 1100000.0
	8243.79832877 27 1100000.0
	9638.3497444 28 1100000.0
	11597.0993816 29 1100000.0
	14706.785588 30 1100000.0
	20982.345501 31 1100000.0
	48819.0846564 32 1100000.0
	2014.92892919 15 1200000.0
	2224.10992377 16 1200000.0
	2479.9871085 17 1200000.0
	2777.25199211 18 1200000.0
	3113.5202314 19 1200000.0
	3489.4410258 20 1200000.0
	3908.43167244 21 1200000.0
	4376.75420663 22 1200000.0
	4904.14764106 23 1200000.0
	5505.22060998 24 1200000.0
	6202.05554672 25 1200000.0
	7029.06472074 26 1200000.0
	8042.56518722 27 1200000.0
	9341.46083316 28 1200000.0
	11118.0773205 29 1200000.0
	13809.0880886 30 1200000.0
	18705.0089912 31 1200000.0
	32661.141026 32 1200000.0
