
	656052.363577 15 100000.0
	663615.811971 16 100000.0
	671538.633241 17 100000.0
	679860.566132 18 100000.0
	688623.864685 19 100000.0
	697877.758471 20 100000.0
	1081622.53947 21 100000.0
	1088467.6982 22 100000.0
	1095151.34318 23 100000.0
	1101731.80384 24 100000.0
	1108246.59855 25 100000.0
	1114719.49249 26 100000.0
	1121165.26218 27 100000.0
	1127592.89194 28 100000.0
	1134007.6943 29 100000.0
	1140412.69879 30 100000.0
	1146809.54932 31 100000.0
	1153199.07591 32 100000.0
	655831.771277 15 200000.0
	663364.851878 16 200000.0
	671251.062442 17 200000.0
	679529.476176 18 200000.0
	688241.195712 19 200000.0
	697433.628563 20 200000.0
	707163.354545 21 200000.0
	717500.205534 22 200000.0
	1084191.19628 23 200000.0
	1091898.03213 24 200000.0
	1099231.855 25 200000.0
	1106330.53176 26 200000.0
	1113276.59867 27 200000.0
	1120120.56658 28 200000.0
	1126893.74173 29 200000.0
	1133615.68752 30 200000.0
	1140298.71383 31 200000.0
	1146950.63097 32 200000.0
	655614.502712 15 300000.0
	663117.83581 16 300000.0
	670968.233344 17 300000.0
	679204.151536 18 300000.0
	687865.622409 19 300000.0
	696998.361124 20 300000.0
	706656.39616 21 300000.0
	716905.712414 22 300000.0
	727830.447637 23 300000.0
	739543.755462 24 300000.0
	1087890.38173 25 300000.0
	1096286.46395 26 300000.0
	1104165.72231 27 300000.0
	1111718.31909 28 300000.0
	1119054.48033 29 300000.0
	1126240.91508 30 300000.0
	1133319.23369 31 300000.0
	1140316.02877 32 300000.0
	655400.493016 15 400000.0
	662874.679273 16 400000.0
	670690.033826 17 400000.0
	678884.440764 18 400000.0
	687496.936051 19 400000.0
	696571.661427 20 400000.0
	706160.285272 21 400000.0
	716325.264057 22 400000.0
	727145.321404 23 400000.0
	738724.90634 24 400000.0
	751211.234347 25 400000.0
	764827.597827 26 400000.0
	1093177.00198 27 400000.0
	1101982.64188 28 400000.0
	1110228.72578 29 400000.0
	1118112.73911 30 400000.0
	1125749.38548 31 400000.0
	1133208.83711 32 400000.0
	655189.679352 15 500000.0
	662635.300662 16 500000.0
	670416.356001 17 500000.0
	678570.198766 18 500000.0
	687134.937728 19 500000.0
	696153.250419 20 500000.0
	705674.619096 21 500000.0
	715758.257959 22 500000.0
	726477.971455 23 500000.0
	737930.419765 24 500000.0
	750249.702281 25 500000.0
	763635.03741 26 500000.0
	778409.591415 27 500000.0
	1090156.79266 28 500000.0
	1099979.53195 29 500000.0
	1108960.7791 30 500000.0
	1117413.35527 31 500000.0
	1125510.3744 32 500000.0
	654982.000817 15 600000.0
	662399.621128 16 600000.0
	670147.095997 17 600000.0
	678261.286437 18 600000.0
	686779.437707 19 600000.0
	695742.863578 20 600000.0
	705199.018749 21 600000.0
	715204.132862 22 600000.0
	725827.530091 23 600000.0
	737158.877623 24 600000.0
	749320.725668 25 600000.0
	762491.666551 26 600000.0
	776953.683123 27 600000.0
	793204.701884 28 600000.0
	1087466.41685 29 600000.0
	1098329.44888 30 600000.0
	1108041.01106 31 600000.0
	1117050.36271 32 600000.0
	654777.398366 15 700000.0
	662167.564453 16 700000.0
	669882.153748 17 700000.0
	677957.570322 18 700000.0
	686430.254858 19 700000.0
	695340.249873 20 700000.0
	704733.127311 21 700000.0
	714662.364911 22 700000.0
	725193.197022 23 700000.0
	736408.99255 24 700000.0
	748422.086277 25 700000.0
	761393.278295 26 700000.0
	775570.308696 27 700000.0
	791374.620264 28 700000.0
	809641.75547 29 700000.0
	1085332.63109 30 700000.0
	1097178.72065 31 700000.0
	1107569.68982 32 700000.0
	654575.814733 15 800000.0
	661939.056926 16 800000.0
	669621.432807 17 800000.0
	677658.922296 18 800000.0
	686087.216109 19 800000.0
	694945.170823 20 800000.0
	704276.608085 21 800000.0
	714132.46425 22 800000.0
	724574.232256 23 800000.0
	735679.591658 24 800000.0
	747551.803762 25 800000.0
	760336.225956 26 800000.0
	774251.846894 27 800000.0
	789659.118092 28 800000.0
	807234.168559 29 800000.0
	1067710.43548 30 800000.0
	1083950.29078 31 800000.0
	1096639.76904 32 800000.0
	654377.194357 15 900000.0
	661714.02723 16 900000.0
	669364.840165 17 900000.0
	677365.21928 18 900000.0
	685750.155964 19 900000.0
	694557.399633 20 900000.0
	703829.143022 21 900000.0
	713613.972012 22 900000.0
	723969.949924 23 900000.0
	734969.602786 24 900000.0
	746708.101461 25 900000.0
	759317.324135 26 900000.0
	772991.90732 27 900000.0
	788042.937604 28 900000.0
	805027.074311 29 900000.0
	825144.214242 30 900000.0
	1066161.18737 31 900000.0
	1083454.64084 32 900000.0
	654181.483314 15 1000000.0
	661492.406338 16 1000000.0
	669112.28608 17 1000000.0
	677076.342958 18 1000000.0
	685418.916037 19 1000000.0
	694176.720411 20 1000000.0
	703390.431313 21 1000000.0
	713106.457642 22 1000000.0
	723379.7129 23 1000000.0
	734278.042803 24 1000000.0
	745889.37827 25 1000000.0
	758333.771139 26 1000000.0
	771785.069763 27 1000000.0
	786513.887647 28 1000000.0
	802985.133779 29 1000000.0
	822130.277256 30 1000000.0
	846456.7409 31 1000000.0
	1066110.94136 32 1000000.0
	653988.629248 15 1100000.0
	661274.12741 16 1100000.0
	668863.683923 17 1100000.0
	676792.179533 18 1100000.0
	685093.344641 19 1100000.0
	693802.927448 20 1100000.0
	702960.188104 21 1100000.0
	712609.516512 22 1100000.0
	722802.928086 23 1100000.0
	733604.007596 24 1100000.0
	745094.185318 25 1100000.0
	757383.087399 26 1100000.0
	770626.690405 27 1100000.0
	785062.047897 28 1100000.0
	801082.162053 29 1100000.0
	819428.416849 30 1100000.0
	841855.034042 31 1100000.0
	875805.617827 32 1100000.0
	653798.581313 15 1200000.0
	661059.125701 16 1200000.0
	668618.950028 17 1200000.0
	676512.619483 18 1200000.0
	684773.296393 19 1200000.0
	693435.824558 20 1200000.0
	702538.143342 21 1200000.0
	712122.767789 22 1200000.0
	722239.042272 23 1200000.0
	732946.663472 24 1200000.0
	744321.206485 25 1200000.0
	756463.066029 26 1200000.0
	769512.755062 27 1200000.0
	783679.219941 28 1200000.0
	799298.132438 29 1200000.0
	816971.448915 30 1200000.0
	837991.248745 31 1200000.0
	866398.82653 32 1200000.0
