
	657364.029267 15 100000.0
	664942.874365 16 100000.0
	672882.215934 17 100000.0
	681222.045905 18 100000.0
	690004.880817 19 100000.0
	699280.250978 20 100000.0
	1161030.93006 21 100000.0
	1172543.73472 22 100000.0
	1183814.37126 23 100000.0
	1194923.13547 24 100000.0
	1205921.61427 25 100000.0
	1216842.8762 26 100000.0
	1227708.0643 27 100000.0
	1238530.68384 28 100000.0
	1249319.3844 29 100000.0
	1260079.75512 30 100000.0
	1270815.47503 31 100000.0
	1281529.0441 32 100000.0
	658452.007413 15 200000.0
	666015.61434 16 200000.0
	673934.544801 17 200000.0
	682248.364404 18 200000.0
	690998.682701 19 200000.0
	700233.483338 20 200000.0
	710010.052923 21 200000.0
	720399.140706 22 200000.0
	1165386.08767 23 200000.0
	1178352.01122 24 200000.0
	1190750.0904 25 200000.0
	1202776.68881 26 200000.0
	1214550.04121 27 200000.0
	1226143.6296 28 200000.0
	1237604.2317 29 200000.0
	1248962.2741 30 200000.0
	1260237.99531 31 200000.0
	1271445.20301 32 200000.0
	659540.261512 15 300000.0
	667088.991575 16 300000.0
	674987.99876 17 300000.0
	683276.457987 18 300000.0
	691995.136114 19 300000.0
	701190.576968 20 300000.0
	710917.817379 21 300000.0
	721244.139641 22 300000.0
	732255.430536 23 300000.0
	744067.315764 24 300000.0
	1172117.6684 25 300000.0
	1186234.266 26 300000.0
	1199552.45933 27 300000.0
	1212348.76075 28 300000.0
	1224785.06598 29 300000.0
	1236961.11169 30 300000.0
	1248940.76166 31 300000.0
	1260766.28762 32 300000.0
	660628.772889 15 400000.0
	668162.975492 16 400000.0
	676042.52993 17 400000.0
	684306.253309 18 400000.0
	692994.129264 19 400000.0
	702151.360075 20 400000.0
	711830.894428 21 400000.0
	722096.822243 22 400000.0
	733030.04808 23 400000.0
	744738.0672 24 400000.0
	757372.578055 25 400000.0
	771163.930156 26 400000.0
	1181758.29031 27 400000.0
	1196561.00258 28 400000.0
	1210486.58221 29 400000.0
	1223826.81651 30 400000.0
	1236753.42933 31 400000.0
	1249373.52619 32 400000.0
	661717.52367 15 500000.0
	669237.536834 16 500000.0
	677098.092586 17 500000.0
	685337.68056 18 500000.0
	693995.556231 19 500000.0
	703115.670864 20 500000.0
	712749.032522 21 500000.0
	722956.786219 22 500000.0
	733815.290676 23 500000.0
	745424.734032 24 500000.0
	757924.332866 25 500000.0
	771521.201533 26 500000.0
	786551.773744 27 500000.0
	1177677.52325 28 500000.0
	1194076.91979 29 500000.0
	1209172.43732 30 500000.0
	1223427.7218 31 500000.0
	1237102.10034 32 500000.0
	662806.496743 15 600000.0
	670312.647596 16 600000.0
	678154.64304 17 600000.0
	686370.673249 18 600000.0
	694999.316567 19 600000.0
	704083.356771 20 600000.0
	713671.996207 21 600000.0
	723823.658581 22 600000.0
	734610.544986 23 600000.0
	746126.254252 24 600000.0
	758498.96254 25 600000.0
	771915.784998 26 600000.0
	786672.646962 27 600000.0
	803293.009214 28 600000.0
	1174335.90123 29 600000.0
	1192342.46479 30 600000.0
	1208579.56203 31 600000.0
	1223713.55718 32 600000.0
	663895.675717 15 700000.0
	671388.280962 16 700000.0
	679212.139527 17 700000.0
	687405.167998 18 700000.0
	696005.31493 19 700000.0
	705054.273778 20 700000.0
	714599.564771 21 700000.0
	724697.092826 22 700000.0
	735415.247888 23 700000.0
	746841.668073 24 700000.0
	759094.720029 25 700000.0
	772344.187829 26 700000.0
	786852.157371 27 700000.0
	803065.375696 28 700000.0
	821871.664868 29 700000.0
	1172058.22786 30 700000.0
	1191561.07774 31 700000.0
	1208842.83677 32 700000.0
	664985.044891 15 800000.0
	672464.411238 16 800000.0
	680270.542102 17 800000.0
	688441.104363 18 800000.0
	697013.460752 19 800000.0
	706028.285792 20 800000.0
	715531.531034 21 800000.0
	725576.766462 22 800000.0
	736228.881049 23 800000.0
	747570.104952 24 800000.0
	759710.052571 25 800000.0
	772803.396138 26 800000.0
	787083.675347 27 800000.0
	802936.171672 28 800000.0
	821085.507897 29 800000.0
	1145058.21312 30 800000.0
	1171118.49095 31 800000.0
	1191883.92678 32 800000.0
	666074.589216 15 900000.0
	673541.013804 16 900000.0
	681329.812537 17 900000.0
	689478.424658 18 900000.0
	698023.667929 19 900000.0
	707005.264073 20 900000.0
	716467.700257 21 900000.0
	726462.378812 22 900000.0
	737050.966221 23 900000.0
	748310.772636 24 900000.0
	760343.573268 25 900000.0
	773290.789089 26 900000.0
	787361.667826 27 900000.0
	802891.50483 28 900000.0
	820482.030509 29 900000.0
	841435.118008 30 900000.0
	1144114.6338 31 900000.0
	1171696.19935 32 900000.0
	667164.294268 15 1000000.0
	674618.065052 16 1000000.0
	682389.914233 17 1000000.0
	690517.073794 18 1000000.0
	699035.854538 19 1000000.0
	707985.086718 20 1000000.0
	717407.889166 21 1000000.0
	727353.649076 22 1000000.0
	737881.061152 23 1000000.0
	749062.947875 24 1000000.0
	760994.037766 25 1000000.0
	773804.071802 26 1000000.0
	787681.46335 27 1000000.0
	802920.329363 28 1000000.0
	820027.565973 29 1000000.0
	840022.807876 30 1000000.0
	865666.199525 31 1000000.0
	1145591.97457 32 1000000.0
	668254.146215 15 1100000.0
	675695.542341 16 1100000.0
	683450.812132 17 1100000.0
	691556.999136 18 1100000.0
	700049.942577 19 1100000.0
	708967.638193 20 1100000.0
	718351.925065 21 1100000.0
	728250.314594 22 1100000.0
	738718.756006 23 1100000.0
	749825.968482 24 1100000.0
	761660.324954 25 1100000.0
	774341.222221 26 1100000.0
	788039.0778 27 1100000.0
	803013.700188 28 1100000.0
	819697.300977 29 1100000.0
	838908.688467 30 1100000.0
	862596.488977 31 1100000.0
	899111.175408 32 1100000.0
	669344.131789 15 1200000.0
	676773.423947 16 1200000.0
	684512.472639 17 1200000.0
	692598.150361 18 1200000.0
	701065.857722 19 1200000.0
	709952.808896 20 1200000.0
	719299.64504 21 1200000.0
	729152.129312 22 1200000.0
	739563.670234 23 1200000.0
	750599.226533 24 1200000.0
	762341.420879 25 1200000.0
	774900.448559 26 1200000.0
	788431.082746 27 1200000.0
	803164.259838 28 1200000.0
	819472.355975 29 1200000.0
	838026.153767 30 1200000.0
	860274.103698 31 1200000.0
	890788.592201 32 1200000.0
