
	0.101905993896 15 100000.0
	0.102756293644 16 100000.0
	0.103452279124 17 100000.0
	0.103985683831 18 100000.0
	0.104348643715 19 100000.0
	0.104532389185 20 100000.0
	0.0180738383601 21 100000.0
	0.0187651184057 22 100000.0
	0.0194636363762 23 100000.0
	0.0201659205374 24 100000.0
	0.0208698928927 25 100000.0
	0.0215742743495 26 100000.0
	0.0222782603151 27 100000.0
	0.0229813332253 28 100000.0
	0.0236831489231 29 100000.0
	0.0243834652568 30 100000.0
	0.0250820961686 31 100000.0
	0.0257788819741 32 100000.0
	0.101999610495 15 200000.0
	0.102859625862 16 200000.0
	0.103566472618 17 200000.0
	0.104112189054 18 200000.0
	0.104489300372 19 200000.0
	0.10468958189 20 200000.0
	0.104702650216 21 200000.0
	0.104514194696 22 200000.0
	0.0212788840824 23 200000.0
	0.0218161661145 24 200000.0
	0.0223938909018 25 200000.0
	0.0229972640723 26 200000.0
	0.023617737895 27 200000.0
	0.0242500291026 28 200000.0
	0.0248906892089 29 200000.0
	0.0255373582127 30 200000.0
	0.0261883486171 31 200000.0
	0.0268424013468 32 200000.0
	0.102092752957 15 300000.0
	0.102962367623 16 300000.0
	0.103679917966 17 300000.0
	0.104237731163 18 300000.0
	0.104628698015 19 300000.0
	0.104845101916 20 300000.0
	0.10487730109 21 300000.0
	0.104712107254 22 300000.0
	0.104330488576 23 300000.0
	0.103824293896 24 300000.0
	0.0242831078981 25 300000.0
	0.0246710705811 26 300000.0
	0.0251362940676 27 300000.0
	0.0256500510292 28 300000.0
	0.0261963160209 29 300000.0
	0.0267653816793 30 300000.0
	0.027350980355 31 300000.0
	0.0279488463715 32 300000.0
	0.102185433398 15 400000.0
	0.103064535142 16 400000.0
	0.10379263738 17 400000.0
	0.104362341293 18 400000.0
	0.104766881342 19 400000.0
	0.104999015143 20 400000.0
	0.105049788046 21 400000.0
	0.104907042175 22 400000.0
	0.104553349499 23 400000.0
	0.104042109932 24 400000.0
	0.103386496481 25 400000.0
	0.10237002626 26 400000.0
	0.0270032226046 27 400000.0
	0.0272835349348 28 400000.0
	0.0276653474267 29 400000.0
	0.0281112320095 30 400000.0
	0.0286003128228 31 400000.0
	0.0291199174551 32 400000.0
	0.102277663543 15 500000.0
	0.103166144052 16 500000.0
	0.103904652191 17 500000.0
	0.104486049204 18 500000.0
	0.10490389284 19 500000.0
	0.105151383778 20 500000.0
	0.105220204859 21 500000.0
	0.105099145944 22 500000.0
	0.104772237445 23 500000.0
	0.104206117171 24 500000.0
	0.103659322493 25 500000.0
	0.10270063245 26 500000.0
	0.101368803987 27 500000.0
	0.0293815469489 28 500000.0
	0.0294261125337 29 500000.0
	0.02965217206 30 500000.0
	0.0299857030614 31 500000.0
	0.0303886444274 32 500000.0
	0.102369454736 15 600000.0
	0.103267209435 16 600000.0
	0.104015982896 17 600000.0
	0.104608883365 18 600000.0
	0.105039772938 19 600000.0
	0.10530226663 20 600000.0
	0.105388639483 21 600000.0
	0.105288554577 22 600000.0
	0.104987371793 23 600000.0
	0.104463612174 24 600000.0
	0.10392443769 25 600000.0
	0.10302036601 26 600000.0
	0.101763311743 27 600000.0
	0.100051020155 28 600000.0
	0.0317754807119 29 600000.0
	0.0315404520931 30 600000.0
	0.0315939017511 31 600000.0
	0.0318082418535 32 600000.0
	0.102460817961 15 700000.0
	0.103367745843 16 700000.0
	0.104126649199 17 700000.0
	0.104730871028 18 700000.0
	0.105174560134 19 700000.0
	0.105451719358 20 700000.0
	0.105555174531 21 700000.0
	0.10547539463 22 700000.0
	0.105198954192 23 700000.0
	0.104706275841 24 700000.0
	0.104182088076 25 700000.0
	0.10333010407 26 700000.0
	0.102141890602 27 700000.0
	0.100533345497 28 700000.0
	0.098331211319 29 700000.0
	0.0341295039753 30 700000.0
	0.033593880885 31 700000.0
	0.0334706353649 32 700000.0
	0.102551763856 15 800000.0
	0.103467767324 16 800000.0
	0.104236670058 17 800000.0
	0.104852038297 18 800000.0
	0.105308291127 19 800000.0
	0.105599794697 20 800000.0
	0.105719887709 21 800000.0
	0.105659784075 22 800000.0
	0.105407170466 23 800000.0
	0.104944188858 24 800000.0
	0.104432342945 25 800000.0
	0.103630602018 26 800000.0
	0.102506132523 27 800000.0
	0.100990995046 28 800000.0
	0.0989411839102 29 800000.0
	0.0385390244876 30 800000.0
	0.0363703775885 31 800000.0
	0.035550124107 32 800000.0
	0.102642302727 15 900000.0
	0.103567287449 16 900000.0
	0.104346063716 17 900000.0
	0.104972410194 18 900000.0
	0.10544100092 19 900000.0
	0.105746542665 20 900000.0
	0.105882852213 21 900000.0
	0.105841833081 22 900000.0
	0.105612192278 23 900000.0
	0.105177630688 24 900000.0
	0.10467498677 25 900000.0
	0.103922510236 26 900000.0
	0.102857389709 27 900000.0
	0.101426963968 28 900000.0
	0.0995107702309 29 900000.0
	0.0968775995351 30 900000.0
	0.041099383647 31 900000.0
	0.0384266222217 32 900000.0
	0.102732444561 15 1000000.0
	0.103666319329 16 1000000.0
	0.104454847742 17 1000000.0
	0.105092010719 18 1000000.0
	0.105572722934 19 1000000.0
	0.105892010752 20 1000000.0
	0.106044137071 21 1000000.0
	0.106021644706 22 1000000.0
	0.10581417857 23 1000000.0
	0.10540685668 24 1000000.0
	0.10490922972 25 1000000.0
	0.10420638607 26 1000000.0
	0.103196819777 27 1000000.0
	0.101843722123 28 1000000.0
	0.100045862583 29 1000000.0
	0.0976127521276 30 1000000.0
	0.0942050123798 31 1000000.0
	0.0431656055449 32 1000000.0
	0.102822199041 15 1100000.0
	0.103764875638 16 1100000.0
	0.10456303906 17 1100000.0
	0.105210862904 18 1100000.0
	0.105703489098 19 1100000.0
	0.106036244089 20 1100000.0
	0.106203807471 21 1100000.0
	0.106199315509 22 1100000.0
	0.10601327682 23 1100000.0
	0.105632100842 24 1100000.0
	0.105132702501 25 1100000.0
	0.104482701318 26 1100000.0
	0.103525420464 27 1100000.0
	0.102243328895 28 1100000.0
	0.100551183036 29 1100000.0
	0.0982909153495 30 1100000.0
	0.0951718280406 31 1100000.0
	0.0915832584227 32 1100000.0
	0.102911575555 15 1200000.0
	0.103862968632 16 1200000.0
	0.104670653986 17 1200000.0
	0.105328988868 18 1200000.0
	0.105833329942 19 1200000.0
	0.106179285606 20 1200000.0
	0.106361925037 21 1200000.0
	0.1063749361 22 1200000.0
	0.106209624148 23 1200000.0
	0.105853578213 24 1200000.0
	0.105334652808 25 1200000.0
	0.104751844862 26 1200000.0
	0.103844056511 27 1200000.0
	0.102627518909 28 1200000.0
	0.101030551378 29 1200000.0
	0.0989209725793 30 1200000.0
	0.0960580671309 31 1200000.0
	0.0921642930687 32 1200000.0
