
	2.27342306541e-05 15 100000.0
	2.03371826361e-05 16 100000.0
	1.83497019347e-05 17 100000.0
	1.66645874236e-05 18 100000.0
	1.5211207678e-05 19 100000.0
	1.39398619748e-05 20 100000.0
	1.03619828849e-06 21 100000.0
	1.09655703361e-06 22 100000.0
	1.1547542218e-06 23 100000.0
	1.21119134085e-06 24 100000.0
	1.26615365405e-06 25 100000.0
	1.31984974808e-06 26 100000.0
	1.37243615583e-06 27 100000.0
	1.42403321015e-06 28 100000.0
	1.47473552787e-06 29 100000.0
	1.52461909821e-06 30 100000.0
	1.57374616802e-06 31 100000.0
	1.62216866688e-06 32 100000.0
	2.28958157325e-05 15 200000.0
	2.04811900296e-05 16 200000.0
	1.84804358793e-05 17 200000.0
	1.67852591354e-05 18 200000.0
	1.5324303303e-05 19 200000.0
	1.40474039341e-05 20 200000.0
	1.29172298842e-05 21 200000.0
	1.19045784477e-05 22 200000.0
	1.14839445296e-06 23 200000.0
	1.20916327428e-06 24 200000.0
	1.26740448718e-06 25 200000.0
	1.32362402063e-06 26 200000.0
	1.37817507229e-06 27 200000.0
	1.43131381943e-06 28 200000.0
	1.48323177702e-06 29 200000.0
	1.53407580926e-06 30 200000.0
	1.58396107639e-06 31 200000.0
	1.63297970036e-06 32 200000.0
	2.30572909117e-05 15 300000.0
	2.06250318637e-05 16 300000.0
	1.86109419038e-05 17 300000.0
	1.69056311573e-05 18 300000.0
	1.54370138142e-05 19 300000.0
	1.41544552243e-05 20 300000.0
	1.30203456579e-05 21 300000.0
	1.20053616927e-05 22 300000.0
	1.10855577822e-05 23 300000.0
	1.02403251167e-05 24 300000.0
	1.272735915e-06 25 300000.0
	1.33121344853e-06 26 300000.0
	1.38744150348e-06 27 300000.0
	1.44184022091e-06 28 300000.0
	1.49470913301e-06 29 300000.0
	1.54626982653e-06 30 300000.0
	1.59669097611e-06 31 300000.0
	1.64610404323e-06 32 300000.0
	2.32186616452e-05 15 400000.0
	2.07687151388e-05 16 400000.0
	1.87412289971e-05 17 400000.0
	1.70257151365e-05 18 400000.0
	1.55493545448e-05 19 400000.0
	1.42610364787e-05 20 400000.0
	1.31228634988e-05 21 400000.0
	1.21053766808e-05 22 400000.0
	1.11846412357e-05 23 400000.0
	1.03402372016e-05 24 400000.0
	9.55357928174e-06 25 400000.0
	8.8060279758e-06 26 400000.0
	1.40206793361e-06 27 400000.0
	1.45697821809e-06 28 400000.0
	1.51021389133e-06 29 400000.0
	1.56201946652e-06 30 400000.0
	1.61258646764e-06 31 400000.0
	1.66206594791e-06 32 400000.0
	2.33799332165e-05 15 500000.0
	2.09122466089e-05 16 500000.0
	1.88713057953e-05 17 500000.0
	1.71455222116e-05 18 500000.0
	1.56613400783e-05 19 500000.0
	1.43671671939e-05 20 500000.0
	1.32248101842e-05 21 500000.0
	1.22046614777e-05 22 500000.0
	1.12827748268e-05 23 500000.0
	1.04388788407e-05 24 500000.0
	9.65477475571e-06 25 500000.0
	8.9126497684e-06 26 500000.0
	8.19255880781e-06 27 500000.0
	1.47935160477e-06 28 500000.0
	1.53153414053e-06 29 500000.0
	1.58260889455e-06 30 500000.0
	1.63260411256e-06 31 500000.0
	1.68159752894e-06 32 500000.0
	2.35411107467e-05 15 600000.0
	2.10556327933e-05 16 600000.0
	1.90011806011e-05 17 600000.0
	1.72650630422e-05 18 600000.0
	1.57729842988e-05 19 600000.0
	1.44728658146e-05 20 600000.0
	1.33262108518e-05 21 600000.0
	1.23032514722e-05 22 600000.0
	1.13800104858e-05 23 600000.0
	1.05363304822e-05 24 600000.0
	9.75433246809e-06 25 600000.0
	9.01688630928e-06 26 600000.0
	8.30550880425e-06 27 600000.0
	7.59623818604e-06 28 600000.0
	1.56220710125e-06 29 600000.0
	1.61025545964e-06 30 600000.0
	1.65824590679e-06 31 600000.0
	1.70577009836e-06 32 600000.0
	2.37021992023e-05 15 700000.0
	2.11988799891e-05 16 700000.0
	1.91308614014e-05 17 700000.0
	1.73843478384e-05 18 700000.0
	1.58843004367e-05 19 700000.0
	1.45781498114e-05 20 700000.0
	1.34270891362e-05 21 700000.0
	1.24011796309e-05 22 700000.0
	1.14763960179e-05 23 700000.0
	1.06326650233e-05 24 700000.0
	9.85237129601e-06 25 700000.0
	9.11895052653e-06 26 700000.0
	8.41510121065e-06 27 700000.0
	7.71958155348e-06 28 700000.0
	6.99908387754e-06 29 700000.0
	1.64941242488e-06 30 700000.0
	1.69210483992e-06 31 700000.0
	1.73625395662e-06 32 700000.0
	2.3863203402e-05 15 800000.0
	2.13419942812e-05 16 800000.0
	1.92603558842e-05 17 800000.0
	1.75033863861e-05 18 800000.0
	1.59953011114e-05 19 800000.0
	1.46830357509e-05 20 800000.0
	1.35274672911e-05 21 800000.0
	1.2498476723e-05 22 800000.0
	1.1571975545e-05 23 800000.0
	1.07279487615e-05 24 800000.0
	9.94899719265e-06 25 800000.0
	9.21902672193e-06 26 800000.0
	8.5216988567e-06 27 800000.0
	7.83788914115e-06 28 800000.0
	7.13987067536e-06 29 800000.0
	1.71194658775e-06 30 800000.0
	1.73937328084e-06 31 800000.0
	1.77589843394e-06 32 800000.0
	2.40241280237e-05 15 900000.0
	2.14849815533e-05 16 900000.0
	1.93896714549e-05 17 900000.0
	1.76221880719e-05 18 900000.0
	1.61059983695e-05 19 900000.0
	1.47875393595e-05 20 900000.0
	1.36273662991e-05 21 900000.0
	1.25951715183e-05 22 900000.0
	1.16667898884e-05 23 900000.0
	1.08222421964e-05 24 900000.0
	1.00443050617e-05 25 900000.0
	9.3172756575e-06 26 900000.0
	8.62560564248e-06 27 900000.0
	7.95184196459e-06 28 900000.0
	7.27234745114e-06 29 900000.0
	6.54477100976e-06 30 900000.0
	1.81371234521e-06 31 900000.0
	1.83028074403e-06 32 900000.0
	2.41849776102e-05 15 1000000.0
	2.16278474974e-05 16 1000000.0
	1.95188152499e-05 17 1000000.0
	1.77407619055e-05 18 1000000.0
	1.62164037207e-05 19 1000000.0
	1.48916755819e-05 20 1000000.0
	1.37268059705e-05 21 1000000.0
	1.26912909639e-05 22 1000000.0
	1.17608769029e-05 23 1000000.0
	1.09156007116e-05 24 1000000.0
	1.01383802971e-05 25 1000000.0
	9.41383853854e-06 26 1000000.0
	8.72707905966e-06 27 1000000.0
	8.06198388225e-06 28 1000000.0
	7.39798575738e-06 29 1000000.0
	6.7016723683e-06 30 1000000.0
	5.89327631309e-06 31 1000000.0
	1.91330659427e-06 32 1000000.0
	2.43457565755e-05 15 1100000.0
	2.17705976222e-05 16 1100000.0
	1.96477941512e-05 17 1100000.0
	1.78591165406e-05 18 1100000.0
	1.63265281712e-05 19 1100000.0
	1.49954586337e-05 20 1100000.0
	1.38258050322e-05 21 1100000.0
	1.27868603407e-05 22 1100000.0
	1.18542717677e-05 23 1100000.0
	1.10080751571e-05 24 1100000.0
	1.02313000579e-05 25 1100000.0
	9.50884017196e-06 26 1100000.0
	8.82633949401e-06 27 1100000.0
	8.16875722542e-06 28 1100000.0
	7.5178764568e-06 29 1100000.0
	6.84647619432e-06 30 1100000.0
	6.09887100453e-06 31 1100000.0
	5.05598020975e-06 32 1100000.0
	2.45064692104e-05 15 1200000.0
	2.19132372624e-05 16 1200000.0
	1.97766147986e-05 17 1200000.0
	1.79772602949e-05 18 1200000.0
	1.64363822532e-05 19 1200000.0
	1.50989020509e-05 20 1200000.0
	1.39243812091e-05 21 1200000.0
	1.28819034032e-05 22 1200000.0
	1.19470072424e-05 23 1200000.0
	1.10997123489e-05 24 1200000.0
	1.03231343321e-05 25 1200000.0
	9.60239149922e-06 26 1200000.0
	8.92357726504e-06 27 1200000.0
	8.27252736872e-06 28 1200000.0
	7.63285418477e-06 29 1200000.0
	6.98177756806e-06 30 1200000.0
	6.27806691784e-06 31 1200000.0
	5.40479852125e-06 32 1200000.0
