
	76.2389385957 15 100000.0
	75.3544072065 16 100000.0
	74.4278715117 17 100000.0
	73.4494936815 18 100000.0
	72.410450312 19 100000.0
	71.3016287343 20 100000.0
	1.25931276597 21 100000.0
	1.18939955001 22 100000.0
	1.12786583264 23 100000.0
	1.07306117689 24 100000.0
	1.02380326488 25 100000.0
	0.979207664017 26 100000.0
	0.938589918937 27 100000.0
	0.90140607889 28 100000.0
	0.867214762998 29 100000.0
	0.835651875018 30 100000.0
	0.806413076105 31 100000.0
	0.77924121239 32 100000.0
	76.3289984636 15 200000.0
	75.4499895255 16 200000.0
	74.5300222925 17 200000.0
	73.5594784394 18 200000.0
	72.5298073092 19 200000.0
	71.4322763365 20 200000.0
	70.2568285897 21 200000.0
	68.9908494378 22 200000.0
	2.46320915708 23 200000.0
	2.31336951862 24 200000.0
	2.18535682123 25 200000.0
	2.07369589547 26 200000.0
	1.97485140208 27 200000.0
	1.88638202191 28 200000.0
	1.80651354771 29 200000.0
	1.73390479884 30 200000.0
	1.66751040642 31 200000.0
	1.60649574289 32 200000.0
	76.4183474483 15 300000.0
	75.5447576966 16 300000.0
	74.6312207122 17 300000.0
	73.6683262019 18 300000.0
	72.6477792354 19 300000.0
	71.5612008454 20 300000.0
	70.3990487243 21 300000.0
	69.14948305 22 300000.0
	67.7968721771 23 300000.0
	66.3194430858 24 300000.0
	3.5617910999 25 300000.0
	3.33526771285 26 300000.0
	3.14509133418 27 300000.0
	2.98120524019 28 300000.0
	2.83740034303 29 300000.0
	2.70953276083 30 300000.0
	2.59467250839 31 300000.0
	2.49065467226 32 300000.0
	76.5069984313 15 400000.0
	75.6387281387 16 400000.0
	74.7314883026 17 400000.0
	73.7760659725 18 400000.0
	72.7644062173 19 400000.0
	71.6884593902 20 400000.0
	70.5391588483 21 400000.0
	69.3053742437 22 400000.0
	67.9725707023 23 400000.0
	66.520754944 24 400000.0
	64.9209034538 25 400000.0
	63.1280020053 26 400000.0
	4.51562635304 27 400000.0
	4.2292972414 28 400000.0
	3.98971227051 29 400000.0
	3.78379123976 30 400000.0
	3.60347232533 31 400000.0
	3.44338717011 32 400000.0
	76.5949639158 15 500000.0
	75.7319167271 16 500000.0
	74.8308457939 17 500000.0
	73.8827255377 18 500000.0
	72.879726478 19 500000.0
	71.814106017 20 500000.0
	70.6772377972 21 500000.0
	69.458642365 22 500000.0
	68.1447794396 23 500000.0
	66.717244856 24 500000.0
	65.149715607 25 500000.0
	63.402180354 26 500000.0
	61.4085978158 27 500000.0
	5.7129322006 28 500000.0
	5.31364378414 29 500000.0
	4.98943944156 30 500000.0
	4.71634191031 31 500000.0
	4.48061893317 32 500000.0
	76.6822560425 15 600000.0
	75.8243388197 16 600000.0
	74.929313156 17 600000.0
	73.9883315385 18 600000.0
	72.993776462 19 600000.0
	71.9381919175 20 600000.0
	70.8133596437 21 600000.0
	69.609398426 22 600000.0
	68.3136721443 23 600000.0
	66.9092004106 24 600000.0
	65.3720325967 25 600000.0
	63.6664323933 26 600000.0
	61.7349760703 27 600000.0
	59.4747939789 28 600000.0
	6.90691333408 29 600000.0
	6.38209501334 30 600000.0
	5.96786003151 31 600000.0
	5.62518311003 32 600000.0
	76.7688866047 15 700000.0
	75.9160092799 16 700000.0
	75.0269096384 17 700000.0
	74.0929095358 18 700000.0
	73.1065909493 19 700000.0
	72.0607656359 20 700000.0
	70.947594091 21 700000.0
	69.7577458951 22 700000.0
	68.4794087958 23 700000.0
	67.0968821413 24 700000.0
	65.588308965 25 700000.0
	63.9216311536 26 700000.0
	62.0465687959 27 700000.0
	59.8763701869 28 700000.0
	57.2367281897 29 700000.0
	8.07143480227 30 700000.0
	7.41664037223 31 700000.0
	6.91200008199 32 700000.0
	76.8548670622 15 800000.0
	76.0069424998 16 800000.0
	75.1236538059 17 800000.0
	74.1964840715 18 800000.0
	73.218203161 19 800000.0
	72.1818732579 20 800000.0
	71.080006825 21 800000.0
	69.9037813945 22 800000.0
	68.6421370729 23 800000.0
	67.2805269397 24 800000.0
	65.7989495526 25 800000.0
	64.1685312959 26 800000.0
	62.3449731182 27 800000.0
	60.2543324208 28 800000.0
	57.7561476548 29 800000.0
	10.3428957416 30 800000.0
	9.17765880776 31 800000.0
	8.39946532099 32 800000.0
	76.940208555 15 900000.0
	76.0971524211 16 900000.0
	75.2195635734 17 900000.0
	74.2990787254 18 900000.0
	73.3286448556 19 900000.0
	72.3015585811 20 900000.0
	71.2106598315 21 900000.0
	70.0475953156 22 900000.0
	68.8019936331 23 900000.0
	67.460350937 24 900000.0
	66.0043167372 25 900000.0
	64.4077902625 26 900000.0
	62.6315239977 27 900000.0
	60.6119086325 28 900000.0
	58.2337464119 29 900000.0
	55.2455537708 30 900000.0
	11.5453522749 31 900000.0
	10.1992758882 32 900000.0
	77.0249219157 15 1000000.0
	76.1866525548 16 1000000.0
	75.3146562376 17 1000000.0
	74.4007161673 18 1000000.0
	73.4379464187 19 1000000.0
	72.4198632723 20 1000000.0
	71.339611681 21 1000000.0
	70.1892723664 22 1000000.0
	68.959105225 23 1000000.0
	67.6365519498 24 1000000.0
	66.2047363754 25 1000000.0
	64.6399848214 26 1000000.0
	62.9073503082 27 1000000.0
	60.9516686959 28 1000000.0
	58.6770707724 29 1000000.0
	55.8892434654 30 1000000.0
	52.057687807 31 1000000.0
	12.5816180235 32 1000000.0
	77.1090176818 15 1100000.0
	76.2754560006 16 1100000.0
	75.4089485067 17 1100000.0
	74.5014182065 18 1100000.0
	73.5461369447 19 1100000.0
	72.5368270095 20 1100000.0
	71.4669177869 21 1100000.0
	70.3288920582 22 1100000.0
	69.1135896619 23 1100000.0
	67.8093115692 24 1100000.0
	66.4005027203 25 1100000.0
	64.8656241707 26 1100000.0
	63.173416433 27 1100000.0
	61.275696641 28 1100000.0
	59.0916890007 29 1100000.0
	56.4673851371 30 1100000.0
	53.033888097 31 1100000.0
	47.1990423814 32 1100000.0
	77.1925061069 15 1200000.0
	76.363575464 16 1200000.0
	75.5024565291 17 1200000.0
	74.6012058367 18 1200000.0
	73.6532443133 19 1200000.0
	72.6524876133 20 1200000.0
	71.5926306383 21 1200000.0
	70.46652914 22 1200000.0
	69.2655566756 23 1200000.0
	67.9787969537 24 1200000.0
	66.591882522 25 1200000.0
	65.085160438 26 1200000.0
	63.4305536953 27 1200000.0
	61.5857091574 28 1200000.0
	59.4818431456 29 1200000.0
	56.9943871658 30 1200000.0
	53.8530633782 31 1200000.0
	49.2009647058 32 1200000.0
