
	-2560.20722768 15 100000.0
	-2071.19752935 16 100000.0
	-1589.99450821 17 100000.0
	-1113.4175787 18 100000.0
	-638.667644536 19 100000.0
	-163.017377413 20 100000.0
	22538.7479612 21 100000.0
	23074.3769728 22 100000.0
	23575.4088534 23 100000.0
	24048.2134971 24 100000.0
	24497.2059907 25 100000.0
	24925.5539973 26 100000.0
	25335.6154853 27 100000.0
	25729.2128014 28 100000.0
	26107.8056928 29 100000.0
	26472.6014681 30 100000.0
	26824.6259038 31 100000.0
	27164.7695538 32 100000.0
	-2575.06805442 15 200000.0
	-2087.04004666 16 200000.0
	-1607.07281412 17 200000.0
	-1131.98097649 18 200000.0
	-658.98738531 19 200000.0
	-185.416074221 20 200000.0
	291.470488153 21 200000.0
	774.653183703 22 200000.0
	20197.7034939 23 200000.0
	20749.6343734 24 200000.0
	21255.8113584 25 200000.0
	21727.5418428 26 200000.0
	22171.8970004 27 200000.0
	22593.5453264 28 200000.0
	22995.7248306 29 200000.0
	23380.7888084 30 200000.0
	23750.5243845 31 200000.0
	24106.3439393 32 200000.0
	-2589.80783867 15 300000.0
	-2102.73824345 16 300000.0
	-1623.97726771 17 300000.0
	-1150.33342068 18 300000.0
	-679.048851305 19 300000.0
	-207.494533497 20 300000.0
	266.987515994 21 300000.0
	747.253188661 22 300000.0
	1236.60332727 23 300000.0
	1739.18107503 24 300000.0
	19079.4003746 25 300000.0
	19633.1908122 26 300000.0
	20135.8988534 27 300000.0
	20601.3171792 28 300000.0
	21037.7545202 29 300000.0
	21450.5627626 30 300000.0
	21843.3887963 31 300000.0
	22218.8454273 32 300000.0
	-2604.42886945 15 400000.0
	-2118.29517545 16 400000.0
	-1640.71197175 17 400000.0
	-1168.48046667 18 400000.0
	-698.859672686 19 400000.0
	-229.263456894 20 400000.0
	242.893156145 21 400000.0
	720.351938992 22 400000.0
	1206.23540033 23 400000.0
	1704.3973798 24 400000.0
	2220.0213476 25 400000.0
	2760.76013192 26 400000.0
	18494.02633 27 400000.0
	19032.4855144 28 400000.0
	19521.2245172 29 400000.0
	19973.52554 30 400000.0
	20397.4183774 31 400000.0
	20798.1124102 32 400000.0
	-2618.93336152 15 500000.0
	-2133.7137906 16 500000.0
	-1657.28087065 17 500000.0
	-1186.427433 18 500000.0
	-718.427116732 19 500000.0
	-250.732972272 20 500000.0
	219.172910496 21 500000.0
	693.927938631 22 500000.0
	1176.49311881 23 500000.0
	1670.46409848 24 500000.0
	2180.58695723 25 500000.0
	2713.70782566 26 500000.0
	3280.76863666 27 500000.0
	17630.5758769 28 500000.0
	18206.2211246 29 500000.0
	18718.0803268 30 500000.0
	19185.5700339 31 500000.0
	19619.7548457 32 500000.0
	-2633.32345867 15 600000.0
	-2148.99693425 16 600000.0
	-1673.68775878 17 600000.0
	-1204.17941516 18 600000.0
	-737.758111417 19 600000.0
	-271.912675706 20 600000.0
	195.81314663 21 600000.0
	667.961170023 22 600000.0
	1147.34580426 23 600000.0
	1637.33150177 24 600000.0
	2142.28010731 25 600000.0
	2668.34813061 26 600000.0
	3225.09394817 27 600000.0
	3829.28940782 28 600000.0
	16955.227133 29 600000.0
	17565.8957801 30 600000.0
	18098.4287299 31 600000.0
	18578.9881155 32 600000.0
	-2647.60123685 15 700000.0
	-2164.14735404 16 700000.0
	-1689.93628827 17 700000.0
	-1221.74129835 18 700000.0
	-756.859267052 19 700000.0
	-292.811669626 20 700000.0
	172.801027329 21 700000.0
	642.432955841 22 700000.0
	1118.7651704 23 700000.0
	1604.95445944 24 700000.0
	2105.02360896 25 700000.0
	2624.53558095 26 700000.0
	3171.90089481 27 700000.0
	3761.31414128 28 700000.0
	4420.91239375 29 700000.0
	16424.3256407 30 700000.0
	17064.0812845 31 700000.0
	17612.8949413 32 700000.0
	-2661.76870712 15 800000.0
	-2179.16770447 16 800000.0
	-1706.02997629 17 800000.0
	-1239.11776935 18 800000.0
	-775.736896188 19 800000.0
	-313.438597498 20 800000.0
	150.12444731 21 800000.0
	617.32583691 22 800000.0
	1090.72507037 23 800000.0
	1573.29186728 24 800000.0
	2068.74857439 25 800000.0
	2582.14413387 26 800000.0
	3120.92739164 27 800000.0
	3697.24227151 28 800000.0
	4333.83343085 29 800000.0
	15157.578935 30 800000.0
	16012.8002903 31 800000.0
	16672.3645694 32 800000.0
	-2675.82781842 15 900000.0
	-2194.06055122 16 900000.0
	-1721.97221187 17 900000.0
	-1256.31332751 18 900000.0
	-794.397031945 19 900000.0
	-333.801675443 20 900000.0
	127.77197628 21 900000.0
	592.623464078 22 900000.0
	1063.20127731 23 900000.0
	1542.30616276 24 900000.0
	2033.39322181 25 900000.0
	2541.06373368 26 900000.0
	3071.95379171 27 900000.0
	3636.55119696 28 900000.0
	4253.56853048 29 900000.0
	4963.4821436 30 900000.0
	14826.762545 31 900000.0
	15703.1881869 32 900000.0
	-2689.78046027 15 1000000.0
	-2208.82837523 16 1000000.0
	-1737.76626223 17 1000000.0
	-1273.332295 18 1000000.0
	-812.845444912 19 1000000.0
	-353.908721099 20 1000000.0
	105.732807584 21 1000000.0
	568.310502135 22 1000000.0
	1036.17129314 23 1000000.0
	1511.96291305 24 1000000.0
	1998.90189276 25 1000000.0
	2501.19761922 26 1000000.0
	3024.79388613 27 1000000.0
	3578.82363548 28 1000000.0
	4178.90982929 29 1000000.0
	4856.42398479 30 1000000.0
	5696.5104129 31 1000000.0
	14610.3866907 32 1000000.0
	-2703.62846519 15 1100000.0
	-2223.47357651 16 1100000.0
	-1753.41527882 17 1100000.0
	-1290.17882631 18 1100000.0
	-831.087658763 19 1100000.0
	-373.767180029 20 1100000.0
	83.9967117637 21 1100000.0
	544.372544171 22 1100000.0
	1009.61418106 23 1100000.0
	1482.23046275 24 1100000.0
	1965.22423743 25 1100000.0
	2462.46018698 26 1100000.0
	2979.28821481 27 1100000.0
	3523.72025213 28 1100000.0
	4108.9632142 29 1100000.0
	4759.95631425 30 1100000.0
	5536.11422091 31 1100000.0
	6693.33019132 32 1100000.0
	-2717.37361114 15 1200000.0
	-2237.99847776 16 1200000.0
	-1768.92230287 17 1200000.0
	-1306.85691719 18 1200000.0
	-849.128964691 19 1200000.0
	-393.38414992 20 1200000.0
	62.5539944683 21 1200000.0
	520.796035017 22 1200000.0
	983.510418412 23 1200000.0
	1453.07963097 24 1200000.0
	1932.31453415 25 1200000.0
	2424.77527604 26 1200000.0
	2935.29900234 27 1200000.0
	3470.96078671 28 1200000.0
	4043.04547557 29 1200000.0
	4671.78505927 30 1200000.0
	5400.85004883 31 1200000.0
	6368.51748656 32 1200000.0
