
	1372901.46322 40 10000.0
	1476212.843 50 10000.0
	1579455.6484 60 10000.0
	1682688.76182 70 10000.0
	1786016.74092 80 10000.0
	1889631.3131 90 10000.0
	1369415.51839 40 60000.0
	1473751.92477 50 60000.0
	1577641.7286 60 60000.0
	1681306.55848 70 60000.0
	1784938.85507 80 60000.0
	1888778.12685 90 60000.0
	1365885.85363 40 110000.0
	1471273.60286 50 110000.0
	1575819.58529 60 110000.0
	1679920.1375 70 110000.0
	1783858.74477 80 110000.0
	1887923.79402 90 110000.0
	1362311.6361 40 160000.0
	1468778.08336 50 160000.0
	1573989.45046 60 160000.0
	1678529.66846 70 160000.0
	1782776.52709 80 160000.0
	1887068.39544 90 160000.0
	1358691.97102 40 210000.0
	1466265.57395 50 210000.0
	1572151.55648 60 210000.0
	1677135.32019 70 210000.0
	1781692.31817 80 210000.0
	1886212.01116 90 210000.0
	1355025.89728 40 260000.0
	1463736.28424 50 260000.0
	1570306.13614 60 260000.0
	1675737.26079 70 260000.0
	1780606.23322 80 260000.0
	1885354.72043 90 260000.0
	1351312.38268 40 310000.0
	1461190.4261 50 310000.0
	1568453.42282 60 310000.0
	1674335.65768 70 310000.0
	1779518.38658 80 310000.0
	1884496.60171 90 310000.0
	1347550.31867 40 360000.0
	1458628.214 50 360000.0
	1566593.6505 60 360000.0
	1672930.67756 70 360000.0
	1778428.89169 80 360000.0
	1883637.73273 90 360000.0
	1343738.51439 40 410000.0
	1456049.86534 50 410000.0
	1564727.05389 60 410000.0
	1671522.48651 70 410000.0
	1777337.86112 80 410000.0
	1882778.19042 90 410000.0
	1339875.69024 40 460000.0
	1453455.60075 50 460000.0
	1562853.86845 60 460000.0
	1670111.24993 70 460000.0
	1776245.40656 80 460000.0
	1881918.05097 90 460000.0
	1335960.47068 40 510000.0
	1450845.64437 50 510000.0
	1560974.33045 60 510000.0
	1668697.1326 70 510000.0
	1775151.63884 80 510000.0
	1881057.38982 90 510000.0
