
	0.0305185725595 40 10000.0
	0.0371894723331 50 10000.0
	0.0433093321776 60 10000.0
	0.048905832318 70 10000.0
	0.0541072131756 80 10000.0
	0.0590774142978 90 10000.0
	0.030934587866 40 60000.0
	0.0375275496322 50 60000.0
	0.0435962728302 60 60000.0
	0.0491564303435 70 60000.0
	0.0543306236081 80 60000.0
	0.0592797072155 90 60000.0
	0.0313495794239 40 110000.0
	0.0378626795091 50 110000.0
	0.0438802385288 60 110000.0
	0.0494043019465 70 110000.0
	0.0545515947499 80 110000.0
	0.0594798254422 90 110000.0
	0.0317638862073 40 160000.0
	0.0381949858594 50 160000.0
	0.0441613128078 60 160000.0
	0.049649509882 70 160000.0
	0.0547701759117 80 160000.0
	0.05967780876 90 160000.0
	0.0321778636239 40 210000.0
	0.0385245931876 50 210000.0
	0.0444395788028 60 210000.0
	0.0498921164179 70 210000.0
	0.0549864159701 80 210000.0
	0.0598736965871 90 210000.0
	0.0325918878168 40 260000.0
	0.03885162683 50 260000.0
	0.0447151193176 60 260000.0
	0.0501321833621 70 260000.0
	0.0552003633808 80 260000.0
	0.060067527986 90 260000.0
	0.0330063589988 40 310000.0
	0.039176213172 50 310000.0
	0.0449880168878 60 310000.0
	0.0503697720887 70 310000.0
	0.0554120661908 80 310000.0
	0.0602593416697 90 310000.0
	0.0334217047903 40 360000.0
	0.0394984798579 50 360000.0
	0.0452583538394 60 360000.0
	0.0506049435605 70 360000.0
	0.0556215720501 80 360000.0
	0.0604491760078 90 360000.0
	0.0338383837757 40 410000.0
	0.0398185559953 50 410000.0
	0.045526212343 60 410000.0
	0.0508377583509 70 410000.0
	0.0558289282215 80 410000.0
	0.0606370690333 90 410000.0
	0.034256889371 40 460000.0
	0.0401365723516 50 460000.0
	0.0457916744639 60 460000.0
	0.0510682766634 70 460000.0
	0.0560341815906 80 460000.0
	0.060823058447 90 460000.0
	0.0346777540688 40 510000.0
	0.0404526615443 50 510000.0
	0.0460548222081 60 510000.0
	0.0512965583495 70 510000.0
	0.0562373786745 80 510000.0
	0.0610071816232 90 510000.0
