
	0.0607044313522 40 10000.0
	0.0485287119939 50 10000.0
	0.0404266803361 60 10000.0
	0.0346450672942 70 10000.0
	0.0303112126493 80 10000.0
	0.0269415510881 90 10000.0
	0.366943919632 40 60000.0
	0.29227460991 50 60000.0
	0.243055418968 60 60000.0
	0.208102170957 70 60000.0
	0.181972932636 80 60000.0
	0.161690588201 90 60000.0
	0.677856584607 40 110000.0
	0.53788952241 50 110000.0
	0.446518128161 60 110000.0
	0.381947875544 70 110000.0
	0.333811282315 80 110000.0
	0.296508423095 90 110000.0
	0.993645526944 40 160000.0
	0.785416523827 50 160000.0
	0.650825884314 60 160000.0
	0.556185128841 70 160000.0
	0.485826876982 80 160000.0
	0.431394988215 90 160000.0
	1.31452228088 40 210000.0
	1.03489833714 50 210000.0
	0.855989271614 60 210000.0
	0.730816605824 70 210000.0
	0.638020190288 80 210000.0
	0.566350141124 90 210000.0
	1.64070746178 40 260000.0
	1.28637731213 50 260000.0
	1.06201837656 60 260000.0
	0.905844709647 70 260000.0
	0.790391555853 80 260000.0
	0.701373665703 90 260000.0
	1.97243146901 40 310000.0
	1.53989540015 50 310000.0
	1.26892278199 60 310000.0
	1.08127157254 70 310000.0
	0.942941168859 80 310000.0
	0.836465273337 90 310000.0
	2.3099352517 40 360000.0
	1.79549412553 50 360000.0
	1.4767115607 60 360000.0
	1.25709905665 70 360000.0
	1.09566908762 80 360000.0
	0.971624604098 90 360000.0
	2.65347114572 40 410000.0
	2.05321455369 50 410000.0
	1.68539326863 60 410000.0
	1.43332875487 70 410000.0
	1.24857523515 80 410000.0
	1.10685122791 90 410000.0
	3.00330379151 40 460000.0
	2.31309725593 50 460000.0
	1.89497593777 60 460000.0
	1.60996199159 70 460000.0
	1.4016594007 80 460000.0
	1.24214464569 90 460000.0
	3.35971114327 40 510000.0
	2.57518227096 50 510000.0
	2.10546706872 60 510000.0
	1.78699982346 70 510000.0
	1.5549212413 80 510000.0
	1.37750429052 90 510000.0
