
	523.910859155 40 10000.0
	584.595260892 50 10000.0
	636.095684989 60 10000.0
	678.566712601 70 10000.0
	713.620301059 80 10000.0
	743.944480373 90 10000.0
	522.500090716 40 60000.0
	583.981119348 50 60000.0
	635.899800588 60 60000.0
	678.600120114 70 60000.0
	713.783547433 80 60000.0
	744.185615976 90 60000.0
	521.089002014 40 110000.0
	583.375579889 50 110000.0
	635.712057662 60 110000.0
	678.64000253 70 110000.0
	713.95177345 80 110000.0
	744.430583087 90 110000.0
	519.678606502 40 160000.0
	582.779378676 50 160000.0
	635.532860012 60 160000.0
	678.686589264 70 160000.0
	714.125118152 80 160000.0
	744.679471199 90 160000.0
	518.269946335 40 210000.0
	582.193255916 50 210000.0
	635.362607276 60 210000.0
	678.74010535 70 210000.0
	714.303717239 80 210000.0
	744.932367421 90 210000.0
	516.864094273 40 260000.0
	581.617955822 50 260000.0
	635.201694825 60 260000.0
	678.800771424 70 260000.0
	714.487703092 80 260000.0
	745.189356496 90 260000.0
	515.462155867 40 310000.0
	581.054226569 50 310000.0
	635.05051366 60 310000.0
	678.868803706 70 310000.0
	714.677204785 80 310000.0
	745.450520826 90 310000.0
	514.065271998 40 360000.0
	580.502820239 50 360000.0
	634.909450304 60 360000.0
	678.944413987 70 360000.0
	714.872348101 80 360000.0
	745.715940492 90 360000.0
	512.674621845 40 410000.0
	579.964492772 50 410000.0
	634.778886698 60 410000.0
	679.027809609 70 410000.0
	715.07325555 80 410000.0
	745.985693277 90 410000.0
	511.291426371 40 460000.0
	579.440003914 50 460000.0
	634.659200091 60 460000.0
	679.119193453 70 460000.0
	715.280046382 80 460000.0
	746.259854686 90 460000.0
	509.916952434 40 510000.0
	578.930117169 50 510000.0
	634.550762929 60 510000.0
	679.218763921 70 510000.0
	715.492836608 80 510000.0
	746.538497969 90 510000.0
