
	503079.196876 40 10000.0
	565429.392853 50 10000.0
	629145.686925 60 10000.0
	696135.069697 70 10000.0
	768638.72644 80 10000.0
	848555.574004 90 10000.0
	500861.143978 40 60000.0
	563742.778212 50 60000.0
	627799.512887 60 60000.0
	695022.634347 70 60000.0
	767695.736542 80 60000.0
	847740.750861 90 60000.0
	498617.433619 40 110000.0
	562047.324992 50 110000.0
	626449.926613 60 110000.0
	693908.899374 70 110000.0
	766752.362641 80 110000.0
	846925.964046 90 110000.0
	496347.089082 40 160000.0
	560342.9179 50 160000.0
	625096.931119 60 160000.0
	692793.88319 70 160000.0
	765808.621515 80 160000.0
	846111.226547 90 160000.0
	494049.082533 40 210000.0
	558629.442444 50 210000.0
	623740.531069 60 210000.0
	691677.604999 70 210000.0
	764864.530287 80 210000.0
	845296.551488 90 210000.0
	491722.331262 40 260000.0
	556906.785012 50 260000.0
	622380.732794 60 260000.0
	690560.084795 70 260000.0
	763920.106409 80 260000.0
	844481.952126 90 260000.0
	489365.693611 40 310000.0
	555174.832977 50 310000.0
	621017.54431 60 310000.0
	689441.343352 70 310000.0
	762975.367658 80 310000.0
	843667.441841 90 310000.0
	486977.964552 40 360000.0
	553433.474793 50 360000.0
	619650.975326 60 360000.0
	688321.402215 70 360000.0
	762030.332125 80 360000.0
	842853.034134 90 360000.0
	484557.870881 40 410000.0
	551682.600113 50 410000.0
	618281.037266 60 410000.0
	687200.28369 70 410000.0
	761085.018211 80 410000.0
	842038.742624 90 410000.0
	482104.066005 40 460000.0
	549922.099905 50 460000.0
	616907.74328 60 460000.0
	686078.010838 70 460000.0
	760139.444614 80 460000.0
	841224.581034 90 460000.0
	479615.124278 40 510000.0
	548151.866588 50 510000.0
	615531.108259 60 510000.0
	684954.60746 70 510000.0
	759193.630319 80 510000.0
	840410.563196 90 510000.0
