
	667805.013288 40 10000.0
	771486.375733 50 10000.0
	876502.504361 60 10000.0
	984774.50974 70 10000.0
	1098550.41222 80 10000.0
	1219732.79859 90 10000.0
	664313.033374 40 60000.0
	768962.066681 50 60000.0
	874594.675577 60 60000.0
	983289.454161 70 60000.0
	1097371.66526 80 60000.0
	1218785.4599 90 60000.0
	660786.140659 40 110000.0
	766427.815593 50 110000.0
	872684.391426 60 110000.0
	981804.531796 70 110000.0
	1096193.97203 80 110000.0
	1217839.46098 90 110000.0
	657223.217582 40 160000.0
	763883.632186 50 160000.0
	870771.757999 60 160000.0
	980319.831149 70 160000.0
	1095017.39668 80 160000.0
	1216894.84766 90 160000.0
	653623.083084 40 210000.0
	761329.528242 50 210000.0
	868856.882779 60 210000.0
	978835.440787 70 210000.0
	1093842.00296 80 210000.0
	1215951.66531 90 210000.0
	649984.487956 40 260000.0
	758765.517721 50 260000.0
	866939.874638 60 260000.0
	977351.449316 70 260000.0
	1092667.85427 80 260000.0
	1215009.95881 90 260000.0
	646306.109821 40 310000.0
	756191.61688 50 310000.0
	865020.843832 60 310000.0
	975867.945364 70 310000.0
	1091495.01357 80 310000.0
	1214069.77262 90 310000.0
	642586.547712 40 360000.0
	753607.844398 50 360000.0
	863099.901985 60 360000.0
	974385.017562 70 360000.0
	1090323.54343 80 360000.0
	1213131.15069 90 360000.0
	638824.316236 40 410000.0
	751014.221519 50 410000.0
	861177.162085 60 410000.0
	972902.75452 70 410000.0
	1089153.50597 80 410000.0
	1212194.13653 90 410000.0
	635017.839286 40 460000.0
	748410.772197 50 460000.0
	859252.738473 60 460000.0
	971421.244808 70 460000.0
	1087984.96292 80 460000.0
	1211258.77317 90 460000.0
	631165.443287 40 510000.0
	745797.523261 50 510000.0
	857326.746827 60 510000.0
	969940.576936 70 510000.0
	1086817.97553 80 510000.0
	1210325.10316 90 510000.0
