
	0.0307405656521 40 10000.0
	0.0373260669361 50 10000.0
	0.0441852672251 60 10000.0
	0.0518522784577 70 10000.0
	0.0605036685268 80 10000.0
	0.0700822986139 90 10000.0
	0.0309869171426 40 60000.0
	0.0375191105158 50 60000.0
	0.0443433528493 60 60000.0
	0.0519855550326 70 60000.0
	0.0606184068144 80 60000.0
	0.0701826507002 90 60000.0
	0.0312382319005 40 110000.0
	0.0377143213468 50 110000.0
	0.0445026474042 60 110000.0
	0.0521195983947 70 110000.0
	0.0607336820189 80 110000.0
	0.0702834087952 90 110000.0
	0.0314948227279 40 160000.0
	0.0379117888017 50 160000.0
	0.0446631921681 60 160000.0
	0.0522544320141 70 160000.0
	0.0608495092891 80 160000.0
	0.0703845834926 90 160000.0
	0.0317570200509 40 210000.0
	0.0381116033823 50 210000.0
	0.0448250281295 60 210000.0
	0.0523900789643 70 210000.0
	0.0609659034422 80 210000.0
	0.0704861851288 90 210000.0
	0.0320251742665 40 260000.0
	0.0383138566934 50 260000.0
	0.0449881959592 60 260000.0
	0.0525265619113 70 260000.0
	0.061082878961 80 260000.0
	0.0705882237822 90 260000.0
	0.0322996576777 40 310000.0
	0.0385186414105 50 310000.0
	0.0451527359814 60 310000.0
	0.0526639031024 70 310000.0
	0.0612004499895 80 310000.0
	0.0706907092723 90 310000.0
	0.0325808664752 40 360000.0
	0.0387260512432 50 360000.0
	0.0453186881441 60 360000.0
	0.0528021243548 70 360000.0
	0.0613186303297 80 360000.0
	0.0707936511593 90 360000.0
	0.032869222871 40 410000.0
	0.0389361808915 50 410000.0
	0.0454860919877 60 410000.0
	0.0529412470447 70 410000.0
	0.061437433438 80 410000.0
	0.0708970587429 90 410000.0
	0.0331651774317 40 460000.0
	0.0391491259973 50 460000.0
	0.0456549866126 60 460000.0
	0.0530812920949 70 460000.0
	0.0615568724212 80 460000.0
	0.071000941062 90 460000.0
	0.0334692116502 40 510000.0
	0.0393649830883 50 510000.0
	0.045825410646 60 510000.0
	0.0532222799639 70 510000.0
	0.0616769600336 80 510000.0
	0.071105306894 90 510000.0
