
	0.0607069384619 40 10000.0
	0.0485302650764 50 10000.0
	0.0404274282943 60 10000.0
	0.0346453000273 70 10000.0
	0.0303111421363 80 10000.0
	0.0269413081879 90 10000.0
	0.367080492138 40 60000.0
	0.292370178494 50 60000.0
	0.243116596557 60 60000.0
	0.208140499967 70 60000.0
	0.181996909005 80 60000.0
	0.161705580322 90 60000.0
	0.678305956851 40 110000.0
	0.538211840456 50 110000.0
	0.446728690411 60 110000.0
	0.382082906486 70 110000.0
	0.333898320263 80 110000.0
	0.296565104558 90 110000.0
	0.994554018002 40 160000.0
	0.786083514355 50 160000.0
	0.651267376605 60 160000.0
	0.556471515477 70 160000.0
	0.48601377628 80 160000.0
	0.431518521554 90 160000.0
	1.31600385574 40 210000.0
	1.036013375 50 210000.0
	0.856735988991 60 210000.0
	0.731305135461 70 210000.0
	0.638341580934 80 210000.0
	0.566564421133 90 210000.0
	1.64284378167 40 260000.0
	1.28802948731 50 260000.0
	1.06313752183 60 260000.0
	0.906582387633 70 260000.0
	0.790879942725 80 260000.0
	0.701701343242 90 260000.0
	1.9752719375 40 310000.0
	1.54215978378 50 310000.0
	1.27047462312 60 310000.0
	1.08230170599 70 310000.0
	0.943626975908 80 310000.0
	0.836927778913 90 310000.0
	2.31349706223 40 360000.0
	1.79843204058 50 360000.0
	1.47874958802 60 360000.0
	1.25846133757 70 360000.0
	1.09658070167 80 360000.0
	0.972242171232 90 360000.0
	2.65773933571 40 410000.0
	2.05687385227 50 410000.0
	1.68796435227 60 410000.0
	1.43505934271 70 410000.0
	1.2497390493 80 410000.0
	1.10764291631 90 410000.0
	3.00823130663 40 460000.0
	2.31751260507 50 460000.0
	1.89812048577 60 460000.0
	1.61209359549 70 460000.0
	1.40309985745 80 460000.0
	1.24312836428 90 460000.0
	3.36521891434 40 510000.0
	2.58037544859 50 510000.0
	2.10921918617 60 510000.0
	1.78956178417 70 510000.0
	1.55666087536 80 510000.0
	1.37869682023 90 510000.0
