
	471.363018975 33 100000.0
	486.287498272 35 100000.0
	500.680173582 37 100000.0
	514.588051726 39 100000.0
	466.301757378 33 200000.0
	482.023453944 35 200000.0
	497.071311725 37 200000.0
	511.527028638 39 200000.0
	461.065296838 33 300000.0
	477.674129671 35 300000.0
	493.430112323 37 300000.0
	508.465534166 39 300000.0
	455.627887773 33 400000.0
	473.23587323 35 400000.0
	489.761750848 37 400000.0
	505.411937855 39 400000.0
	449.95325175 33 500000.0
	468.702722108 35 500000.0
	486.071427167 37 500000.0
	502.375179923 39 500000.0
	443.989678713 33 600000.0
	464.065685615 35 600000.0
	482.364414299 37 600000.0
	499.364905091 39 600000.0
	437.661991564 33 700000.0
	459.311830444 35 700000.0
	478.646191309 37 700000.0
	496.391661969 39 700000.0
	430.857446187 33 800000.0
	454.423137955 35 800000.0
	474.922732676 37 800000.0
	493.467202495 39 800000.0
	423.398608365 33 900000.0
	449.375144947 35 900000.0
	471.201083812 37 900000.0
	490.604933469 39 900000.0
	414.983999009 33 1000000.0
	444.135552606 35 1000000.0
	467.490460426 37 1000000.0
	487.820599449 39 1000000.0
	405.030135657 33 1100000.0
	438.663613661 35 1100000.0
	463.804320399 37 1100000.0
	485.133318652 39 1100000.0
	392.07597765 33 1200000.0
	432.913434896 35 1200000.0
	460.164285156 37 1200000.0
	482.567160173 39 1200000.0
