
	10695.0051896 33 100000.0
	10649.2336058 35 100000.0
	10612.5434374 37 100000.0
	10583.4891841 39 100000.0
	11140.869128 33 200000.0
	11028.3697226 35 200000.0
	10940.1538393 37 200000.0
	10870.0219783 39 200000.0
	11668.429297 33 300000.0
	11461.0250523 35 300000.0
	11304.2672337 37 300000.0
	11182.2566666 39 300000.0
	12303.9939249 33 400000.0
	11960.5223613 35 400000.0
	11712.0501791 37 400000.0
	11524.2236826 39 400000.0
	13086.2659854 33 500000.0
	12544.8344666 35 500000.0
	12172.5763708 37 500000.0
	11900.7835728 39 500000.0
	14074.7101566 33 600000.0
	13238.7837929 35 600000.0
	12697.4835142 37 600000.0
	12317.8384168 39 600000.0
	15365.8933773 33 700000.0
	14077.6168278 35 700000.0
	13301.9124851 37 700000.0
	12782.6057515 39 700000.0
	17128.5051764 33 800000.0
	15113.0690984 35 800000.0
	14005.8758427 37 800000.0
	13303.9749998 39 800000.0
	19688.3733222 33 900000.0
	16424.1969316 35 900000.0
	14836.2925332 37 900000.0
	13892.9722843 39 900000.0
	23775.0036662 33 1000000.0
	18137.9512573 35 1000000.0
	15830.0763498 37 1000000.0
	14563.3657142 39 1000000.0
	31468.198344 33 1100000.0
	20471.2979803 35 1100000.0
	17038.918369 37 1100000.0
	15332.4473583 39 1100000.0
	52479.3056947 33 1200000.0
	23825.7708297 35 1200000.0
	18536.8138679 37 1200000.0
	16222.023422 39 1200000.0
