
	4482.56366325 33 100000.0
	4436.34241793 35 100000.0
	4398.45158199 37 100000.0
	4366.9658806 39 100000.0
	4898.07320628 33 200000.0
	4788.62268828 35 200000.0
	4701.64515326 37 200000.0
	4631.04358904 39 200000.0
	5387.81375867 33 300000.0
	5190.55784463 35 300000.0
	5039.36032713 37 300000.0
	4919.85374292 39 300000.0
	5975.90311781 33 400000.0
	5654.44384381 35 400000.0
	5418.25589099 37 400000.0
	5237.16448406 39 400000.0
	6698.21330046 33 500000.0
	6197.00335302 35 500000.0
	5846.81343917 37 500000.0
	5587.54028607 39 500000.0
	7610.47413648 33 600000.0
	6841.52726362 35 600000.0
	6335.98116748 37 600000.0
	5976.55084835 39 600000.0
	8804.18552396 33 700000.0
	7621.37097545 35 700000.0
	6900.09851269 37 700000.0
	6411.04314741 39 700000.0
	10440.8911531 33 800000.0
	8585.91180456 35 800000.0
	7558.24915504 37 800000.0
	6899.49720822 39 800000.0
	12835.7696566 33 900000.0
	9811.22964303 35 900000.0
	8336.2805028 37 900000.0
	7452.49237374 39 900000.0
	16701.0978405 33 1000000.0
	11420.4654242 35 1000000.0
	9269.88034502 37 1000000.0
	8083.31760854 39 1000000.0
	24084.8713708 33 1100000.0
	13625.636582 35 1100000.0
	10409.3581006 37 1100000.0
	8808.76439607 39 1100000.0
	44623.3353093 33 1200000.0
	16821.7915578 35 1200000.0
	11827.1976344 37 1200000.0
	9650.13758482 39 1200000.0
