
	454552.947732 33 100000.0
	467317.326136 35 100000.0
	480040.425669 37 100000.0
	492731.741725 39 100000.0
	448653.923689 33 200000.0
	461874.535817 35 200000.0
	474988.685397 37 200000.0
	488020.185162 39 200000.0
	442438.177543 33 300000.0
	456202.355723 35 300000.0
	469766.139031 37 300000.0
	483178.649316 39 300000.0
	435846.793335 33 400000.0
	450267.670519 35 400000.0
	464353.318869 37 400000.0
	478195.313026 39 400000.0
	428802.319103 33 500000.0
	444029.62547 35 500000.0
	458727.316806 37 500000.0
	473056.772474 39 500000.0
	421199.709747 33 600000.0
	437436.939746 35 600000.0
	452860.910606 37 600000.0
	467747.745439 39 600000.0
	412890.762766 33 700000.0
	430423.931809 35 700000.0
	446721.401438 37 700000.0
	462250.709519 39 700000.0
	403655.311514 33 800000.0
	422904.433094 35 800000.0
	440269.044421 37 800000.0
	456545.458714 39 800000.0
	393142.363971 33 900000.0
	414762.078882 35 900000.0
	433454.896826 37 900000.0
	450608.560096 39 900000.0
	380731.799422 33 1000000.0
	405834.040032 35 1000000.0
	426217.821287 37 1000000.0
	444412.690693 39 1000000.0
	365130.969231 33 1100000.0
	395882.086119 35 1100000.0
	418480.249787 37 1100000.0
	437925.836414 39 1100000.0
	342616.795873 33 1200000.0
	384537.195906 35 1200000.0
	410142.125794 37 1200000.0
	431110.345076 39 1200000.0
