
	587119.17201 33 100000.0
	608461.724146 35 100000.0
	629722.135224 37 100000.0
	650916.973276 39 100000.0
	577554.063545 33 200000.0
	599718.534749 35 200000.0
	621683.630349 37 200000.0
	643491.151797 39 200000.0
	567529.549378 33 300000.0
	590648.670854 35 300000.0
	613407.127748 37 300000.0
	635888.761982 39 300000.0
	556962.744279 33 400000.0
	581207.195218 35 400000.0
	604867.462711 37 400000.0
	628095.50251 39 400000.0
	545744.387216 33 500000.0
	571338.454277 35 500000.0
	596034.872455 37 500000.0
	620095.053484 39 500000.0
	533726.045838 33 600000.0
	560972.394741 35 600000.0
	586873.84523 37 600000.0
	611868.707997 39 600000.0
	520698.220745 33 700000.0
	550019.14772 35 700000.0
	577341.603619 37 700000.0
	603394.928702 39 700000.0
	506350.007898 33 800000.0
	538360.792684 35 800000.0
	567386.079789 37 800000.0
	594648.815342 39 800000.0
	490187.097756 33 900000.0
	525838.321359 35 900000.0
	556943.176203 37 900000.0
	585601.469017 39 900000.0
	471340.222832 33 1000000.0
	512229.989408 35 1000000.0
	545933.011045 37 1000000.0
	576219.242018 39 1000000.0
	448010.372889 33 1100000.0
	497213.214023 35 1100000.0
	534254.714498 37 1100000.0
	566462.872347 39 1100000.0
	415074.738296 33 1200000.0
	480292.591667 35 1200000.0
	521779.174949 37 1200000.0
	556286.527969 39 1200000.0
