
	0.0263812482683 33 100000.0
	0.0277971292533 35 100000.0
	0.0291764632062 37 100000.0
	0.0305238914086 39 100000.0
	0.027040024533 33 200000.0
	0.0284072389383 35 200000.0
	0.0297451140162 37 200000.0
	0.0310566658103 39 200000.0
	0.0277529390423 33 300000.0
	0.0290587789764 35 300000.0
	0.0303463261255 37 300000.0
	0.0316155710141 39 300000.0
	0.0285333271709 33 400000.0
	0.0297599058879 35 400000.0
	0.0309854075451 37 400000.0
	0.032204231442 39 400000.0
	0.029399692722 33 500000.0
	0.0305210505313 35 500000.0
	0.0316687629809 37 500000.0
	0.0328268349255 39 500000.0
	0.0303788651047 33 600000.0
	0.0313558811044 35 600000.0
	0.0324042277296 37 600000.0
	0.0334882576676 39 600000.0
	0.0315119333194 33 700000.0
	0.0322828222864 35 700000.0
	0.0332015339069 37 700000.0
	0.0341942230827 39 700000.0
	0.0328663877812 33 800000.0
	0.0333275527154 35 800000.0
	0.034072975676 37 800000.0
	0.0349515061735 39 800000.0
	0.0345638657518 33 900000.0
	0.034527305169 35 900000.0
	0.0350343775233 37 900000.0
	0.0357681982754 39 900000.0
	0.0368540711998 33 1000000.0
	0.0359386770675 35 1000000.0
	0.0361065308381 37 1000000.0
	0.0366540509807 39 1000000.0
	0.0403641556391 33 1100000.0
	0.0376527307637 35 1100000.0
	0.0373173620947 37 1100000.0
	0.0376209217787 39 1100000.0
	0.0474107449583 33 1200000.0
	0.0398263955565 35 1200000.0
	0.038705245057 37 1200000.0
	0.0386833448609 39 1200000.0
