	1.66993628887e-06 33 100000.0
	1.76362625709e-06 35 100000.0
	1.85507204469e-06 37 100000.0
	1.94447319865e-06 39 100000.0
	1.68122780585e-06 33 200000.0
	1.77554844936e-06 35 200000.0
	1.86733169931e-06 37 200000.0
	1.95686764902e-06 39 200000.0
	1.69465412603e-06 33 300000.0
	1.78929361731e-06 35 300000.0
	1.88115889608e-06 37 300000.0
	1.97061933593e-06 39 300000.0
	1.71063185011e-06 33 400000.0
	1.80514565007e-06 35 400000.0
	1.89675278319e-06 37 400000.0
	1.9858712642e-06 39 400000.0
	1.72971546647e-06 33 500000.0
	1.82345956446e-06 35 500000.0
	1.91435134036e-06 37 500000.0
	2.00278852801e-06 39 500000.0
	1.75266872331e-06 33 600000.0
	1.84468804899e-06 35 600000.0
	1.93424219551e-06 37 600000.0
	2.02156298061e-06 39 600000.0
	1.7805904041e-06 33 700000.0
	1.86942187639e-06 35 700000.0
	1.95677751664e-06 37 700000.0
	2.04241920092e-06 39 700000.0
	1.81515381697e-06 33 800000.0
	1.89845383264e-06 35 800000.0
	1.98239492483e-06 37 800000.0
	2.06562219248e-06 39 800000.0
	1.85911232437e-06 33 900000.0
	1.93288455267e-06 35 900000.0
	2.01164750379e-06 37 900000.0
	2.09148741339e-06 39 900000.0
	1.91753373264e-06 33 1000000.0
	1.97430763813e-06 35 1000000.0
	2.04524788751e-06 37 1000000.0
	2.12039396214e-06 39 1000000.0
	2.00157855722e-06 33 1100000.0
	2.02515617745e-06 35 1100000.0
	2.08413469684e-06 37 1100000.0
	2.15280205066e-06 39 1100000.0
	2.14614211234e-06 33 1200000.0
	2.08940929918e-06 35 1200000.0
	2.12957538607e-06 37 1200000.0
	2.18927629489e-06 39 1200000.0
