
	0.754339957593 33 100000.0
	0.708494289603 35 100000.0
	0.668084298992 37 100000.0
	0.632170266586 39 100000.0
	1.55158869666 33 200000.0
	1.45091553894 35 200000.0
	1.36337349638 37 200000.0
	1.28641381943 39 200000.0
	2.39824694221 33 300000.0
	2.2313739109 35 300000.0
	2.08854034409 37 300000.0
	1.96450644141 39 300000.0
	3.30262031452 33 400000.0
	3.05484536408 35 400000.0
	2.84668851877 37 400000.0
	2.66844225733 39 400000.0
	4.27562132317 33 500000.0
	3.92745738599 35 500000.0
	3.64146020687 37 500000.0
	3.4004750094 39 500000.0
	5.33208509976 33 600000.0
	4.8569052506 35 600000.0
	4.47717977136 37 600000.0
	4.16316953031 39 600000.0
	6.49305728117 33 700000.0
	5.8530769368 35 700000.0
	5.35904851095 37 700000.0
	4.95946631079 39 700000.0
	7.79008096977 33 800000.0
	6.92902498263 35 800000.0
	6.29341297715 37 800000.0
	5.79276289535 39 800000.0
	9.27407356277 33 900000.0
	8.10254272135 35 900000.0
	7.28814106523 37 900000.0
	6.66701686181 39 900000.0
	11.0365014903 33 1000000.0
	9.39885405281 35 1000000.0
	8.35315887666 37 1000000.0
	7.58687629674 39 1000000.0
	13.2722962696 33 1100000.0
	10.8554994181 35 1100000.0
	9.50123157772 37 1100000.0
	8.55784476446 39 1100000.0
	16.561331441 33 1200000.0
	12.5319308689 35 1200000.0
	10.7491196613 37 1200000.0
	9.58648819825 39 1200000.0
