
	27479.3516208 33 100000.0
	28107.2680391 35 100000.0
	28697.9964177 37 100000.0
	29255.8908304 39 100000.0
	24438.8791406 33 200000.0
	25090.9958463 35 200000.0
	25701.3170768 37 200000.0
	26275.3479392 39 200000.0
	22572.9987533 33 300000.0
	23253.2288228 35 300000.0
	23885.6111452 37 300000.0
	24477.3978805 39 300000.0
	21178.6587149 33 400000.0
	21892.0353722 35 400000.0
	22549.4979761 37 400000.0
	23160.9466715 39 400000.0
	20033.1964672 33 500000.0
	20786.3359804 35 500000.0
	21472.6196955 37 500000.0
	22105.9912452 39 500000.0
	19034.6159816 33 600000.0
	19836.4503579 35 600000.0
	20556.2590957 37 600000.0
	21214.25804 39 600000.0
	18124.8023476 33 700000.0
	18987.8003836 35 700000.0
	19747.1515731 37 700000.0
	20433.0433376 39 700000.0
	17263.7368288 33 800000.0
	18206.0774259 35 800000.0
	19012.8261868 37 800000.0
	19730.5938274 39 800000.0
	16417.1119865 33 900000.0
	17466.905945 35 900000.0
	18331.5574965 37 900000.0
	19086.114162 39 900000.0
	15545.9928442 33 1000000.0
	16750.5601038 35 1000000.0
	17687.5835287 37 1000000.0
	18485.0645509 39 1000000.0
	14587.9076073 33 1100000.0
	16038.4647681 35 1100000.0
	17068.529567 37 1100000.0
	17916.6996096 39 1100000.0
	13383.9628399 33 1200000.0
	15309.8126619 35 1200000.0
	16463.8433447 37 1200000.0
	17372.6707252 39 1200000.0
